,index,Unnamed: 0,USPS,GEOID,ALAND_SQMI,TRACT_LAT,TRACT_LONG,State_x,Hospital,Designation,HOSPITAL_LONG,HOSPITAL_LAT,CT_dist,Unnamed: 0.1,Year,Name Returned,Tract,State,County,Geographical ID,Total Population,Pop. Male,Pop. Female,Median Age All,Pop. Over 65 Years,Pop. Race,Pop. AmInd or Alaska Alone,Pop. Asian Alone,Pop. Black or AfrAm Alone,Pop. Hawaiian or PacIsl Alone,Pop. Other Race Alone,Pop. White Alone,Two or more races,Pop. Hispanic or Latino,Pop. Not Hispanic or Latino,Median Income Last 12 Months,Pop. w Poverty Status,"Income Less than $10,000","Income $10,000-14,999","Income $15,000-24,999","Income $25,000-34,999","Income $35,000-49,999","Income $50,000-64,999","Income $65,000-74,999","Income Over $75,000",Insurance Surveyed,Insured,Noninsured,state,county,tract,POPDENSITY,DISTANCE_ROAD,DISTANCE_TIME
0,21041,21277,GA,13051011103,15.585,31.975147399999997,-80.9006411,South Carolina,Medical University of South Carolina Medical Center,Comprehensive Stroke Center,-79.94676,32.78565,127.0237144,381,2018,"Census Tract 111.03, Chatham County, Georgia",11103,13,51,13051011103,3583,1845,1738,50.5,805,3493.0,0.0,0.0,64.0,0.0,0.0,3429.0,90.0,8.0,3421.0,42413.0,3480.0,364.0,250.0,436.0,265.0,327.0,385.0,148.0,684.0,3480,2826,654,13,51,11103,229.9005454,193851.18600000013,203
1,21122,21361,GA,13051011108,7.0329999999999995,31.991505,-80.946048,South Carolina,Medical University of South Carolina Medical Center,Comprehensive Stroke Center,-79.94676,32.78565,128.82533,140,2018,"Census Tract 111.08, Chatham County, Georgia",11108,13,51,13051011108,3086,1535,1551,44.4,482,2923.0,39.0,51.0,123.0,0.0,22.0,2688.0,110.0,135.0,2553.0,39386.0,3003.0,187.0,110.0,301.0,361.0,437.0,278.0,128.0,429.0,3077,2828,249,13,51,11108,438.7885682,184644.4340000001,206
2,21139,21379,GA,13051011107,17.279,32.0490864,-80.95868709999999,South Carolina,Medical University of South Carolina Medical Center,Comprehensive Stroke Center,-79.94676,32.78565,125.4251264,139,2018,"Census Tract 111.07, Chatham County, Georgia",11107,13,51,13051011107,3554,1566,1988,45.1,853,3503.0,0.0,148.0,45.0,1.0,0.0,3309.0,38.0,166.0,3146.0,41017.0,3507.0,245.0,110.0,319.0,396.0,268.0,324.0,202.0,622.0,3547,3095,452,13,51,11107,205.6831993,181844.54400000005,189
3,21160,21400,GA,13051011104,2.457,32.0196721,-80.97083719999999,South Carolina,Medical University of South Carolina Medical Center,Comprehensive Stroke Center,-79.94676,32.78565,128.4398013,1745,2018,"Census Tract 111.04, Chatham County, Georgia",11104,13,51,13051011104,5530,2785,2745,40.5,998,5036.0,0.0,70.0,136.0,0.0,319.0,4511.0,385.0,466.0,4401.0,35533.0,5380.0,792.0,198.0,599.0,471.0,704.0,424.0,212.0,775.0,5454,5164,290,13,51,11104,2250.7122510000004,182937.7420000001,193
4,21165,21405,GA,13051011109,8.137,31.973226300000004,-80.9724603,South Carolina,Medical University of South Carolina Medical Center,Comprehensive Stroke Center,-79.94676,32.78565,132.0319057,141,2018,"Census Tract 111.09, Chatham County, Georgia",11109,13,51,13051011109,6775,3275,3500,46.6,1496,6674.0,0.0,403.0,143.0,0.0,0.0,6128.0,45.0,86.0,6042.0,41980.0,6659.0,502.0,296.0,622.0,585.0,812.0,669.0,334.0,1152.0,6719,6557,162,13,51,11109,832.6164434,187205.95400000009,200
5,21240,21481,GA,13051011106,4.614,32.025608399999996,-81.0116446,South Carolina,Medical University of South Carolina Medical Center,Comprehensive Stroke Center,-79.94676,32.78565,130.91666429999998,138,2018,"Census Tract 111.06, Chatham County, Georgia",11106,13,51,13051011106,5500,2632,2868,35.0,629,5355.0,0.0,371.0,190.0,5.0,86.0,4703.0,74.0,531.0,4258.0,44954.0,5429.0,639.0,317.0,331.0,224.0,378.0,655.0,157.0,889.0,5500,4802,698,13,51,11106,1192.024274,180959.30100000004,187
6,21263,21504,GA,13051011006,12.15,31.9585795,-81.0218001,South Carolina,Medical University of South Carolina Medical Center,Comprehensive Stroke Center,-79.94676,32.78565,136.5545079,137,2018,"Census Tract 110.06, Chatham County, Georgia",11006,13,51,13051011006,4169,1937,2232,66.7,2266,4158.0,0.0,38.0,141.0,0.0,53.0,3926.0,11.0,102.0,3857.0,43519.0,4137.0,327.0,303.0,401.0,379.0,540.0,326.0,122.0,1060.0,4142,4133,9,13,51,11006,343.12757200000004,191114.2710000001,174
7,21280,21521,GA,13051011005,28.531,31.8872946,-81.0281552,South Carolina,Medical University of South Carolina Medical Center,Comprehensive Stroke Center,-79.94676,32.78565,142.43938480000003,136,2018,"Census Tract 110.05, Chatham County, Georgia",11005,13,51,13051011005,4706,2267,2439,65.1,2369,4698.0,0.0,154.0,46.0,0.0,0.0,4498.0,8.0,77.0,4421.0,53176.0,4706.0,414.0,431.0,404.0,370.0,240.0,368.0,190.0,1461.0,4706,4633,73,13,51,11005,164.94339490000002,187648.6060000001,171
8,21283,21524,GA,13051010101,4.015,32.0795428,-81.0301041,South Carolina,Medical University of South Carolina Medical Center,Comprehensive Stroke Center,-79.94676,32.78565,128.49745,363,2018,"Census Tract 101.01, Chatham County, Georgia",10101,13,51,13051010101,894,386,508,23.5,149,835.0,2.0,0.0,495.0,0.0,0.0,338.0,47.0,3.0,335.0,21008.0,880.0,198.0,40.0,69.0,68.0,32.0,40.0,6.0,100.0,894,788,106,13,51,10101,222.6650062,174719.51400000002,170
9,21323,21564,GA,13051003601,1.281,32.0619461,-81.0482825,South Carolina,Medical University of South Carolina Medical Center,Comprehensive Stroke Center,-79.94676,32.78565,131.0508618,387,2018,"Census Tract 36.01, Chatham County, Georgia",3601,13,51,13051003601,3793,1638,2155,29.2,271,3550.0,0.0,0.0,2930.0,0.0,105.0,515.0,214.0,87.0,491.0,22103.0,3739.0,445.0,359.0,447.0,411.0,458.0,138.0,57.0,65.0,3793,3057,736,13,51,3601,2960.967994,172993.704,175
10,21336,21577,GA,13051010102,3.29,32.023324,-81.051857,South Carolina,Medical University of South Carolina Medical Center,Comprehensive Stroke Center,-79.94676,32.78565,133.9941307,1749,2018,"Census Tract 101.02, Chatham County, Georgia",10102,13,51,13051010102,4408,2062,2346,29.9,624,4259.0,8.0,97.0,2084.0,0.0,63.0,2007.0,95.0,113.0,1963.0,22083.0,3512.0,881.0,246.0,580.0,269.0,458.0,264.0,113.0,326.0,4278,3419,859,13,51,10102,1339.817629,176122.42700000003,174
11,21346,21587,GA,13051003602,1.097,32.0485293,-81.0567866,South Carolina,Medical University of South Carolina Medical Center,Comprehensive Stroke Center,-79.94676,32.78565,132.60208559999998,372,2018,"Census Tract 36.02, Chatham County, Georgia",3602,13,51,13051003602,5020,2296,2724,32.4,463,4873.0,6.0,0.0,3588.0,18.0,23.0,1238.0,38.0,236.0,1090.0,20255.0,4911.0,1091.0,370.0,585.0,539.0,479.0,374.0,17.0,103.0,4999,3637,1362,13,51,3602,4576.116682,173390.086,168
12,21358,21599,GA,13051011004,7.58,31.9734729,-81.06042159999998,South Carolina,Medical University of South Carolina Medical Center,Comprehensive Stroke Center,-79.94676,32.78565,138.18015259999999,380,2018,"Census Tract 110.04, Chatham County, Georgia",11004,13,51,13051011004,3552,1664,1888,46.6,800,3477.0,0.0,33.0,19.0,11.0,0.0,3414.0,42.0,38.0,3376.0,55599.0,3519.0,251.0,189.0,171.0,267.0,254.0,365.0,114.0,930.0,3552,3345,207,13,51,11004,468.6015831,181904.75900000005,169
13,21373,21614,GA,13051003700,0.675,32.0654414,-81.0660863,South Carolina,Medical University of South Carolina Medical Center,Comprehensive Stroke Center,-79.94676,32.78565,132.1423995,1756,2018,"Census Tract 37, Chatham County, Georgia",3700,13,51,13051003700,2213,990,1223,32.8,239,2125.0,22.0,23.0,1469.0,0.0,11.0,600.0,43.0,107.0,511.0,19601.0,2168.0,337.0,267.0,348.0,175.0,212.0,120.0,25.0,48.0,2213,1653,560,13,51,3700,3278.518519,171804.699,168
14,21376,21617,GA,13051003800,0.741,32.0269646,-81.0669546,South Carolina,Medical University of South Carolina Medical Center,Comprehensive Stroke Center,-79.94676,32.78565,134.8451595,373,2018,"Census Tract 38, Chatham County, Georgia",3800,13,51,13051003800,2937,1238,1699,23.4,313,2830.0,0.0,17.0,2480.0,0.0,10.0,323.0,100.0,21.0,323.0,13642.0,2119.0,876.0,227.0,253.0,332.0,206.0,105.0,15.0,104.0,2937,2418,519,13,51,3800,3963.562753,175586.92200000002,165
15,21377,21618,GA,13051010200,1.145,31.9968174,-81.0678485,South Carolina,Medical University of South Carolina Medical Center,Comprehensive Stroke Center,-79.94676,32.78565,137.033923,389,2018,"Census Tract 102, Chatham County, Georgia",10200,13,51,13051010200,4985,2395,2590,36.7,695,4891.0,37.0,27.0,2719.0,0.0,0.0,2108.0,66.0,179.0,1938.0,27019.0,4751.0,803.0,266.0,528.0,588.0,699.0,336.0,105.0,331.0,4805,4216,589,13,51,10200,4353.71179,178675.49500000005,165
16,21384,21625,GA,13051002200,0.852,32.052376,-81.0707688,South Carolina,Medical University of South Carolina Medical Center,Comprehensive Stroke Center,-79.94676,32.78565,133.3778589,361,2018,"Census Tract 22, Chatham County, Georgia",2200,13,51,13051002200,4322,1879,2443,34.5,671,4235.0,0.0,15.0,3292.0,0.0,19.0,909.0,52.0,149.0,832.0,19706.0,4247.0,677.0,483.0,667.0,540.0,280.0,158.0,125.0,163.0,4301,3547,754,13,51,2200,5072.769953,172122.274,163
17,21398,21640,GA,13051003502,1.137,32.0307029,-81.07603780000001,South Carolina,Medical University of South Carolina Medical Center,Comprehensive Stroke Center,-79.94676,32.78565,135.25528319999998,371,2018,"Census Tract 35.02, Chatham County, Georgia",3502,13,51,13051003502,3753,1900,1853,33.3,506,3657.0,0.0,91.0,1979.0,60.0,23.0,1504.0,19.0,62.0,1465.0,20092.0,3623.0,596.0,512.0,559.0,307.0,306.0,220.0,119.0,131.0,3753,2969,784,13,51,3502,3300.791557,174752.15200000003,159
18,21402,21644,GA,13051003900,1.396,32.0106917,-81.07804920000001,South Carolina,Medical University of South Carolina Medical Center,Comprehensive Stroke Center,-79.94676,32.78565,136.7961041,390,2018,"Census Tract 39, Chatham County, Georgia",3900,13,51,13051003900,3556,1868,1688,37.2,671,3553.0,5.0,8.0,2192.0,0.0,0.0,1348.0,3.0,125.0,1223.0,18077.0,3337.0,634.0,405.0,517.0,272.0,210.0,176.0,102.0,158.0,3487,2946,541,13,51,3900,2547.2779370000003,176957.92300000004,158
19,21411,21653,GA,13051002100,0.284,32.058506,-81.0807397,South Carolina,Medical University of South Carolina Medical Center,Comprehensive Stroke Center,-79.94676,32.78565,133.70859140000002,383,2018,"Census Tract 21, Chatham County, Georgia",2100,13,51,13051002100,2157,1021,1136,38.4,349,2108.0,0.0,2.0,1718.0,2.0,0.0,386.0,12.0,5.0,386.0,20664.0,2113.0,448.0,194.0,345.0,175.0,208.0,132.0,34.0,144.0,2157,1716,441,13,51,2100,7595.070423,170680.865,157
20,21413,21655,GA,13051001100,0.611,32.0672876,-81.08106490000002,South Carolina,Medical University of South Carolina Medical Center,Comprehensive Stroke Center,-79.94676,32.78565,133.1439968,382,2018,"Census Tract 11, Chatham County, Georgia",1100,13,51,13051001100,1850,879,971,30.8,180,1813.0,6.0,128.0,1045.0,0.0,18.0,616.0,21.0,61.0,588.0,20673.0,1808.0,332.0,189.0,272.0,192.0,181.0,80.0,24.0,91.0,1850,1345,505,13,51,1100,3027.823241,169637.809,152
21,21418,21660,GA,13051003501,0.809,32.034768199999995,-81.0841313,South Carolina,Medical University of South Carolina Medical Center,Comprehensive Stroke Center,-79.94676,32.78565,135.5748656,386,2018,"Census Tract 35.01, Chatham County, Georgia",3501,13,51,13051003501,2610,927,1683,35.3,346,2450.0,0.0,79.0,1790.0,0.0,8.0,573.0,77.0,53.0,544.0,15879.0,2513.0,732.0,181.0,272.0,224.0,255.0,70.0,37.0,100.0,2605,2088,517,13,51,3501,3226.2051920000004,173764.40100000004,151
22,21419,21661,GA,13051002700,0.36200000000000004,32.0518472,-81.08430190000001,South Carolina,Medical University of South Carolina Medical Center,Comprehensive Stroke Center,-79.94676,32.78565,134.4248091,370,2018,"Census Tract 27, Chatham County, Georgia",2700,13,51,13051002700,3247,1663,1584,39.4,563,3213.0,34.0,0.0,2563.0,0.0,47.0,569.0,23.0,116.0,555.0,20445.0,3236.0,607.0,270.0,578.0,374.0,308.0,105.0,94.0,156.0,3247,2722,525,13,51,2700,8969.61326,171531.19799999997,155
23,21421,21663,GA,13051003000,0.465,32.0444057,-81.085655,South Carolina,Medical University of South Carolina Medical Center,Comprehensive Stroke Center,-79.94676,32.78565,135.0303371,362,2018,"Census Tract 30, Chatham County, Georgia",3000,13,51,13051003000,1828,878,950,37.9,244,1773.0,0.0,44.0,86.0,2.0,55.0,1586.0,33.0,144.0,1530.0,41344.0,1806.0,263.0,68.0,101.0,203.0,210.0,229.0,68.0,337.0,1828,1604,224,13,51,3000,3931.182796,172462.612,164
24,21424,21666,GA,13051002000,0.22,32.0607071,-81.0889828,South Carolina,Medical University of South Carolina Medical Center,Comprehensive Stroke Center,-79.94676,32.78565,134.1804432,1747,2018,"Census Tract 20, Chatham County, Georgia",2000,13,51,13051002000,1362,775,587,34.5,149,1289.0,0.0,15.0,784.0,0.0,34.0,456.0,56.0,72.0,419.0,19882.0,1340.0,273.0,139.0,232.0,134.0,147.0,77.0,13.0,38.0,1348,914,434,13,51,2000,6190.9090909999995,170263.15399999998,153
25,21427,21669,GA,13051000300,0.444,32.0783398,-81.09032990000001,South Carolina,Medical University of South Carolina Medical Center,Comprehensive Stroke Center,-79.94676,32.78565,133.1121527,366,2018,"Census Tract 3, Chatham County, Georgia",300,13,51,13051000300,1534,699,835,26.8,230,1506.0,0.0,69.0,146.0,0.0,29.0,1262.0,28.0,137.0,1154.0,33500.0,1099.0,341.0,70.0,141.0,80.0,205.0,151.0,22.0,224.0,1509,1321,188,13,51,300,3454.9549549999997,168125.71,146
26,21429,21671,GA,13051000900,0.102,32.0717555,-81.0917023,South Carolina,Medical University of South Carolina Medical Center,Comprehensive Stroke Center,-79.94676,32.78565,133.6507753,367,2018,"Census Tract 9, Chatham County, Georgia",900,13,51,13051000900,1060,550,510,55.5,448,1027.0,0.0,41.0,177.0,0.0,0.0,809.0,22.0,25.0,796.0,30652.0,1047.0,149.0,126.0,119.0,71.0,76.0,62.0,32.0,229.0,1057,937,120,13,51,900,10392.15686,168556.66600000003,140
27,21432,21674,GA,13051001500,0.099,32.0666817,-81.0930321,South Carolina,Medical University of South Carolina Medical Center,Comprehensive Stroke Center,-79.94676,32.78565,134.08774920000002,360,2018,"Census Tract 15, Chatham County, Georgia",1500,13,51,13051001500,1223,589,634,33.5,174,1176.0,0.0,24.0,326.0,0.0,0.0,826.0,39.0,26.0,809.0,16776.0,1213.0,338.0,144.0,104.0,163.0,88.0,15.0,33.0,106.0,1223,1018,205,13,51,1500,12353.53535,169271.27300000002,146
28,21433,21675,GA,13051002600,0.185,32.054159000000006,-81.09312840000001,South Carolina,Medical University of South Carolina Medical Center,Comprehensive Stroke Center,-79.94676,32.78565,134.931195,395,2018,"Census Tract 26, Chatham County, Georgia",2600,13,51,13051002600,1812,736,1076,31.8,252,1768.0,0.0,37.0,1074.0,0.0,4.0,653.0,13.0,55.0,625.0,22071.0,1781.0,231.0,188.0,342.0,167.0,163.0,142.0,36.0,78.0,1807,1417,390,13,51,2600,9794.594595,170945.75799999997,149
29,21439,21681,GA,13051011200,0.261,32.070143300000005,-81.09777530000001,South Carolina,Medical University of South Carolina Medical Center,Comprehensive Stroke Center,-79.94676,32.78565,134.21775380000003,142,2018,"Census Tract 112, Chatham County, Georgia",11200,13,51,13051011200,1589,670,919,32.8,305,1563.0,0.0,76.0,168.0,0.0,6.0,1313.0,26.0,192.0,1152.0,38654.0,1465.0,188.0,161.0,131.0,139.0,106.0,155.0,34.0,346.0,1582,1427,155,13,51,11200,6088.122605,168487.916,138
30,21442,21684,GA,13051011300,0.245,32.0622457,-81.0982166,South Carolina,Medical University of South Carolina Medical Center,Comprehensive Stroke Center,-79.94676,32.78565,134.77443469999997,143,2018,"Census Tract 113, Chatham County, Georgia",11300,13,51,13051011300,2383,1210,1173,28.3,174,2302.0,0.0,46.0,1034.0,0.0,17.0,1205.0,24.0,81.0,1136.0,21378.0,2326.0,358.0,193.0,366.0,294.0,204.0,88.0,18.0,190.0,2383,1843,540,13,51,11300,9726.530612,169493.10300000003,145
31,21445,21687,GA,13051002900,0.614,32.0448982,-81.09895300000001,South Carolina,Medical University of South Carolina Medical Center,Comprehensive Stroke Center,-79.94676,32.78565,135.99160969999997,1743,2018,"Census Tract 29, Chatham County, Georgia",2900,13,51,13051002900,3039,1421,1618,42.1,475,2907.0,0.0,0.0,269.0,0.0,0.0,2638.0,76.0,87.0,2577.0,41953.0,2976.0,307.0,138.0,193.0,386.0,289.0,214.0,196.0,689.0,3039,2727,312,13,51,2900,4949.511401,171771.327,156
32,21446,21688,GA,13051004001,2.1,32.0169061,-81.09975190000002,South Carolina,Medical University of South Carolina Medical Center,Comprehensive Stroke Center,-79.94676,32.78565,137.9608692,391,2018,"Census Tract 40.01, Chatham County, Georgia",4001,13,51,13051004001,4505,1986,2519,43.3,1092,4299.0,9.0,201.0,988.0,0.0,206.0,2895.0,27.0,298.0,2803.0,33830.0,4240.0,331.0,367.0,514.0,350.0,529.0,336.0,81.0,528.0,4415,3949,466,13,51,4001,2145.2380949999997,175474.36000000002,149
33,21447,21689,GA,13051004002,2.552,32.0006956,-81.1000011,South Carolina,Medical University of South Carolina Medical Center,Comprehensive Stroke Center,-79.94676,32.78565,139.1045709,1752,2018,"Census Tract 40.02, Chatham County, Georgia",4002,13,51,13051004002,3349,1614,1735,36.5,570,3147.0,26.0,94.0,980.0,0.0,7.0,2040.0,144.0,96.0,1951.0,25106.0,3151.0,576.0,297.0,383.0,386.0,370.0,246.0,84.0,182.0,3189,2772,417,13,51,4002,1312.304075,177343.59300000005,158
34,21448,21690,GA,13051011003,8.414,31.953527299999998,-81.10069490000001,South Carolina,Medical University of South Carolina Medical Center,Comprehensive Stroke Center,-79.94676,32.78565,142.50700469999998,379,2018,"Census Tract 110.03, Chatham County, Georgia",11003,13,51,13051011003,6688,3259,3429,42.6,1029,6567.0,10.0,199.0,930.0,0.0,71.0,5357.0,99.0,449.0,4970.0,31387.0,6621.0,592.0,530.0,936.0,788.0,826.0,559.0,133.0,773.0,6652,5540,1112,13,51,11003,794.8657,183037.8690000001,166
35,21449,21691,GA,13051011400,0.312,32.0561791,-81.1010266,South Carolina,Medical University of South Carolina Medical Center,Comprehensive Stroke Center,-79.94676,32.78565,135.3906571,144,2018,"Census Tract 114, Chatham County, Georgia",11400,13,51,13051011400,1959,1070,889,27.6,234,1904.0,7.0,58.0,708.0,0.0,13.0,1118.0,55.0,155.0,1004.0,17133.0,1948.0,400.0,241.0,415.0,188.0,100.0,110.0,11.0,73.0,1959,1436,523,13,51,11400,6278.846154,170205.13299999997,144
36,21454,21696,GA,13051003400,1.261,32.033066600000005,-81.1029305,South Carolina,Medical University of South Carolina Medical Center,Comprehensive Stroke Center,-79.94676,32.78565,137.0903031,385,2018,"Census Tract 34, Chatham County, Georgia",3400,13,51,13051003400,4384,1991,2393,40.1,824,4298.0,10.0,117.0,2028.0,3.0,7.0,2133.0,63.0,152.0,2040.0,27604.0,3965.0,723.0,355.0,472.0,569.0,501.0,324.0,110.0,330.0,4222,3645,577,13,51,3400,3476.605868,173220.85800000004,141
37,21457,21699,GA,13051000100,0.44799999999999995,32.082333500000004,-81.103942,South Carolina,Medical University of South Carolina Medical Center,Comprehensive Stroke Center,-79.94676,32.78565,133.888175,368,2018,"Census Tract 1, Chatham County, Georgia",100,13,51,13051000100,1733,545,1188,18.9,0,1541.0,0.0,78.0,968.0,0.0,0.0,495.0,152.0,136.0,413.0,4298.0,880.0,694.0,79.0,85.0,25.0,0.0,9.0,0.0,20.0,1733,1496,237,13,51,100,3868.303571,167693.183,130
38,21463,21706,GA,13051004100,0.951,31.980764100000002,-81.10813879999999,South Carolina,Medical University of South Carolina Medical Center,Comprehensive Stroke Center,-79.94676,32.78565,141.0995073,388,2018,"Census Tract 41, Chatham County, Georgia",4100,13,51,13051004100,2171,1045,1126,36.3,374,2103.0,1.0,45.0,447.0,0.0,119.0,1491.0,43.0,230.0,1391.0,30702.0,2112.0,204.0,212.0,258.0,179.0,251.0,258.0,57.0,189.0,2137,1847,290,13,51,4100,2282.860147,179853.80600000004,166
39,21465,21708,GA,13051001200,0.623,32.065001,-81.108689,South Carolina,Medical University of South Carolina Medical Center,Comprehensive Stroke Center,-79.94676,32.78565,135.3852719,1746,2018,"Census Tract 12, Chatham County, Georgia",1200,13,51,13051001200,2285,1016,1269,19.5,127,2184.0,0.0,0.0,2159.0,0.0,0.0,25.0,5.0,19.0,16.0,11570.0,2189.0,505.0,165.0,161.0,137.0,97.0,29.0,12.0,7.0,2285,1815,470,13,51,1200,3667.736758,168739.52000000002,138
40,21470,21713,GA,13051002800,0.474,32.049231,-81.10924990000001,South Carolina,Medical University of South Carolina Medical Center,Comprehensive Stroke Center,-79.94676,32.78565,136.4746321,1748,2018,"Census Tract 28, Chatham County, Georgia",2800,13,51,13051002800,2516,1055,1461,32.0,339,2417.0,0.0,68.0,1831.0,0.0,19.0,499.0,62.0,81.0,459.0,14803.0,2113.0,615.0,324.0,413.0,261.0,126.0,28.0,40.0,43.0,2508,1805,703,13,51,2800,5308.016878,170723.76599999997,148
41,21474,21717,GA,13051002300,0.24,32.0577195,-81.1112837,South Carolina,Medical University of South Carolina Medical Center,Comprehensive Stroke Center,-79.94676,32.78565,136.0633331,369,2018,"Census Tract 23, Chatham County, Georgia",2300,13,51,13051002300,1740,813,927,38.4,267,1717.0,16.0,23.0,1576.0,0.0,8.0,94.0,9.0,13.0,94.0,23116.0,1720.0,200.0,155.0,303.0,209.0,191.0,53.0,43.0,58.0,1740,1284,456,13,51,2300,7250.0,169850.682,136
42,21477,21720,GA,13051000601,1.375,32.0796728,-81.11664909999999,South Carolina,Medical University of South Carolina Medical Center,Comprehensive Stroke Center,-79.94676,32.78565,135.0334373,359,2018,"Census Tract 6.01, Chatham County, Georgia",601,13,51,13051000601,5052,2322,2730,28.1,617,4963.0,0.0,48.0,3894.0,0.0,131.0,890.0,89.0,212.0,794.0,11197.0,3737.0,1435.0,472.0,456.0,323.0,194.0,144.0,39.0,101.0,4767,3677,1090,13,51,601,3674.181818,168334.659,133
43,21479,21722,GA,13051004210,1.1320000000000001,31.991257399999995,-81.1173289,South Carolina,Medical University of South Carolina Medical Center,Comprehensive Stroke Center,-79.94676,32.78565,141.03570109999998,129,2018,"Census Tract 42.10, Chatham County, Georgia",4210,13,51,13051004210,4888,2357,2531,29.9,424,4526.0,0.0,196.0,3046.0,0.0,10.0,1274.0,241.0,133.0,1188.0,24223.0,4767.0,610.0,350.0,714.0,489.0,566.0,191.0,54.0,205.0,4882,3968,914,13,51,4210,4318.021201,177917.61300000004,160
44,21487,21730,GA,13051004400,0.6709999999999999,32.0383576,-81.1207502,South Carolina,Medical University of South Carolina Medical Center,Comprehensive Stroke Center,-79.94676,32.78565,138.0684243,393,2018,"Census Tract 44, Chatham County, Georgia",4400,13,51,13051004400,2190,801,1389,33.7,326,2122.0,0.0,10.0,2068.0,3.0,0.0,41.0,35.0,25.0,37.0,15127.0,2157.0,475.0,246.0,327.0,171.0,135.0,38.0,4.0,57.0,2171,1824,347,13,51,4400,3263.785395,172557.297,146
45,21494,21739,GA,13051003301,0.536,32.0723374,-81.1249954,South Carolina,Medical University of South Carolina Medical Center,Comprehensive Stroke Center,-79.94676,32.78565,136.1483481,1744,2018,"Census Tract 33.01, Chatham County, Georgia",3301,13,51,13051003301,1820,871,949,40.4,309,1705.0,0.0,0.0,1705.0,0.0,0.0,0.0,115.0,8.0,0.0,19291.0,1820.0,336.0,229.0,385.0,270.0,168.0,41.0,5.0,36.0,1820,1480,340,13,51,3301,3395.5223880000003,169898.848,131
46,21499,21745,GA,13051004209,1.5659999999999998,31.972696399999997,-81.126552,South Carolina,Medical University of South Carolina Medical Center,Comprehensive Stroke Center,-79.94676,32.78565,143.0116599,128,2018,"Census Tract 42.09, Chatham County, Georgia",4209,13,51,13051004209,3381,1706,1675,31.9,286,3275.0,17.0,56.0,1617.0,0.0,87.0,1498.0,24.0,313.0,1364.0,23259.0,3299.0,567.0,301.0,467.0,540.0,270.0,137.0,47.0,192.0,3381,2503,878,13,51,4209,2159.003831,182680.46900000007,157
47,21500,21746,GA,13051003302,0.607,32.065107,-81.1270475,South Carolina,Medical University of South Carolina Medical Center,Comprehensive Stroke Center,-79.94676,32.78565,136.7758896,384,2018,"Census Tract 33.02, Chatham County, Georgia",3302,13,51,13051003302,1813,705,1108,47.6,476,1793.0,0.0,0.0,1785.0,0.0,0.0,8.0,20.0,0.0,8.0,19861.0,1813.0,298.0,206.0,343.0,144.0,154.0,85.0,24.0,104.0,1813,1606,207,13,51,3302,2986.820428,170845.137,146
48,21509,21755,GA,13051004500,2.398,32.049029499999996,-81.1314223,South Carolina,Medical University of South Carolina Medical Center,Comprehensive Stroke Center,-79.94676,32.78565,138.1645186,375,2018,"Census Tract 45, Chatham County, Georgia",4500,13,51,13051004500,4438,2176,2262,41.3,643,4362.0,28.0,0.0,4139.0,0.0,11.0,184.0,28.0,253.0,54.0,16989.0,4388.0,756.0,529.0,658.0,394.0,348.0,71.0,68.0,112.0,4438,3513,925,13,51,4500,1850.7089239999998,172463.85,139
49,21514,21760,GA,13051011600,1.203,32.0902725,-81.1332105,South Carolina,Medical University of South Carolina Medical Center,Comprehensive Stroke Center,-79.94676,32.78565,135.62842719999998,146,2018,"Census Tract 116, Chatham County, Georgia",11600,13,51,13051011600,2298,1150,1148,31.6,323,2245.0,0.0,0.0,2139.0,13.0,50.0,43.0,0.0,50.0,43.0,22368.0,2245.0,301.0,216.0,365.0,306.0,158.0,80.0,9.0,93.0,2298,1743,555,13,51,11600,1910.224439,170674.726,135
50,21515,21761,GA,13051011500,62.08,31.830801,-81.1355054,South Carolina,Medical University of South Carolina Medical Center,Comprehensive Stroke Center,-79.94676,32.78565,154.0906847,145,2018,"Census Tract 115, Chatham County, Georgia",11500,13,51,13051011500,2611,1358,1253,46.7,634,2416.0,0.0,0.0,567.0,0.0,0.0,1849.0,178.0,75.0,1774.0,35493.0,2594.0,213.0,184.0,275.0,271.0,292.0,252.0,27.0,413.0,2611,2234,377,13,51,11500,42.05863402,210874.94700000007,169
51,21521,21767,GA,13051004207,0.753,31.9966229,-81.13764,South Carolina,Medical University of South Carolina Medical Center,Comprehensive Stroke Center,-79.94676,32.78565,142.1635699,1753,2018,"Census Tract 42.07, Chatham County, Georgia",4207,13,51,13051004207,3538,1555,1983,33.4,673,3404.0,0.0,19.0,2071.0,4.0,0.0,1310.0,114.0,133.0,1197.0,23906.0,3454.0,519.0,350.0,438.0,378.0,420.0,222.0,79.0,138.0,3413,2921,492,13,51,4207,4698.539177000001,179194.428,160
52,21533,21779,GA,13051004208,1.173,31.9853784,-81.14276740000001,South Carolina,Medical University of South Carolina Medical Center,Comprehensive Stroke Center,-79.94676,32.78565,143.3182776,374,2018,"Census Tract 42.08, Chatham County, Georgia",4208,13,51,13051004208,4934,2178,2756,34.8,773,4585.0,6.0,175.0,2304.0,9.0,211.0,1880.0,328.0,497.0,1642.0,23858.0,4833.0,724.0,426.0,871.0,815.0,534.0,278.0,78.0,126.0,4847,3943,904,13,51,4208,4206.30861,180119.28800000003,154
53,21534,21780,GA,13051004211,1.3980000000000001,31.969992600000005,-81.1428835,South Carolina,Medical University of South Carolina Medical Center,Comprehensive Stroke Center,-79.94676,32.78565,144.39681169999997,130,2018,"Census Tract 42.11, Chatham County, Georgia",4211,13,51,13051004211,5228,2438,2790,35.9,823,4957.0,19.0,181.0,2131.0,46.0,63.0,2517.0,203.0,292.0,2374.0,22722.0,4515.0,975.0,493.0,760.0,551.0,670.0,304.0,144.0,251.0,5117,4165,952,13,51,4211,3739.62804,181099.23000000004,151
54,21541,21787,GA,13051004300,8.58,32.0155607,-81.14483,South Carolina,Medical University of South Carolina Medical Center,Comprehensive Stroke Center,-79.94676,32.78565,141.4101442,392,2018,"Census Tract 43, Chatham County, Georgia",4300,13,51,13051004300,3036,1772,1264,21.5,15,2640.0,33.0,74.0,738.0,19.0,36.0,1740.0,312.0,524.0,1306.0,25105.0,2151.0,319.0,99.0,416.0,443.0,236.0,91.0,33.0,51.0,1948,1899,49,13,51,4300,353.8461538,177350.71400000004,150
55,21559,21805,GA,13051010601,2.295,32.1081248,-81.15388229999999,South Carolina,Medical University of South Carolina Medical Center,Comprehensive Stroke Center,-79.94676,32.78565,136.1202392,1750,2018,"Census Tract 106.01, Chatham County, Georgia",10601,13,51,13051010601,3922,1704,2218,35.3,781,3832.0,9.0,174.0,1910.0,0.0,0.0,1739.0,54.0,287.0,1465.0,22518.0,3875.0,588.0,249.0,790.0,318.0,424.0,258.0,131.0,71.0,3922,3297,625,13,51,10601,1708.9324620000002,169591.433,132
56,21579,21825,GA,13051004212,2.375,31.9696272,-81.16169659999998,South Carolina,Medical University of South Carolina Medical Center,Comprehensive Stroke Center,-79.94676,32.78565,145.80630980000004,131,2018,"Census Tract 42.12, Chatham County, Georgia",4212,13,51,13051004212,5719,2736,2983,28.2,736,5543.0,30.0,320.0,1734.0,0.0,87.0,3372.0,118.0,378.0,3115.0,18398.0,4298.0,1522.0,383.0,594.0,493.0,484.0,345.0,114.0,420.0,5638,4876,762,13,51,4212,2408.0,183275.63900000008,149
57,21587,21833,GA,13051010502,5.528,32.0289953,-81.16709490000001,South Carolina,Medical University of South Carolina Medical Center,Comprehensive Stroke Center,-79.94676,32.78565,142.1943553,1754,2018,"Census Tract 105.02, Chatham County, Georgia",10502,13,51,13051010502,3833,1562,2271,30.3,350,3795.0,16.0,0.0,3034.0,0.0,0.0,745.0,29.0,18.0,727.0,24546.0,3814.0,582.0,206.0,448.0,421.0,373.0,212.0,78.0,111.0,3823,3149,674,13,51,10502,693.3791606000001,179656.79200000002,144
58,21595,21841,GA,13103030305,36.868,32.2825774,-81.1721673,South Carolina,Medical University of South Carolina Medical Center,Comprehensive Stroke Center,-79.94676,32.78565,127.9211688,1606,2018,"Census Tract 303.05, Effingham County, Georgia",30305,13,103,13103030305,8254,4192,4062,36.6,846,7945.0,0.0,246.0,1155.0,0.0,285.0,6259.0,209.0,731.0,5589.0,36387.0,8130.0,898.0,535.0,658.0,491.0,800.0,751.0,289.0,914.0,8096,7679,417,13,103,30305,223.8797873,174090.56599999996,146
59,21602,21848,GA,13051010501,12.972999999999999,32.053575099999996,-81.17612530000001,South Carolina,Medical University of South Carolina Medical Center,Comprehensive Stroke Center,-79.94676,32.78565,141.28491110000002,364,2018,"Census Tract 105.01, Chatham County, Georgia",10501,13,51,13051010501,6244,3855,2389,28.6,352,5609.0,82.0,359.0,1503.0,0.0,447.0,3218.0,570.0,1693.0,2443.0,21285.0,5034.0,1024.0,393.0,570.0,409.0,598.0,204.0,46.0,363.0,5099,3310,1789,13,51,10501,481.3073306,176651.10500000004,139
60,21606,21852,GA,13051010901,6.124,31.964469899999997,-81.17817099999999,South Carolina,Medical University of South Carolina Medical Center,Comprehensive Stroke Center,-79.94676,32.78565,147.38025009999998,378,2018,"Census Tract 109.01, Chatham County, Georgia",10901,13,51,13051010901,4170,1957,2213,32.1,547,4004.0,20.0,140.0,1947.0,0.0,89.0,1808.0,76.0,818.0,1159.0,20239.0,4003.0,680.0,370.0,734.0,408.0,315.0,226.0,51.0,105.0,4099,3342,757,13,51,10901,680.9274984,183129.67800000007,141
61,21611,21857,GA,13051010603,4.343999999999999,32.1039561,-81.1805975,South Carolina,Medical University of South Carolina Medical Center,Comprehensive Stroke Center,-79.94676,32.78565,138.4759115,376,2018,"Census Tract 106.03, Chatham County, Georgia",10603,13,51,13051010603,1996,1048,948,31.5,197,1957.0,41.0,20.0,1164.0,0.0,6.0,726.0,20.0,167.0,626.0,28750.0,1977.0,227.0,124.0,326.0,239.0,319.0,131.0,51.0,93.0,1996,1616,380,13,51,10603,459.4843462,172955.07699999996,136
62,21652,21898,GA,13051010700,54.218,32.1715264,-81.19766130000001,South Carolina,Medical University of South Carolina Medical Center,Comprehensive Stroke Center,-79.94676,32.78565,135.8804496,1751,2018,"Census Tract 107, Chatham County, Georgia",10700,13,51,13051010700,25257,13995,11262,33.0,1670,23584.0,76.0,664.0,7713.0,0.0,1073.0,14058.0,1031.0,1794.0,13509.0,43993.0,22494.0,2162.0,776.0,1862.0,1925.0,3032.0,1925.0,916.0,4076.0,23165,21564,1601,13,51,10700,465.8416024,162912.39899999998,119
63,21663,21910,GA,13051010806,5.779,31.9798614,-81.2035921,South Carolina,Medical University of South Carolina Medical Center,Comprehensive Stroke Center,-79.94676,32.78565,148.2255247,132,2018,"Census Tract 108.06, Chatham County, Georgia",10806,13,51,13051010806,6605,3693,2912,31.4,711,6349.0,49.0,273.0,2702.0,0.0,156.0,3169.0,208.0,540.0,2933.0,31078.0,6517.0,1044.0,332.0,551.0,865.0,818.0,535.0,103.0,874.0,6393,5719,674,13,51,10806,1142.9313029999998,186884.44700000007,143
64,21712,21959,GA,13103030303,21.764,32.338768,-81.22593959999999,South Carolina,Trident Medical Center,Thrombectomy Capable Stroke Center,-80.07336,32.97663,129.2081688,1604,2018,"Census Tract 303.03, Effingham County, Georgia",30303,13,103,13103030303,2659,1343,1316,38.9,296,2593.0,6.0,26.0,170.0,0.0,112.0,2279.0,4.0,375.0,2093.0,31250.0,2591.0,380.0,156.0,299.0,219.0,243.0,182.0,99.0,351.0,2653,2293,360,13,103,30303,122.1742327,171110.99700000012,120
65,21727,21974,GA,13103030304,11.307,32.2801268,-81.233915,South Carolina,Medical University of South Carolina Medical Center,Comprehensive Stroke Center,-79.94676,32.78565,133.2805782,1605,2018,"Census Tract 303.04, Effingham County, Georgia",30304,13,103,13103030304,7331,3674,3657,31.5,731,7030.0,13.0,111.0,1245.0,7.0,30.0,5624.0,160.0,316.0,5431.0,32296.0,7162.0,715.0,348.0,685.0,837.0,599.0,694.0,339.0,557.0,7300,6254,1046,13,103,30304,648.3594234,170560.13099999996,147
66,21735,21982,GA,13051010809,8.385,32.0475566,-81.2359222,South Carolina,Medical University of South Carolina Medical Center,Comprehensive Stroke Center,-79.94676,32.78565,146.29948190000002,135,2018,"Census Tract 108.09, Chatham County, Georgia",10809,13,51,13051010809,11269,5462,5807,40.3,1580,10637.0,0.0,807.0,3621.0,0.0,64.0,6145.0,425.0,793.0,5475.0,34050.0,11042.0,1355.0,427.0,1322.0,1033.0,964.0,861.0,408.0,1793.0,10846,9921,925,13,51,10809,1343.947525,182964.33400000003,163
67,21752,21999,GA,13029920306,89.963,31.8394577,-81.2438623,South Carolina,Medical University of South Carolina Medical Center,Comprehensive Stroke Center,-79.94676,32.78565,161.02472319999998,1435,2018,"Census Tract 9203.06, Bryan County, Georgia",920306,13,29,13029920306,12871,6565,6306,34.5,1091,12089.0,49.0,130.0,1233.0,25.0,306.0,10346.0,643.0,1039.0,9754.0,43822.0,12646.0,1609.0,407.0,650.0,775.0,851.0,924.0,468.0,2426.0,12238,11490,748,13,29,920306,143.0699287,206427.51400000008,160
68,21754,22001,GA,13051010807,13.308,31.950319099999998,-81.24488819999999,South Carolina,Medical University of South Carolina Medical Center,Comprehensive Stroke Center,-79.94676,32.78565,153.3165736,133,2018,"Census Tract 108.07, Chatham County, Georgia",10807,13,51,13051010807,6271,3037,3234,30.9,421,5743.0,45.0,106.0,2479.0,0.0,124.0,2989.0,399.0,622.0,2581.0,38512.0,6053.0,509.0,349.0,722.0,345.0,610.0,542.0,360.0,632.0,6211,5582,629,13,51,10807,471.22031860000004,191408.3240000001,149
69,21768,22015,GA,13051010803,18.983,32.0985998,-81.24742690000001,South Carolina,Medical University of South Carolina Medical Center,Comprehensive Stroke Center,-79.94676,32.78565,144.09808940000002,1755,2018,"Census Tract 108.03, Chatham County, Georgia",10803,13,51,13051010803,10952,4715,6237,40.4,1589,10545.0,0.0,183.0,2858.0,120.0,0.0,7384.0,181.0,817.0,6665.0,30881.0,10579.0,1079.0,585.0,1279.0,1360.0,997.0,772.0,310.0,1279.0,10803,9490,1313,13,51,10803,576.9372597,173110.93499999997,140
70,21778,22025,GA,13051010808,16.081,32.0001331,-81.2506801,South Carolina,Medical University of South Carolina Medical Center,Comprehensive Stroke Center,-79.94676,32.78565,150.4606976,134,2018,"Census Tract 108.08, Chatham County, Georgia",10808,13,51,13051010808,10846,4852,5994,33.6,810,9831.0,27.0,363.0,3241.0,30.0,235.0,5935.0,809.0,1290.0,5093.0,31904.0,10640.0,891.0,621.0,1069.0,1473.0,1350.0,976.0,477.0,640.0,10663,8517,2146,13,51,10808,674.4605435,184817.98100000003,130
71,21828,22077,GA,13179010501,94.006,31.7186561,-81.2671179,Florida,UF Health Jacksonville,Comprehensive Stroke Center,-81.66435,30.3478,156.6464733,95,2018,"Census Tract 105.01, Liberty County, Georgia",10501,13,179,13179010501,3237,1587,1650,43.6,723,3055.0,15.0,38.0,266.0,0.0,13.0,2723.0,88.0,20.0,2716.0,32652.0,3102.0,431.0,131.0,284.0,281.0,445.0,242.0,85.0,278.0,3224,2604,620,13,179,10501,34.4339723,184634.47300000003,109
72,21835,22085,GA,13103030202,63.547,32.4126839,-81.2687596,South Carolina,Trident Medical Center,Thrombectomy Capable Stroke Center,-80.07336,32.97663,128.3619774,1792,2018,"Census Tract 302.02, Effingham County, Georgia",30202,13,103,13103030202,6875,3255,3620,33.5,717,6490.0,27.0,0.0,1344.0,0.0,39.0,5080.0,177.0,260.0,4876.0,28750.0,6635.0,716.0,396.0,794.0,870.0,550.0,451.0,130.0,657.0,6852,5743,1109,13,103,30202,108.1876406,158915.49300000013,122
73,21872,22122,GA,13103030301,27.671999999999997,32.244625199999994,-81.2829075,South Carolina,Medical University of South Carolina Medical Center,Comprehensive Stroke Center,-79.94676,32.78565,139.1436847,1874,2018,"Census Tract 303.01, Effingham County, Georgia",30301,13,103,13103030301,5595,2693,2902,36.8,501,5384.0,0.0,70.0,517.0,0.0,39.0,4758.0,85.0,145.0,4624.0,45296.0,5443.0,498.0,324.0,333.0,387.0,473.0,305.0,286.0,1093.0,5555,5166,389,13,103,30301,202.18993930000002,170904.04499999995,145
74,21875,22125,GA,13029920305,8.857999999999999,31.9325512,-81.2835742,South Carolina,Medical University of South Carolina Medical Center,Comprehensive Stroke Center,-79.94676,32.78565,157.41905569999997,1434,2018,"Census Tract 9203.05, Bryan County, Georgia",920305,13,29,13029920305,4389,2214,2175,40.9,546,4295.0,0.0,156.0,430.0,0.0,162.0,3547.0,83.0,252.0,3465.0,45560.0,4378.0,508.0,132.0,345.0,271.0,325.0,402.0,204.0,843.0,4254,3860,394,13,29,920305,495.484308,196782.13700000005,149
75,21933,22185,GA,13051010801,15.234000000000002,32.128951,-81.3073009,South Carolina,Medical University of South Carolina Medical Center,Comprehensive Stroke Center,-79.94676,32.78565,147.1944981,394,2018,"Census Tract 108.01, Chatham County, Georgia",10801,13,51,13051010801,2970,1608,1362,42.4,407,2905.0,0.0,23.0,333.0,0.0,8.0,2541.0,42.0,242.0,2439.0,35390.0,2947.0,313.0,169.0,379.0,211.0,447.0,259.0,63.0,332.0,2960,2441,519,13,51,10801,194.95864509999998,174303.11399999997,137
76,21938,22190,GA,13191110200,103.459,31.46643,-81.3102625,Florida,UF Health Jacksonville,Comprehensive Stroke Center,-81.66435,30.3478,128.5562712,183,2018,"Census Tract 1102, McIntosh County, Georgia",110200,13,191,13191110200,5454,2736,2718,49.4,1433,5365.0,0.0,235.0,2579.0,0.0,0.0,2551.0,0.0,63.0,2488.0,24572.0,5365.0,454.0,549.0,995.0,627.0,619.0,181.0,201.0,333.0,5454,4373,1081,13,191,110200,52.71653505,141478.57500000007,110
77,21956,22208,GA,13051010802,36.599000000000004,32.0591538,-81.3168993,South Carolina,Medical University of South Carolina Medical Center,Comprehensive Stroke Center,-79.94676,32.78565,151.9795792,365,2018,"Census Tract 108.02, Chatham County, Georgia",10802,13,51,13051010802,8408,4220,4188,35.1,885,8191.0,29.0,199.0,2302.0,18.0,102.0,5541.0,85.0,435.0,5224.0,41234.0,8276.0,606.0,477.0,427.0,719.0,1298.0,723.0,486.0,1047.0,8289,7915,374,13,51,10802,229.7330528,182461.592,131
78,21965,22217,GA,13103030402,24.483,32.2036175,-81.3191868,South Carolina,Medical University of South Carolina Medical Center,Comprehensive Stroke Center,-79.94676,32.78565,144.23011069999998,1366,2018,"Census Tract 304.02, Effingham County, Georgia",30402,13,103,13103030402,6666,3255,3411,39.1,708,6349.0,16.0,62.0,265.0,0.0,0.0,6006.0,188.0,102.0,5904.0,37930.0,6522.0,668.0,401.0,586.0,367.0,711.0,654.0,196.0,764.0,6648,6338,310,13,103,30402,272.2705551,173752.38599999997,139
79,21970,22222,GA,13029920303,3.5389999999999997,31.938850300000002,-81.32201459999999,South Carolina,Medical University of South Carolina Medical Center,Comprehensive Stroke Center,-79.94676,32.78565,159.9108146,1433,2018,"Census Tract 9203.03, Bryan County, Georgia",920303,13,29,13029920303,6371,3032,3339,31.6,392,6054.0,79.0,156.0,1484.0,0.0,173.0,4162.0,166.0,646.0,3852.0,25659.0,6133.0,958.0,381.0,680.0,402.0,667.0,443.0,159.0,397.0,6000,4981,1019,13,29,920303,1800.226053,192909.03500000003,135
80,22008,22260,GA,13127000300,48.111000000000004,31.263130199999996,-81.3326103,Florida,UF Health Jacksonville,Comprehensive Stroke Center,-81.66435,30.3478,106.3288294,1295,2018,"Census Tract 3, Glynn County, Georgia",300,13,127,13127000300,6551,3060,3491,54.1,1883,6402.0,0.0,0.0,277.0,0.0,20.0,6105.0,102.0,90.0,6035.0,46370.0,6465.0,641.0,256.0,346.0,647.0,776.0,769.0,180.0,1563.0,6512,6245,267,13,127,300,136.1642868,131644.56100000007,145
81,22075,22328,GA,13029920301,25.811999999999998,31.898619399999998,-81.356358,South Carolina,Medical University of South Carolina Medical Center,Comprehensive Stroke Center,-79.94676,32.78565,165.1789789,1432,2018,"Census Tract 9203.01, Bryan County, Georgia",920301,13,29,13029920301,2012,962,1050,39.0,290,1946.0,9.0,12.0,291.0,0.0,143.0,1491.0,47.0,323.0,1316.0,31644.0,1966.0,233.0,118.0,221.0,196.0,169.0,139.0,93.0,228.0,1975,1806,169,13,29,920301,77.94824113,199218.12900000004,138
82,22085,22338,GA,13127000101,1.23,31.1331271,-81.3585938,Florida,UF Health Jacksonville,Comprehensive Stroke Center,-81.66435,30.3478,91.85666323,1129,2018,"Census Tract 1.01, Glynn County, Georgia",101,13,127,13127000101,1366,598,768,58.8,518,1336.0,0.0,0.0,11.0,0.0,0.0,1325.0,23.0,0.0,1325.0,39038.0,1359.0,149.0,67.0,161.0,169.0,166.0,170.0,27.0,323.0,1351,1234,117,13,127,101,1110.5691060000001,121559.05700000003,125
83,22089,22342,GA,13103030203,53.943000000000005,32.3112731,-81.3597713,South Carolina,Trident Medical Center,Thrombectomy Capable Stroke Center,-80.07336,32.97663,141.46518559999998,1602,2018,"Census Tract 302.03, Effingham County, Georgia",30203,13,103,13103030203,8764,4441,4323,38.1,981,8249.0,0.0,0.0,889.0,17.0,52.0,7291.0,406.0,358.0,6985.0,30882.0,8350.0,1014.0,403.0,975.0,1026.0,816.0,808.0,208.0,774.0,8394,7591,803,13,103,30203,162.46779009999997,172148.74200000011,131
84,22172,22426,GA,13103030401,30.688000000000002,32.1725485,-81.38494150000001,South Carolina,Medical University of South Carolina Medical Center,Comprehensive Stroke Center,-79.94676,32.78565,151.3191206,1365,2018,"Census Tract 304.01, Effingham County, Georgia",30401,13,103,13103030401,4800,2599,2201,43.6,809,4722.0,0.0,25.0,255.0,0.0,94.0,4348.0,13.0,82.0,4348.0,25856.0,4735.0,822.0,435.0,527.0,717.0,499.0,227.0,132.0,346.0,4800,4234,566,13,103,30401,156.4129301,183625.03600000002,145
85,22173,22427,GA,13127000200,4.999,31.172730800000004,-81.3849665,Florida,UF Health Jacksonville,Comprehensive Stroke Center,-81.66435,30.3478,95.28756611,1294,2018,"Census Tract 2, Glynn County, Georgia",200,13,127,13127000200,5420,2557,2863,51.9,1842,5361.0,52.0,0.0,71.0,0.0,15.0,5223.0,59.0,151.0,5087.0,41411.0,5220.0,546.0,300.0,461.0,611.0,519.0,500.0,134.0,1190.0,5220,5001,219,13,127,200,1084.216843,120717.22700000004,128
86,22220,22476,GA,13179010600,102.637,31.718153899999997,-81.4004554,Florida,UF Health Jacksonville,Comprehensive Stroke Center,-81.66435,30.3478,154.00580290000002,1760,2018,"Census Tract 106, Liberty County, Georgia",10600,13,179,13179010600,1764,856,908,40.0,382,1718.0,0.0,0.0,1510.0,15.0,15.0,178.0,41.0,45.0,178.0,18341.0,1756.0,390.0,175.0,214.0,165.0,140.0,125.0,36.0,48.0,1764,1476,288,13,179,10600,17.18678449,164518.39800000007,94
87,22237,22494,GA,13103030100,165.002,32.482162,-81.406062,Georgia,Augusta University Medical Center,Comprehensive Stroke Center,-81.99065,33.47077,122.50343570000001,1791,2018,"Census Tract 301, Effingham County, Georgia",30100,13,103,13103030100,3630,1722,1908,36.5,518,3561.0,13.0,6.0,456.0,0.0,7.0,3079.0,41.0,0.0,3079.0,24066.0,3521.0,415.0,308.0,552.0,322.0,283.0,234.0,153.0,215.0,3620,3256,364,13,103,30100,21.99973334,136744.78900000005,161
88,22248,22505,GA,13127000102,3.4010000000000002,31.1489608,-81.409408,Florida,UF Health Jacksonville,Comprehensive Stroke Center,-81.66435,30.3478,92.11433606,1130,2018,"Census Tract 1.02, Glynn County, Georgia",102,13,127,13127000102,3028,1383,1645,58.0,1081,2996.0,37.0,24.0,22.0,10.0,19.0,2884.0,32.0,99.0,2804.0,42069.0,3028.0,333.0,169.0,322.0,256.0,414.0,297.0,75.0,717.0,3028,2905,123,13,127,102,890.3263745999999,118724.93200000003,107
89,22272,22529,GA,13103030204,43.544,32.3503761,-81.4143088,Georgia,Augusta University Medical Center,Comprehensive Stroke Center,-81.99065,33.47077,135.4470986,1603,2018,"Census Tract 302.04, Effingham County, Georgia",30204,13,103,13103030204,4115,2041,2074,28.3,412,4005.0,0.0,6.0,1461.0,0.0,0.0,2538.0,17.0,9.0,2529.0,30318.0,4010.0,272.0,397.0,340.0,453.0,269.0,423.0,102.0,237.0,4115,3795,320,13,103,30204,94.50211281,150856.92099999991,173
90,22297,22554,GA,13191110300,100.897,31.380122399999998,-81.4184416,Florida,UF Health Jacksonville,Comprehensive Stroke Center,-81.66435,30.3478,116.84194509999999,184,2018,"Census Tract 1103, McIntosh County, Georgia",110300,13,191,13191110300,4204,2105,2099,43.6,846,4059.0,0.0,0.0,1371.0,10.0,3.0,2675.0,81.0,53.0,2643.0,20232.0,4032.0,732.0,436.0,530.0,515.0,480.0,215.0,39.0,96.0,4113,3393,720,13,191,110300,41.6662537,127165.58400000003,103
91,22317,22574,GA,13127000403,26.313000000000002,31.253175,-81.4240078,Florida,UF Health Jacksonville,Comprehensive Stroke Center,-81.66435,30.3478,102.9769429,1131,2018,"Census Tract 4.03, Glynn County, Georgia",403,13,127,13127000403,3401,1722,1679,48.4,704,3335.0,8.0,25.0,435.0,0.0,43.0,2824.0,25.0,165.0,2706.0,31446.0,3340.0,340.0,292.0,481.0,250.0,311.0,389.0,122.0,380.0,3401,3129,272,13,127,403,129.2517007,116569.97200000004,106
92,22326,22583,GA,13191110100,219.16400000000002,31.5707478,-81.4286979,Florida,UF Health Jacksonville,Comprehensive Stroke Center,-81.66435,30.3478,137.4433096,182,2018,"Census Tract 1101, McIntosh County, Georgia",110100,13,191,13191110100,4462,2195,2267,53.8,1174,4402.0,16.0,0.0,866.0,10.0,23.0,3487.0,60.0,23.0,3487.0,36168.0,4462.0,541.0,276.0,396.0,503.0,873.0,433.0,123.0,459.0,4407,3981,426,13,191,110100,20.35918308,147107.82700000005,93
93,22364,22621,GA,13179010502,42.5,31.845893699999998,-81.4424825,Florida,UF Health Jacksonville,Comprehensive Stroke Center,-81.66435,30.3478,167.43865060000002,96,2018,"Census Tract 105.02, Liberty County, Georgia",10502,13,179,13179010502,4796,2360,2436,35.7,671,4530.0,29.0,69.0,1802.0,0.0,23.0,2607.0,218.0,222.0,2502.0,30167.0,4624.0,696.0,252.0,562.0,360.0,497.0,415.0,191.0,302.0,4555,3774,781,13,179,10502,112.8470588,179260.46600000004,114
94,22418,22675,GA,13039010602,44.68899999999999,30.8432127,-81.4561463,Florida,UF Health Jacksonville,Comprehensive Stroke Center,-81.66435,30.3478,58.43980776,102,2018,"Census Tract 106.02, Camden County, Georgia",10602,13,39,13039010602,1057,554,503,38.5,243,971.0,4.0,20.0,94.0,0.0,1.0,852.0,68.0,106.0,780.0,31402.0,1032.0,151.0,68.0,98.0,105.0,71.0,129.0,23.0,112.0,1019,906,113,13,39,10602,23.65235293,80343.87299999999,92
95,22423,22680,GA,13127000900,8.298,31.1261435,-81.4571145,Florida,UF Health Jacksonville,Comprehensive Stroke Center,-81.66435,30.3478,88.54372603,1296,2018,"Census Tract 9, Glynn County, Georgia",900,13,127,13127000900,4394,1876,2518,36.9,730,4205.0,0.0,179.0,1660.0,13.0,142.0,2211.0,143.0,400.0,2025.0,19874.0,4296.0,710.0,406.0,607.0,216.0,309.0,268.0,102.0,256.0,4394,3559,835,13,127,900,529.5251868,106640.44,78
96,22462,22719,GA,13127000503,2.511,31.1988891,-81.4671337,Florida,UF Health Jacksonville,Comprehensive Stroke Center,-81.66435,30.3478,96.22663759,1133,2018,"Census Tract 5.03, Glynn County, Georgia",503,13,127,13127000503,3959,1821,2138,35.3,484,3694.0,16.0,199.0,1419.0,0.0,176.0,1884.0,252.0,363.0,1733.0,21092.0,3946.0,655.0,411.0,814.0,496.0,442.0,175.0,26.0,183.0,3959,3101,858,13,127,503,1576.662684,110134.51000000004,99
97,22463,22720,GA,13127000504,1.057,31.2209825,-81.467407,Florida,UF Health Jacksonville,Comprehensive Stroke Center,-81.66435,30.3478,98.62434514,1134,2018,"Census Tract 5.04, Glynn County, Georgia",504,13,127,13127000504,3633,1754,1879,33.0,479,3492.0,0.0,15.0,2154.0,0.0,114.0,1209.0,108.0,295.0,1018.0,25076.0,3521.0,503.0,227.0,502.0,328.0,423.0,273.0,111.0,104.0,3633,3085,548,13,127,504,3437.086093,110812.02800000002,98
98,22492,22749,GA,13127000501,3.429,31.175855699999996,-81.4752849,Florida,UF Health Jacksonville,Comprehensive Stroke Center,-81.66435,30.3478,93.57019917,1290,2018,"Census Tract 5.01, Glynn County, Georgia",501,13,127,13127000501,3804,1607,2197,47.0,1083,3752.0,0.0,45.0,1923.0,0.0,0.0,1784.0,31.0,385.0,1428.0,17207.0,3572.0,918.0,345.0,571.0,359.0,348.0,80.0,8.0,183.0,3593,2856,737,13,127,501,1109.3613300000002,110644.30500000002,97
99,22496,22753,GA,13029920101,49.666000000000004,32.180018100000005,-81.4767191,Georgia,Augusta University Medical Center,Comprehensive Stroke Center,-81.99065,33.47077,151.01791,1430,2018,"Census Tract 9201.01, Bryan County, Georgia",920101,13,29,13029920101,5307,2733,2574,34.9,713,5111.0,10.0,0.0,757.0,0.0,105.0,4239.0,160.0,120.0,4239.0,26982.0,5271.0,738.0,370.0,482.0,479.0,552.0,277.0,138.0,385.0,5298,4529,769,13,29,920101,106.85378329999999,169720.90999999997,187
100,22595,22853,GA,13127000700,6.327999999999999,31.194626399999997,-81.5045531,Florida,UF Health Jacksonville,Comprehensive Stroke Center,-81.66435,30.3478,95.12197265,1298,2018,"Census Tract 7, Glynn County, Georgia",700,13,127,13127000700,8576,3613,4963,35.9,1391,8020.0,15.0,70.0,4681.0,23.0,356.0,2875.0,345.0,833.0,2424.0,19319.0,8272.0,1301.0,944.0,1146.0,963.0,816.0,384.0,31.0,115.0,8502,7017,1485,13,127,700,1355.246523,106153.22400000002,90
101,22615,22873,GA,13127000800,3.886,31.140212599999998,-81.5086931,Florida,UF Health Jacksonville,Comprehensive Stroke Center,-81.66435,30.3478,89.10636446,1293,2018,"Census Tract 8, Glynn County, Georgia",800,13,127,13127000800,4383,2219,2164,30.2,334,4276.0,0.0,2.0,3059.0,0.0,105.0,1110.0,20.0,391.0,826.0,14278.0,3844.0,917.0,619.0,503.0,335.0,287.0,159.0,84.0,26.0,3974,2630,1344,13,127,800,1127.895008,108930.725,98
102,22621,22879,GA,13127000404,57.507,31.3059838,-81.5107035,Florida,UF Health Jacksonville,Comprehensive Stroke Center,-81.66435,30.3478,107.24274579999998,1132,2018,"Census Tract 4.04, Glynn County, Georgia",404,13,127,13127000404,11697,5263,6434,34.6,1637,11189.0,54.0,137.0,2551.0,11.0,287.0,8149.0,280.0,950.0,7544.0,27690.0,11320.0,1763.0,841.0,1145.0,1185.0,957.0,916.0,377.0,953.0,11632,10431,1201,13,127,404,203.40132509999998,117779.29700000002,83
103,22647,22905,GA,13179010400,54.549,31.843822399999997,-81.5164644,Florida,UF Health Jacksonville,Comprehensive Stroke Center,-81.66435,30.3478,166.4646831,396,2018,"Census Tract 104, Liberty County, Georgia",10400,13,179,13179010400,5865,3006,2859,35.7,669,5690.0,80.0,190.0,2486.0,1.0,479.0,2454.0,91.0,725.0,2240.0,28554.0,5752.0,721.0,471.0,682.0,625.0,810.0,404.0,145.0,349.0,5639,4618,1021,13,179,10400,107.51801129999998,184477.43800000002,122
104,22682,22940,GA,13127000600,6.7410000000000005,31.214476,-81.52621359999999,Florida,UF Health Jacksonville,Comprehensive Stroke Center,-81.66435,30.3478,96.99017123,1292,2018,"Census Tract 6, Glynn County, Georgia",600,13,127,13127000600,6263,3147,3116,38.2,873,6096.0,71.0,199.0,1144.0,0.0,33.0,4649.0,54.0,85.0,4597.0,25934.0,6087.0,802.0,394.0,896.0,867.0,599.0,317.0,42.0,489.0,6263,4849,1414,13,127,600,929.0906394,105830.65800000002,83
105,22687,22945,GA,13039010500,23.483,30.802362100000003,-81.5278537,Florida,UF Health Jacksonville,Comprehensive Stroke Center,-81.66435,30.3478,52.06693821,22,2018,"Census Tract 105, Camden County, Georgia",10500,13,39,13039010500,3348,2417,931,21.4,25,3092.0,9.0,19.0,382.0,21.0,32.0,2629.0,209.0,539.0,2186.0,21848.0,1724.0,263.0,274.0,961.0,410.0,196.0,92.0,17.0,100.0,1514,1434,80,13,39,10500,142.5712217,63393.455999999984,83
106,22702,22960,GA,13251970500,128.189,32.5961874,-81.5314258,Georgia,Augusta University Medical Center,Comprehensive Stroke Center,-81.99065,33.47077,106.05875379999999,1124,2018,"Census Tract 9705, Screven County, Georgia",970500,13,251,13251970500,2434,1197,1237,36.7,370,2331.0,12.0,0.0,869.0,0.0,10.0,1440.0,73.0,75.0,1420.0,19831.0,2395.0,256.0,252.0,338.0,266.0,173.0,91.0,39.0,138.0,2406,1979,427,13,251,970500,18.98758864,122257.1910000001,148
107,22784,23042,GA,13251970400,136.49200000000002,32.7383364,-81.5510321,Georgia,Augusta University Medical Center,Comprehensive Stroke Center,-81.99065,33.47077,91.00764319,1125,2018,"Census Tract 9704, Screven County, Georgia",970400,13,251,13251970400,4426,2126,2300,41.3,827,4315.0,3.0,0.0,1617.0,0.0,0.0,2695.0,5.0,108.0,2587.0,20062.0,4305.0,677.0,500.0,589.0,288.0,340.0,378.0,100.0,137.0,4411,3829,582,13,251,970400,32.4268089,105708.70500000006,129
108,22807,23065,GA,13039010601,8.321,30.742840500000003,-81.55622120000001,Florida,UF Health Jacksonville,Comprehensive Stroke Center,-81.66435,30.3478,45.00708968,101,2018,"Census Tract 106.01, Camden County, Georgia",10601,13,39,13039010601,5965,3017,2948,42.5,944,5352.0,57.0,68.0,1139.0,0.0,0.0,4088.0,438.0,124.0,4082.0,22520.0,5732.0,758.0,561.0,878.0,370.0,594.0,208.0,168.0,494.0,5712,4964,748,13,39,10601,716.8609542,59938.39699999999,78
109,22865,23123,GA,13179010101,78.54899999999999,31.940064899999996,-81.5681577,Georgia,Augusta University Medical Center,Comprehensive Stroke Center,-81.99065,33.47077,174.31435369999997,1585,2018,"Census Tract 101.01, Liberty County, Georgia",10101,13,179,13179010101,5814,2955,2859,21.5,0,4962.0,66.0,34.0,1360.0,34.0,370.0,3098.0,552.0,1039.0,2572.0,29864.0,5514.0,409.0,133.0,346.0,549.0,618.0,282.0,44.0,34.0,4990,4743,247,13,179,10101,74.01749227,194993.32599999994,198
110,22946,23205,GA,13127000401,42.81399999999999,31.324977299999997,-81.58875309999999,Florida,UF Health Jacksonville,Comprehensive Stroke Center,-81.66435,30.3478,108.57750690000002,1291,2018,"Census Tract 4.01, Glynn County, Georgia",401,13,127,13127000401,7777,3924,3853,40.3,1086,7473.0,64.0,116.0,756.0,0.0,0.0,6537.0,205.0,793.0,5866.0,30141.0,7636.0,918.0,413.0,720.0,857.0,797.0,469.0,181.0,747.0,7777,6795,982,13,127,401,181.6461905,117955.97100000002,97
111,22948,23207,GA,13179010300,3.969,31.8507261,-81.5891583,Florida,UF Health Jacksonville,Comprehensive Stroke Center,-81.66435,30.3478,166.7855512,397,2018,"Census Tract 103, Liberty County, Georgia",10300,13,179,13179010300,6679,2947,3732,31.2,763,6129.0,0.0,194.0,2532.0,16.0,123.0,3264.0,403.0,1074.0,2714.0,25788.0,6532.0,864.0,445.0,967.0,802.0,518.0,394.0,309.0,417.0,5991,5179,812,13,179,10300,1682.791635,185409.19400000002,130
112,22970,23229,GA,13029920102,90.28299999999999,32.1375467,-81.5944344,Georgia,Augusta University Medical Center,Comprehensive Stroke Center,-81.99065,33.47077,152.4410986,1431,2018,"Census Tract 9201.02, Bryan County, Georgia",920102,13,29,13029920102,4935,2280,2655,33.1,621,4611.0,15.0,69.0,1083.0,0.0,0.0,3444.0,192.0,74.0,3418.0,27482.0,4767.0,616.0,146.0,524.0,599.0,537.0,333.0,109.0,256.0,4909,4141,768,13,29,920102,54.66145343,167195.94700000001,186
113,22975,23234,GA,13251970200,204.24099999999999,32.899019,-81.59534090000001,Georgia,Augusta University Medical Center,Comprehensive Stroke Center,-81.99065,33.47077,73.34904927,1122,2018,"Census Tract 9702, Screven County, Georgia",970200,13,251,13251970200,1660,789,871,45.3,322,1639.0,3.0,41.0,825.0,0.0,0.0,770.0,0.0,6.0,764.0,25396.0,1538.0,225.0,157.0,175.0,167.0,138.0,88.0,19.0,164.0,1559,1247,312,13,251,970200,8.127653116,82981.00800000002,113
114,22993,23252,GA,13179010103,3.359,31.8763929,-81.5986689,Florida,UF Health Jacksonville,Comprehensive Stroke Center,-81.66435,30.3478,169.5930333,1587,2018,"Census Tract 101.03, Liberty County, Georgia",10103,13,179,13179010103,1412,901,511,22.6,0,1275.0,6.0,52.0,423.0,38.0,78.0,678.0,112.0,291.0,533.0,25571.0,1115.0,112.0,49.0,314.0,280.0,84.0,71.0,43.0,55.0,872,863,9,13,179,10103,420.3632033,188637.6,131
115,23024,23284,GA,13127001000,202.92700000000002,31.1947375,-81.6077704,Florida,UF Health Jacksonville,Comprehensive Stroke Center,-81.66435,30.3478,94.05228252,1297,2018,"Census Tract 10, Glynn County, Georgia",1000,13,127,13127001000,9722,4875,4847,42.7,1669,9319.0,43.0,65.0,1405.0,0.0,143.0,7663.0,272.0,493.0,7525.0,27585.0,9591.0,1409.0,726.0,1047.0,838.0,1133.0,727.0,257.0,1092.0,9713,8383,1330,13,127,1000,47.90885392,102476.6,93
116,23036,23296,GA,13179010202,1.26,31.819741200000003,-81.6095694,Florida,UF Health Jacksonville,Comprehensive Stroke Center,-81.66435,30.3478,163.2791793,1761,2018,"Census Tract 102.02, Liberty County, Georgia",10202,13,179,13179010202,4202,2033,2169,29.6,524,3643.0,9.0,89.0,2100.0,0.0,110.0,1335.0,370.0,265.0,1293.0,25451.0,3993.0,523.0,383.0,501.0,512.0,446.0,219.0,115.0,141.0,3974,3511,463,13,179,10202,3334.920635,182381.54500000004,146
117,23053,23313,GA,13039010200,135.36700000000002,30.920039199999998,-81.61506379999999,Florida,UF Health Jacksonville,Comprehensive Stroke Center,-81.66435,30.3478,63.61597433,19,2018,"Census Tract 102, Camden County, Georgia",10200,13,39,13039010200,5292,2516,2776,39.5,787,5176.0,25.0,129.0,1181.0,0.0,9.0,3832.0,51.0,153.0,3713.0,27813.0,5067.0,741.0,401.0,543.0,507.0,487.0,326.0,172.0,528.0,5082,4464,618,13,39,10200,39.09372299,82878.291,92
118,23068,23328,GA,13179010204,3.17,31.772057399999998,-81.6174572,Florida,UF Health Jacksonville,Comprehensive Stroke Center,-81.66435,30.3478,157.9715697,1759,2018,"Census Tract 102.04, Liberty County, Georgia",10204,13,179,13179010204,3140,1586,1554,31.5,329,2922.0,19.0,26.0,1756.0,0.0,126.0,995.0,193.0,411.0,761.0,19529.0,3115.0,576.0,234.0,329.0,279.0,234.0,118.0,60.0,145.0,3028,2621,407,13,179,10204,990.5362776000001,176856.52100000007,116
119,23072,23332,GA,13039010402,14.513,30.8289405,-81.6179703,Florida,UF Health Jacksonville,Comprehensive Stroke Center,-81.66435,30.3478,53.52556477,1452,2018,"Census Tract 104.02, Camden County, Georgia",10402,13,39,13039010402,5412,2654,2758,36.2,805,5207.0,32.0,24.0,294.0,0.0,53.0,4804.0,158.0,199.0,4684.0,39306.0,5316.0,509.0,367.0,509.0,288.0,423.0,380.0,241.0,927.0,5193,4612,581,13,39,10402,372.90704889999995,57128.63,73
120,23075,23336,GA,13031110900,183.283,32.2609864,-81.6187257,Georgia,Augusta University Medical Center,Comprehensive Stroke Center,-81.99065,33.47077,138.60938149999998,1448,2018,"Census Tract 1109, Bulloch County, Georgia",110900,13,31,13031110900,7392,3758,3634,39.9,845,7261.0,0.0,0.0,1242.0,0.0,14.0,6005.0,95.0,47.0,5972.0,24525.0,7304.0,1137.0,464.0,839.0,483.0,591.0,753.0,242.0,268.0,7392,6289,1103,13,31,110900,40.33107271,155821.417,174
121,23106,23367,GA,13039010401,11.407,30.793556899999995,-81.627081,Florida,UF Health Jacksonville,Comprehensive Stroke Center,-81.66435,30.3478,49.54671077,1451,2018,"Census Tract 104.01, Camden County, Georgia",10401,13,39,13039010401,12326,6164,6162,28.3,666,11833.0,75.0,516.0,2206.0,0.0,816.0,8220.0,398.0,1626.0,7700.0,32163.0,12117.0,1389.0,510.0,1032.0,1069.0,1507.0,889.0,442.0,994.0,11374,10035,1339,13,39,10401,1080.564566,55026.83199999999,62
122,23109,23370,GA,13179010205,2.36,31.832083899999997,-81.6273093,Florida,UF Health Jacksonville,Comprehensive Stroke Center,-81.66435,30.3478,164.60204309999997,1588,2018,"Census Tract 102.05, Liberty County, Georgia",10205,13,179,13179010205,5685,2593,3092,26.7,340,5348.0,0.0,349.0,2424.0,150.0,118.0,2307.0,201.0,634.0,1855.0,30591.0,5519.0,521.0,301.0,597.0,447.0,489.0,528.0,182.0,161.0,5461,4790,671,13,179,10205,2408.898305,183836.06900000005,146
123,23155,23416,GA,13039010403,12.682,30.7521158,-81.63670929999999,Florida,UF Health Jacksonville,Comprehensive Stroke Center,-81.66435,30.3478,44.90155492,100,2018,"Census Tract 104.03, Camden County, Georgia",10403,13,39,13039010403,4101,2064,2037,42.8,939,3882.0,47.0,33.0,488.0,0.0,22.0,3292.0,154.0,192.0,3183.0,44034.0,4036.0,402.0,196.0,401.0,227.0,336.0,330.0,195.0,796.0,4011,3776,235,13,39,10403,323.3717079,49905.85199999998,54
124,23162,23423,GA,13179010207,2.983,31.8110228,-81.6381094,Florida,UF Health Jacksonville,Comprehensive Stroke Center,-81.66435,30.3478,162.2480899,1590,2018,"Census Tract 102.07, Liberty County, Georgia",10207,13,179,13179010207,5651,2600,3051,27.2,267,5317.0,6.0,81.0,3225.0,18.0,379.0,1608.0,276.0,943.0,1181.0,29126.0,5593.0,639.0,211.0,474.0,827.0,608.0,267.0,123.0,198.0,5387,4701,686,13,179,10207,1894.401609,182159.91100000005,137
125,23168,23429,GA,13179010208,4.156000000000001,31.794942499999998,-81.6406635,Florida,UF Health Jacksonville,Comprehensive Stroke Center,-81.66435,30.3478,160.4616517,1591,2018,"Census Tract 102.08, Liberty County, Georgia",10208,13,179,13179010208,6528,3572,2956,28.6,221,5941.0,36.0,70.0,3046.0,0.0,66.0,2723.0,380.0,859.0,2046.0,31414.0,6037.0,492.0,392.0,579.0,744.0,795.0,423.0,192.0,232.0,6074,5550,524,13,179,10208,1570.741097,179370.91000000006,129
126,23183,23444,GA,13183970200,174.609,31.6748701,-81.6440436,Florida,UF Health Jacksonville,Comprehensive Stroke Center,-81.66435,30.3478,147.1446176,99,2018,"Census Tract 9702, Long County, Georgia",970200,13,183,13183970200,6967,3177,3790,31.5,527,6725.0,16.0,26.0,1880.0,14.0,58.0,4731.0,177.0,263.0,4668.0,29296.0,6739.0,818.0,555.0,616.0,553.0,726.0,543.0,179.0,355.0,6499,5951,548,13,183,970200,39.90057786,166197.73500000007,115
127,23196,23457,GA,13031110602,53.199,32.4968689,-81.6486527,Georgia,Augusta University Medical Center,Comprehensive Stroke Center,-81.99065,33.47077,112.64058590000002,1445,2018,"Census Tract 1106.02, Bulloch County, Georgia",110602,13,31,13031110602,4355,2099,2256,34.0,368,4131.0,26.0,51.0,1545.0,0.0,0.0,2509.0,122.0,287.0,2326.0,24644.0,4232.0,790.0,274.0,461.0,410.0,553.0,226.0,129.0,146.0,4324,3682,642,13,31,110602,81.86244102,128741.893,164
128,23258,23519,GA,13031110601,34.494,32.4462823,-81.6681873,Georgia,Augusta University Medical Center,Comprehensive Stroke Center,-81.99065,33.47077,117.551332,1444,2018,"Census Tract 1106.01, Bulloch County, Georgia",110601,13,31,13031110601,6913,3205,3708,36.0,932,6811.0,12.0,114.0,2012.0,0.0,0.0,4673.0,102.0,149.0,4524.0,28446.0,6832.0,954.0,671.0,636.0,718.0,853.0,469.0,153.0,437.0,6832,6057,775,13,31,110601,200.4116658,133718.44799999995,166
129,23295,23558,GA,13031110700,110.726,32.3582117,-81.6801739,Georgia,Augusta University Medical Center,Comprehensive Stroke Center,-81.99065,33.47077,126.7577886,1446,2018,"Census Tract 1107, Bulloch County, Georgia",110700,13,31,13031110700,9820,4923,4897,32.3,1031,9522.0,0.0,188.0,709.0,167.0,20.0,8438.0,198.0,176.0,8297.0,29745.0,9708.0,1189.0,752.0,884.0,850.0,1012.0,691.0,177.0,986.0,9806,8883,923,13,31,110700,88.6873905,140239.765,179
130,23329,23593,GA,13179010206,20.267,31.8464854,-81.6923027,Florida,UF Health Jacksonville,Comprehensive Stroke Center,-81.66435,30.3478,166.1823949,1589,2018,"Census Tract 102.06, Liberty County, Georgia",10206,13,179,13179010206,5235,2923,2312,25.8,300,4816.0,14.0,68.0,1749.0,0.0,24.0,2961.0,398.0,872.0,2267.0,25871.0,5214.0,640.0,384.0,680.0,546.0,432.0,563.0,60.0,195.0,4567,4108,459,13,179,10206,258.3016727,186918.408,142
131,23418,23682,GA,13179010102,102.706,31.9807591,-81.71302259999999,Georgia,Augusta University Medical Center,Comprehensive Stroke Center,-81.99065,33.47077,167.27827130000003,1586,2018,"Census Tract 101.02, Liberty County, Georgia",10102,13,179,13179010102,2100,1631,469,22.2,0,1962.0,5.0,64.0,461.0,34.0,115.0,1283.0,87.0,300.0,1155.0,24996.0,686.0,17.0,89.0,743.0,555.0,141.0,69.0,8.0,75.0,613,609,4,13,179,10102,20.44671197,184369.3019999999,204
132,23437,23702,GA,13251970300,71.498,32.7649113,-81.7166735,Georgia,Augusta University Medical Center,Comprehensive Stroke Center,-81.99065,33.47077,82.35436536,1123,2018,"Census Tract 9703, Screven County, Georgia",970300,13,251,13251970300,3687,1810,1877,42.4,564,3665.0,0.0,29.0,1871.0,0.0,77.0,1688.0,13.0,70.0,1671.0,24034.0,3430.0,464.0,363.0,433.0,338.0,305.0,320.0,38.0,184.0,3439,3014,425,13,251,970300,51.56787602,97922.62800000006,128
133,23451,23716,GA,13039010100,261.096,31.0360668,-81.72247840000001,Florida,UF Health Jacksonville,Comprehensive Stroke Center,-81.66435,30.3478,76.50711214,18,2018,"Census Tract 101, Camden County, Georgia",10100,13,39,13039010100,2693,1271,1422,52.3,698,2669.0,16.0,67.0,550.0,0.0,0.0,2036.0,17.0,0.0,2036.0,26913.0,2686.0,385.0,197.0,413.0,363.0,247.0,203.0,87.0,294.0,2693,2523,170,13,39,10100,10.31421393,80449.282,93
134,23488,23754,GA,13033950700,164.804,33.0303641,-81.72961550000001,Georgia,Augusta University Medical Center,Comprehensive Stroke Center,-81.99065,33.47077,54.56686915,415,2018,"Census Tract 9507, Burke County, Georgia",950700,13,33,13033950700,2636,1260,1376,40.9,330,2543.0,0.0,8.0,1351.0,0.0,0.0,1184.0,61.0,31.0,1183.0,21490.0,2604.0,318.0,241.0,290.0,244.0,154.0,159.0,53.0,125.0,2636,2351,285,13,33,950700,15.99475741,63258.53599999998,98
135,23491,23757,GA,13039010301,27.985,30.787497899999998,-81.7302915,Florida,UF Health Jacksonville,Comprehensive Stroke Center,-81.66435,30.3478,49.15456974,20,2018,"Census Tract 103.01, Camden County, Georgia",10301,13,39,13039010301,7960,4183,3777,30.7,874,7535.0,33.0,203.0,1777.0,23.0,52.0,5447.0,179.0,363.0,5347.0,26326.0,7714.0,831.0,548.0,1189.0,962.0,991.0,366.0,107.0,544.0,7726,6515,1211,13,39,10301,284.4380918,55051.015999999996,68
136,23498,23764,GA,13251970600,105.35,32.668725699999996,-81.7329238,Georgia,Augusta University Medical Center,Comprehensive Stroke Center,-81.99065,33.47077,92.14933772,1126,2018,"Census Tract 9706, Screven County, Georgia",970600,13,251,13251970600,1783,882,901,38.8,389,1747.0,13.0,30.0,602.0,0.0,8.0,1094.0,10.0,8.0,1094.0,22593.0,1757.0,276.0,138.0,285.0,174.0,168.0,100.0,67.0,61.0,1783,1618,165,13,251,970600,16.92453726,111335.60700000006,141
137,23617,23885,GA,13031110500,3.714,32.426967499999996,-81.7675809,Georgia,Augusta University Medical Center,Comprehensive Stroke Center,-81.99065,33.47077,117.62549150000001,1443,2018,"Census Tract 1105, Bulloch County, Georgia",110500,13,31,13031110500,4300,2458,1842,26.6,547,4108.0,41.0,21.0,755.0,19.0,125.0,3147.0,123.0,316.0,3068.0,17400.0,4183.0,1031.0,513.0,362.0,269.0,384.0,422.0,56.0,268.0,4300,3411,889,13,31,110500,1157.781368,128212.97099999999,191
138,23629,23897,GA,13031110200,40.93,32.5178585,-81.770269,Georgia,Augusta University Medical Center,Comprehensive Stroke Center,-81.99065,33.47077,107.670302,1438,2018,"Census Tract 1102, Bulloch County, Georgia",110200,13,31,13031110200,8364,4177,4187,36.9,1301,8100.0,8.0,42.0,3451.0,0.0,88.0,4511.0,252.0,287.0,4435.0,21591.0,7764.0,1430.0,678.0,1334.0,791.0,617.0,552.0,239.0,427.0,7819,6717,1102,13,31,110200,204.34888830000003,121078.03999999998,151
139,23632,23900,GA,13031110403,1.7469999999999999,32.4047091,-81.77149240000001,Georgia,Augusta University Medical Center,Comprehensive Stroke Center,-81.99065,33.47077,119.9929301,1441,2018,"Census Tract 1104.03, Bulloch County, Georgia",110403,13,31,13031110403,6537,3138,3399,22.4,96,6297.0,0.0,97.0,2446.0,0.0,542.0,3212.0,166.0,645.0,3144.0,11498.0,6463.0,1952.0,1010.0,826.0,399.0,178.0,149.0,0.0,61.0,6537,5149,1388,13,31,110403,3741.8431600000004,130231.287,180
140,23684,23953,GA,13031110404,2.329,32.4122799,-81.786895,Georgia,Augusta University Medical Center,Comprehensive Stroke Center,-81.99065,33.47077,118.926409,1442,2018,"Census Tract 1104.04, Bulloch County, Georgia",110404,13,31,13031110404,8557,4047,4510,19.6,38,8117.0,10.0,277.0,3260.0,0.0,25.0,4545.0,431.0,521.0,4161.0,3910.0,1340.0,3825.0,370.0,215.0,161.0,68.0,11.0,0.0,42.0,8557,7823,734,13,31,110404,3674.10906,129572.40999999999,187
141,23695,23964,GA,13039010302,90.774,30.8460969,-81.79091149999999,Florida,UF Health Jacksonville,Comprehensive Stroke Center,-81.66435,30.3478,56.56016929,21,2018,"Census Tract 103.02, Camden County, Georgia",10302,13,39,13039010302,4560,2179,2381,33.3,455,4299.0,6.0,39.0,1495.0,20.0,8.0,2731.0,145.0,88.0,2643.0,27205.0,4444.0,493.0,298.0,504.0,385.0,565.0,331.0,88.0,300.0,4419,3815,604,13,39,10302,50.23464869,65380.10999999998,75
142,23711,23980,GA,13305970600,274.325,31.4789209,-81.7934995,Florida,UF Health Jacksonville,Comprehensive Stroke Center,-81.66435,30.3478,126.0112715,1694,2018,"Census Tract 9706, Wayne County, Georgia",970600,13,305,13305970600,4176,1875,2301,35.9,677,4030.0,0.0,0.0,684.0,0.0,9.0,3337.0,136.0,29.0,3308.0,19185.0,4021.0,589.0,313.0,692.0,261.0,248.0,263.0,35.0,268.0,4087,3355,732,13,305,970600,15.22281965,139079.50600000008,127
143,23748,24017,GA,13031110401,3.6710000000000003,32.4295225,-81.802825,Georgia,Augusta University Medical Center,Comprehensive Stroke Center,-81.99065,33.47077,116.80589170000002,1440,2018,"Census Tract 1104.01, Bulloch County, Georgia",110401,13,31,13031110401,3883,1817,2066,30.8,529,3693.0,0.0,65.0,2366.0,0.0,49.0,1213.0,172.0,80.0,1199.0,17655.0,3762.0,786.0,513.0,513.0,285.0,316.0,111.0,65.0,257.0,3767,3325,442,13,31,110401,1057.749932,127581.01799999998,174
144,23801,24071,GA,13025960100,113.04799999999999,31.246165899999998,-81.8176402,Florida,UF Health Jacksonville,Comprehensive Stroke Center,-81.66435,30.3478,100.6728854,1422,2018,"Census Tract 9601, Brantley County, Georgia",960100,13,25,13025960100,7220,3679,3541,40.7,995,6928.0,35.0,0.0,153.0,0.0,0.0,6740.0,243.0,185.0,6689.0,19442.0,7152.0,1260.0,781.0,640.0,732.0,637.0,390.0,100.0,146.0,7186,5498,1688,13,25,960100,63.86667610000001,109710.204,105
145,23812,24082,GA,13183970100,182.06400000000002,31.8003873,-81.82020379999999,Florida,UF Health Jacksonville,Comprehensive Stroke Center,-81.66435,30.3478,161.7347144,98,2018,"Census Tract 9701, Long County, Georgia",970100,13,183,13183970100,11189,5695,5494,33.5,1074,10153.0,34.0,176.0,2338.0,81.0,652.0,6872.0,853.0,1721.0,5825.0,25181.0,10955.0,1479.0,965.0,1045.0,715.0,1003.0,746.0,321.0,742.0,10824,8809,2015,13,183,970100,61.45641093,183492.185,146
146,23834,24104,GA,13109970300,75.22800000000001,32.1070822,-81.8257842,Georgia,Augusta University Medical Center,Comprehensive Stroke Center,-81.99065,33.47077,152.02039580000002,1854,2018,"Census Tract 9703, Evans County, Georgia",970300,13,109,13109970300,3954,1999,1955,37.3,633,3874.0,0.0,49.0,1788.0,0.0,425.0,1612.0,18.0,522.0,1523.0,19323.0,3394.0,762.0,366.0,441.0,462.0,234.0,128.0,100.0,63.0,3456,2823,633,13,109,970300,52.56021694,166446.87900000004,203
147,23923,24196,GA,13031110300,64.249,32.441647499999995,-81.8622567,Georgia,Augusta University Medical Center,Comprehensive Stroke Center,-81.99065,33.47077,114.7630422,1439,2018,"Census Tract 1103, Bulloch County, Georgia",110300,13,31,13031110300,8323,4083,4240,35.0,1415,7924.0,163.0,155.0,1120.0,0.0,87.0,6399.0,278.0,262.0,6178.0,31108.0,8102.0,1025.0,544.0,814.0,645.0,749.0,709.0,205.0,956.0,8264,7351,913,13,31,110300,129.5428723,123705.09199999998,166
148,23956,24229,GA,13031110800,69.482,32.3232081,-81.86989840000001,Georgia,Augusta University Medical Center,Comprehensive Stroke Center,-81.99065,33.47077,127.76808100000001,1447,2018,"Census Tract 1108, Bulloch County, Georgia",110800,13,31,13031110800,2559,1267,1292,34.4,399,2408.0,0.0,31.0,769.0,0.0,0.0,1608.0,82.0,79.0,1592.0,24555.0,2490.0,341.0,177.0,291.0,217.0,233.0,149.0,106.0,78.0,2553,2166,387,13,31,110800,36.82968251,140477.73300000004,169
149,24015,24288,GA,13305970200,22.7,31.6541458,-81.89500009999999,Florida,UF Health Jacksonville,Comprehensive Stroke Center,-81.66435,30.3478,146.4992958,1692,2018,"Census Tract 9702, Wayne County, Georgia",970200,13,305,13305970200,7831,3938,3893,36.3,1077,7447.0,0.0,0.0,529.0,0.0,201.0,6717.0,281.0,373.0,6600.0,27547.0,7615.0,1294.0,380.0,756.0,770.0,775.0,594.0,124.0,387.0,7831,6230,1601,13,305,970200,344.9779736,160165.20600000006,153
150,24016,24289,GA,13031110100,108.12799999999999,32.56497589999999,-81.8950448,Georgia,Augusta University Medical Center,Comprehensive Stroke Center,-81.99065,33.47077,100.8532599,1437,2018,"Census Tract 1101, Bulloch County, Georgia",110100,13,31,13031110100,3779,1805,1974,42.2,674,3584.0,0.0,13.0,1183.0,0.0,0.0,2388.0,156.0,0.0,2388.0,19832.0,3720.0,592.0,364.0,450.0,482.0,361.0,156.0,36.0,130.0,3779,3172,607,13,31,110100,34.94931933,109771.06099999996,150
151,24030,24303,GA,13305970500,8.679,31.5805982,-81.89929509999999,Florida,UF Health Jacksonville,Comprehensive Stroke Center,-81.66435,30.3478,138.5097265,1690,2018,"Census Tract 9705, Wayne County, Georgia",970500,13,305,13305970500,5189,3272,1917,39.6,545,4872.0,32.0,6.0,2135.0,0.0,90.0,2609.0,210.0,607.0,2252.0,17500.0,3424.0,885.0,436.0,481.0,350.0,481.0,221.0,52.0,174.0,3531,2764,767,13,305,970500,597.8799401,151209.1300000001,153
152,24055,24328,GA,13033950100,156.609,33.1902344,-81.91127890000001,Georgia,Augusta University Medical Center,Comprehensive Stroke Center,-81.99065,33.47077,31.97979561,413,2018,"Census Tract 9501, Burke County, Georgia",950100,13,33,13033950100,5348,2451,2897,42.2,686,5348.0,0.0,0.0,2413.0,0.0,75.0,2860.0,0.0,96.0,2839.0,26231.0,5338.0,642.0,317.0,750.0,541.0,472.0,278.0,161.0,385.0,5338,4682,656,13,33,950100,34.14873986,35435.401000000005,80
153,24064,24337,GA,13109970100,71.608,32.2164383,-81.9142149,Georgia,Augusta University Medical Center,Comprehensive Stroke Center,-81.99065,33.47077,139.29141940000002,1852,2018,"Census Tract 9701, Evans County, Georgia",970100,13,109,13109970100,2797,1597,1200,35.8,421,2757.0,0.0,0.0,469.0,0.0,553.0,1735.0,31.0,567.0,1709.0,25478.0,2788.0,334.0,157.0,360.0,318.0,243.0,108.0,68.0,176.0,2797,2235,562,13,109,970100,39.05988158,154976.74899999995,190
154,24101,24374,GA,13267950300,84.052,32.010193300000005,-81.927319,Georgia,Augusta University Medical Center,Comprehensive Stroke Center,-81.99065,33.47077,162.08648269999998,1174,2018,"Census Tract 9503, Tattnall County, Georgia",950300,13,267,13267950300,6124,3765,2359,35.9,883,5933.0,5.0,33.0,2267.0,0.0,190.0,3438.0,92.0,318.0,3327.0,18270.0,4141.0,1274.0,352.0,359.0,319.0,532.0,153.0,66.0,372.0,4214,3869,345,13,267,950300,72.85965831,176179.92599999992,225
155,24122,24395,GA,13165960100,201.335,32.8496486,-81.9353757,Georgia,Augusta University Medical Center,Comprehensive Stroke Center,-81.99065,33.47077,69.07960501,655,2018,"Census Tract 9601, Jenkins County, Georgia",960100,13,165,13165960100,6071,2678,3393,44.5,1044,5957.0,127.0,61.0,1823.0,0.0,201.0,3745.0,0.0,485.0,3571.0,18032.0,5882.0,1357.0,353.0,893.0,607.0,380.0,214.0,102.0,105.0,5996,4929,1067,13,165,960100,30.15372389,74627.652,113
156,24152,24425,GA,13109970200,36.059,32.127138,-81.9457166,Georgia,Augusta University Medical Center,Comprehensive Stroke Center,-81.99065,33.47077,149.0694251,1853,2018,"Census Tract 9702, Evans County, Georgia",970200,13,109,13109970200,3976,1707,2269,39.1,658,3926.0,1.0,42.0,960.0,0.0,12.0,2911.0,22.0,146.0,2779.0,27005.0,3923.0,515.0,315.0,373.0,373.0,393.0,313.0,58.0,244.0,3942,3426,516,13,109,970200,110.2637344,163502.057,205
157,24154,24427,GA,13305970300,24.836,31.598702600000003,-81.94632,Florida,UF Health Jacksonville,Comprehensive Stroke Center,-81.66435,30.3478,141.277875,1691,2018,"Census Tract 9703, Wayne County, Georgia",970300,13,305,13305970300,5082,2329,2753,32.3,796,4990.0,12.0,84.0,1974.0,0.0,76.0,2844.0,27.0,434.0,2486.0,16969.0,4692.0,886.0,655.0,438.0,541.0,322.0,174.0,64.0,169.0,4770,4010,760,13,305,970300,204.62232240000003,157391.77800000008,154
158,24155,24428,GA,13245010905,50.648,33.2761837,-81.94632270000001,Georgia,Augusta University Medical Center,Comprehensive Stroke Center,-81.99065,33.47077,21.97245825,1929,2018,"Census Tract 109.05, Richmond County, Georgia",10905,13,245,13245010905,4900,2286,2614,33.5,576,4716.0,31.0,0.0,795.0,0.0,33.0,3857.0,94.0,52.0,3842.0,19992.0,4810.0,698.0,528.0,468.0,407.0,467.0,188.0,85.0,262.0,4861,4211,650,13,245,10905,96.74616964,24429.730999999996,68
159,24190,24463,GA,13245000600,0.895,33.4656402,-81.958138,Georgia,Augusta University Medical Center,Comprehensive Stroke Center,-81.99065,33.47077,3.0752917589999997,1717,2018,"Census Tract 6, Richmond County, Georgia",600,13,245,13245000600,3111,1734,1377,30.4,324,3031.0,0.0,0.0,2048.0,0.0,0.0,983.0,0.0,95.0,888.0,16597.0,2791.0,534.0,331.0,455.0,239.0,238.0,147.0,21.0,69.0,2861,2145,716,13,245,600,3475.977654,3573.22,25
160,24203,24476,GA,13245010600,27.976999999999997,33.401688199999995,-81.96204909999999,Georgia,Augusta University Medical Center,Comprehensive Stroke Center,-81.99065,33.47077,8.110491041,1720,2018,"Census Tract 106, Richmond County, Georgia",10600,13,245,13245010600,4918,2074,2844,31.1,728,4754.0,0.0,3.0,4473.0,0.0,15.0,263.0,57.0,79.0,254.0,15161.0,4811.0,1108.0,363.0,812.0,283.0,280.0,40.0,49.0,36.0,4918,4118,800,13,245,10600,175.78725380000003,12211.422999999997,45
161,24215,24488,GA,13025960200,192.972,31.201860399999997,-81.96742370000001,Florida,UF Health Jacksonville,Comprehensive Stroke Center,-81.66435,30.3478,99.03092734,1423,2018,"Census Tract 9602, Brantley County, Georgia",960200,13,25,13025960200,6036,2911,3125,43.2,1072,5915.0,0.0,183.0,170.0,3.0,14.0,5545.0,24.0,86.0,5475.0,18296.0,5813.0,1016.0,521.0,970.0,361.0,562.0,185.0,127.0,326.0,5979,5134,845,13,25,960200,31.27914931,109758.89799999993,121
162,24229,24502,GA,13033950500,143.319,33.012667300000004,-81.97137990000002,Georgia,Augusta University Medical Center,Comprehensive Stroke Center,-81.99065,33.47077,50.83933674,412,2018,"Census Tract 9505, Burke County, Georgia",950500,13,33,13033950500,5362,2637,2725,36.3,1028,5118.0,0.0,8.0,2199.0,0.0,111.0,2800.0,50.0,180.0,2731.0,30361.0,4912.0,562.0,419.0,522.0,393.0,536.0,240.0,249.0,399.0,5181,4480,701,13,33,950500,37.41304363,54768.61900000005,101
163,24232,24505,GA,13245000700,0.479,33.4683712,-81.9734142,Georgia,Augusta University Medical Center,Comprehensive Stroke Center,-81.99065,33.47077,1.624095387,1718,2018,"Census Tract 7, Richmond County, Georgia",700,13,245,13245000700,1070,590,480,49.0,178,1050.0,0.0,0.0,942.0,0.0,0.0,108.0,6.0,0.0,108.0,16542.0,1056.0,175.0,182.0,162.0,155.0,41.0,37.0,11.0,46.0,1070,902,168,13,245,700,2233.820459,1869.0809999999997,14
164,24234,24507,GA,13245011000,1.143,33.4753038,-81.9743473,Georgia,Augusta University Medical Center,Comprehensive Stroke Center,-81.99065,33.47077,1.596613438,1931,2018,"Census Tract 110, Richmond County, Georgia",11000,13,245,13245011000,1723,871,852,55.1,477,1647.0,0.0,0.0,615.0,0.0,0.0,1032.0,76.0,61.0,975.0,15857.0,1645.0,456.0,203.0,198.0,189.0,99.0,68.0,26.0,127.0,1635,1426,209,13,245,11000,1507.4365699999998,2137.2509999999997,13
165,24256,24529,GA,13245000900,0.433,33.4642397,-81.9820288,Georgia,Augusta University Medical Center,Comprehensive Stroke Center,-81.99065,33.47077,1.080207596,1719,2018,"Census Tract 9, Richmond County, Georgia",900,13,245,13245000900,1325,626,699,37.7,143,1305.0,0.0,12.0,1262.0,0.0,11.0,20.0,0.0,3.0,20.0,13250.0,1251.0,342.0,87.0,233.0,67.0,45.0,13.0,14.0,8.0,1325,912,413,13,245,900,3060.046189,1681.032,12
166,24259,24532,GA,13245001500,0.486,33.454834399999996,-81.9822433,Georgia,Augusta University Medical Center,Comprehensive Stroke Center,-81.99065,33.47077,1.9325291669999998,1087,2018,"Census Tract 15, Richmond County, Georgia",1500,13,245,13245001500,738,345,393,53.2,191,738.0,0.0,0.0,706.0,0.0,4.0,28.0,0.0,0.0,28.0,13879.0,728.0,212.0,110.0,153.0,15.0,49.0,8.0,23.0,22.0,728,571,157,13,245,1500,1518.518519,2742.7950000000005,19
167,24265,24538,GA,13043950300,63.766999999999996,32.376792200000004,-81.985587,Georgia,Augusta University Medical Center,Comprehensive Stroke Center,-81.99065,33.47077,121.3264709,17,2018,"Census Tract 9503, Candler County, Georgia",950300,13,43,13043950300,2571,1179,1392,38.5,446,2514.0,11.0,39.0,470.0,0.0,156.0,1838.0,49.0,493.0,1549.0,19614.0,2487.0,453.0,270.0,380.0,293.0,201.0,137.0,67.0,44.0,2492,1843,649,13,43,950300,40.31866012,132565.042,169
168,24280,24553,GA,13245000300,0.627,33.4812657,-81.9904179,Georgia,Augusta University Medical Center,Comprehensive Stroke Center,-81.99065,33.47077,1.164309012,1724,2018,"Census Tract 3, Richmond County, Georgia",300,13,245,13245000300,1193,681,512,40.6,79,1177.0,4.0,0.0,745.0,0.0,27.0,401.0,1.0,83.0,345.0,14118.0,1178.0,326.0,82.0,210.0,91.0,52.0,31.0,0.0,0.0,1193,804,389,13,245,300,1902.7113239999999,2395.149000000001,18
169,24282,24555,GA,13245001400,0.508,33.4585991,-81.99138740000001,Georgia,Augusta University Medical Center,Comprehensive Stroke Center,-81.99065,33.47077,1.351647396,1803,2018,"Census Tract 14, Richmond County, Georgia",1400,13,245,13245001400,1241,526,715,52.2,311,1226.0,0.0,0.0,1148.0,0.0,25.0,53.0,7.0,36.0,26.0,13088.0,1233.0,382.0,197.0,140.0,108.0,26.0,59.0,0.0,15.0,1241,1000,241,13,245,1400,2442.9133859999997,1786.513,11
170,24297,24570,GA,13245010706,11.824000000000002,33.3575257,-81.995062,Georgia,Augusta University Medical Center,Comprehensive Stroke Center,-81.99065,33.47077,12.56683714,1721,2018,"Census Tract 107.06, Richmond County, Georgia",10706,13,245,13245010706,5196,2646,2550,39.8,685,4941.0,17.0,11.0,2950.0,0.0,181.0,1782.0,245.0,324.0,1669.0,24632.0,4855.0,661.0,476.0,665.0,743.0,384.0,247.0,102.0,270.0,4865,4072,793,13,245,10706,439.44519620000005,13883.277000000007,55
171,24304,24577,GA,13245000200,0.9309999999999999,33.487830800000005,-81.9993932,Georgia,Augusta University Medical Center,Comprehensive Stroke Center,-81.99065,33.47077,2.059378442,1723,2018,"Census Tract 2, Richmond County, Georgia",200,13,245,13245000200,2797,1085,1712,35.6,305,2697.0,14.0,35.0,1431.0,0.0,0.0,1217.0,64.0,59.0,1177.0,14264.0,2682.0,691.0,310.0,260.0,264.0,239.0,68.0,0.0,77.0,2797,2220,577,13,245,200,3004.296455,2740.6400000000003,19
172,24307,24580,GA,13245001000,0.764,33.4710153,-82.0009734,Georgia,Augusta University Medical Center,Comprehensive Stroke Center,-81.99065,33.47077,0.95998313,1707,2018,"Census Tract 10, Richmond County, Georgia",1000,13,245,13245001000,2413,1118,1295,32.2,358,2340.0,0.0,168.0,830.0,13.0,29.0,1300.0,59.0,66.0,1267.0,20793.0,1777.0,380.0,358.0,262.0,248.0,145.0,172.0,24.0,226.0,2239,1691,548,13,245,1000,3158.3769629999997,1162.524,10
173,24314,24587,GA,13165960200,145.99,32.7133409,-82.00434720000001,Georgia,Augusta University Medical Center,Comprehensive Stroke Center,-81.99065,33.47077,84.01324116,654,2018,"Census Tract 9602, Jenkins County, Georgia",960200,13,165,13165960200,2756,1377,1379,40.3,440,2638.0,0.0,48.0,1086.0,0.0,0.0,1504.0,72.0,215.0,1307.0,17377.0,2710.0,463.0,351.0,409.0,212.0,166.0,142.0,65.0,52.0,2756,2364,392,13,165,960200,18.87800534,91231.82099999995,129
174,24315,24588,GA,13245010511,2.8710000000000004,33.3973807,-82.0050858,Georgia,Augusta University Medical Center,Comprehensive Stroke Center,-81.99065,33.47077,8.249724393,1710,2018,"Census Tract 105.11, Richmond County, Georgia",10511,13,245,13245010511,4133,2572,1561,34.0,509,4007.0,0.0,16.0,2873.0,0.0,27.0,1091.0,57.0,71.0,1076.0,12151.0,2892.0,1082.0,308.0,439.0,236.0,240.0,86.0,20.0,30.0,2961,2406,555,13,245,10511,1439.5680949999999,8872.616000000002,42
175,24316,24589,GA,13245010400,1.8719999999999999,33.4410247,-82.005638,Georgia,Augusta University Medical Center,Comprehensive Stroke Center,-81.99065,33.47077,3.581325562,1121,2018,"Census Tract 104, Richmond County, Georgia",10400,13,245,13245010400,3574,1853,1721,31.1,416,3503.0,27.0,7.0,3007.0,0.0,0.0,462.0,45.0,29.0,433.0,12816.0,3548.0,779.0,368.0,362.0,223.0,141.0,83.0,21.0,27.0,3574,3006,568,13,245,10400,1909.188034,4017.6979999999994,18
176,24323,24596,GA,13245001300,0.721,33.4617823,-82.0088438,Georgia,Augusta University Medical Center,Comprehensive Stroke Center,-81.99065,33.47077,1.963187169,1705,2018,"Census Tract 13, Richmond County, Georgia",1300,13,245,13245001300,1580,805,775,37.8,227,1525.0,5.0,0.0,877.0,0.0,69.0,574.0,48.0,75.0,568.0,21518.0,1561.0,246.0,192.0,289.0,187.0,152.0,85.0,11.0,61.0,1568,1247,321,13,245,1300,2191.400832,2692.5390000000007,17
177,24324,24597,GA,13245010101,2.463,33.5058291,-82.0101407,Georgia,Augusta University Medical Center,Comprehensive Stroke Center,-81.99065,33.47077,4.289710455,1708,2018,"Census Tract 101.01, Richmond County, Georgia",10101,13,245,13245010101,2667,1306,1361,31.0,359,2529.0,0.0,64.0,378.0,0.0,8.0,2079.0,95.0,77.0,2068.0,28822.0,2624.0,361.0,80.0,354.0,312.0,241.0,267.0,87.0,134.0,2625,2359,266,13,245,10101,1082.825822,5948.492,24
178,24337,24610,GA,13245010906,19.526,33.319869800000006,-82.01319079999999,Georgia,Augusta University Medical Center,Comprehensive Stroke Center,-81.99065,33.47077,16.86743716,1930,2018,"Census Tract 109.06, Richmond County, Georgia",10906,13,245,13245010906,6421,3124,3297,43.3,1125,6161.0,0.0,42.0,1784.0,0.0,70.0,4265.0,50.0,644.0,3958.0,26875.0,6205.0,1167.0,428.0,566.0,571.0,740.0,384.0,124.0,489.0,6415,5772,643,13,245,10906,328.8435932,17994.595,72
179,24344,24617,GA,13267950400,126.37799999999999,31.9015119,-82.0163337,Georgia,Augusta University Medical Center,Comprehensive Stroke Center,-81.99065,33.47077,174.0456888,1175,2018,"Census Tract 9504, Tattnall County, Georgia",950400,13,267,13267950400,4284,1994,2290,39.1,691,4265.0,0.0,0.0,362.0,0.0,313.0,3590.0,0.0,402.0,3501.0,28376.0,4241.0,454.0,200.0,551.0,596.0,385.0,312.0,84.0,327.0,4273,3801,472,13,267,950400,33.89830508,191265.96599999993,231
180,24346,24619,GA,13245010510,2.092,33.4099853,-82.0178142,Georgia,Augusta University Medical Center,Comprehensive Stroke Center,-81.99065,33.47077,7.199419262999999,1709,2018,"Census Tract 105.10, Richmond County, Georgia",10510,13,245,13245010510,4650,2208,2442,39.4,658,4552.0,11.0,19.0,2209.0,0.0,105.0,2208.0,76.0,340.0,2018.0,19855.0,4628.0,447.0,473.0,770.0,453.0,479.0,212.0,34.0,111.0,4638,4038,600,13,245,10510,2222.753346,8459.741000000004,43
181,24352,24625,GA,13245000100,1.871,33.4880609,-82.0196,Georgia,Augusta University Medical Center,Comprehensive Stroke Center,-81.99065,33.47077,3.304240739,1722,2018,"Census Tract 1, Richmond County, Georgia",100,13,245,13245000100,4093,1964,2129,39.1,879,4038.0,0.0,156.0,1607.0,0.0,0.0,2275.0,18.0,152.0,2136.0,24311.0,4051.0,562.0,365.0,588.0,317.0,279.0,174.0,103.0,540.0,4088,3747,341,13,245,100,2187.600214,3828.288,25
182,24353,24626,GA,13245010300,2.083,33.4496118,-82.02050109999999,Georgia,Augusta University Medical Center,Comprehensive Stroke Center,-81.99065,33.47077,3.634321162,1090,2018,"Census Tract 103, Richmond County, Georgia",10300,13,245,13245010300,5524,2657,2867,29.1,593,5254.0,18.0,0.0,4129.0,0.0,0.0,1107.0,26.0,397.0,851.0,15568.0,5100.0,1087.0,457.0,609.0,471.0,169.0,243.0,18.0,163.0,5398,3969,1429,13,245,10300,2651.9443109999997,4604.648999999999,22
183,24354,24627,GA,13305970400,165.149,31.505237199999996,-82.02138609999999,Florida,UF Health Jacksonville,Comprehensive Stroke Center,-81.66435,30.3478,132.7825186,1695,2018,"Census Tract 9704, Wayne County, Georgia",970400,13,305,13305970400,3528,1753,1775,38.4,720,3447.0,0.0,0.0,319.0,0.0,0.0,3128.0,62.0,149.0,2979.0,22399.0,3509.0,346.0,323.0,554.0,310.0,293.0,265.0,53.0,203.0,3528,2966,562,13,305,970400,21.36252717,146576.3000000002,148
184,24358,24631,GA,13245010106,1.617,33.5164818,-82.0235084,Georgia,Augusta University Medical Center,Comprehensive Stroke Center,-81.99065,33.47077,5.918553995,1917,2018,"Census Tract 101.06, Richmond County, Georgia",10106,13,245,13245010106,4580,1972,2608,34.1,511,4479.0,0.0,88.0,2194.0,0.0,15.0,2182.0,45.0,278.0,1928.0,28856.0,4524.0,733.0,289.0,657.0,546.0,602.0,549.0,137.0,260.0,4507,3988,519,13,245,10106,2832.40569,7391.463999999998,16
185,24361,24634,GA,13245010508,1.327,33.4225797,-82.023898,Georgia,Augusta University Medical Center,Comprehensive Stroke Center,-81.99065,33.47077,6.174514672999999,1716,2018,"Census Tract 105.08, Richmond County, Georgia",10508,13,245,13245010508,4163,1969,2194,27.8,410,3887.0,0.0,19.0,2787.0,0.0,15.0,1066.0,158.0,45.0,1066.0,17836.0,4045.0,853.0,265.0,754.0,244.0,221.0,234.0,31.0,45.0,4120,3561,559,13,245,10508,3137.1514690000004,6903.732000000001,38
186,24368,24641,GA,13245001100,0.797,33.473844,-82.0252876,Georgia,Augusta University Medical Center,Comprehensive Stroke Center,-81.99065,33.47077,3.2376404389999998,1119,2018,"Census Tract 11, Richmond County, Georgia",1100,13,245,13245001100,1887,933,954,32.5,334,1860.0,0.0,41.0,72.0,0.0,0.0,1747.0,5.0,135.0,1612.0,49426.0,1854.0,196.0,32.0,155.0,98.0,125.0,119.0,64.0,406.0,1881,1738,143,13,245,1100,2367.628607,3686.974000000001,27
187,24371,24644,GA,13305970100,146.248,31.714974800000004,-82.0261715,Florida,UF Health Jacksonville,Comprehensive Stroke Center,-81.66435,30.3478,155.4647416,1693,2018,"Census Tract 9701, Wayne County, Georgia",970100,13,305,13305970100,3961,1884,2077,45.8,664,3834.0,0.0,51.0,154.0,0.0,137.0,3492.0,64.0,258.0,3371.0,27376.0,3877.0,488.0,308.0,483.0,313.0,342.0,437.0,116.0,282.0,3940,3442,498,13,305,970100,27.08413107,173373.2640000002,173
188,24377,24650,GA,13245001200,1.4340000000000002,33.4621001,-82.02765649999999,Georgia,Augusta University Medical Center,Comprehensive Stroke Center,-81.99065,33.47077,3.571935686,1802,2018,"Census Tract 12, Richmond County, Georgia",1200,13,245,13245001200,5275,2294,2981,35.5,947,5128.0,0.0,25.0,2791.0,0.0,58.0,2254.0,137.0,176.0,2231.0,28172.0,5141.0,626.0,500.0,554.0,545.0,575.0,315.0,117.0,411.0,5177,4492,685,13,245,1200,3678.5216179999998,4997.612999999999,32
189,24394,24667,GA,13245010509,1.588,33.3975321,-82.0375747,Georgia,Augusta University Medical Center,Comprehensive Stroke Center,-81.99065,33.47077,9.220861644,1713,2018,"Census Tract 105.09, Richmond County, Georgia",10509,13,245,13245010509,4116,1812,2304,34.0,596,4017.0,0.0,32.0,2791.0,0.0,69.0,1125.0,76.0,131.0,1125.0,22500.0,4093.0,742.0,173.0,419.0,306.0,470.0,144.0,67.0,127.0,4084,3338,746,13,245,10509,2591.939547,9887.801,48
190,24396,24669,GA,13245010104,2.8280000000000003,33.531962899999996,-82.03855379999999,Georgia,Augusta University Medical Center,Comprehensive Stroke Center,-81.99065,33.47077,8.116571582999999,1088,2018,"Census Tract 101.04, Richmond County, Georgia",10104,13,245,13245010104,3628,1663,1965,37.2,386,3533.0,0.0,712.0,700.0,0.0,0.0,2121.0,78.0,172.0,1997.0,34436.0,3580.0,370.0,216.0,373.0,404.0,497.0,258.0,63.0,522.0,3597,3075,522,13,245,10104,1282.8854310000002,11285.563,30
191,24404,24677,GA,13245010506,1.78,33.4225106,-82.04135090000001,Georgia,Augusta University Medical Center,Comprehensive Stroke Center,-81.99065,33.47077,7.132540796000001,1120,2018,"Census Tract 105.06, Richmond County, Georgia",10506,13,245,13245010506,4386,1903,2483,29.5,498,4232.0,0.0,0.0,2747.0,0.0,0.0,1485.0,99.0,180.0,1305.0,16579.0,4317.0,741.0,489.0,518.0,395.0,165.0,173.0,48.0,94.0,4377,3832,545,13,245,10506,2464.044944,7990.088999999999,38
192,24419,24692,GA,13245010107,1.1,33.5055706,-82.0483198,Georgia,Augusta University Medical Center,Comprehensive Stroke Center,-81.99065,33.47077,6.604787107999999,1918,2018,"Census Tract 101.07, Richmond County, Georgia",10107,13,245,13245010107,2162,1029,1133,32.0,292,1952.0,0.0,117.0,572.0,0.0,0.0,1263.0,198.0,76.0,1213.0,35925.0,2150.0,150.0,188.0,321.0,195.0,360.0,197.0,81.0,253.0,2118,1938,180,13,245,10107,1965.4545449999998,8423.6,28
193,24420,24693,GA,13245001602,1.476,33.480839,-82.0483999,Georgia,Augusta University Medical Center,Comprehensive Stroke Center,-81.99065,33.47077,5.4827046479999995,1916,2018,"Census Tract 16.02, Richmond County, Georgia",1602,13,245,13245001602,4256,1980,2276,34.9,749,4199.0,0.0,39.0,890.0,15.0,0.0,3255.0,13.0,115.0,3140.0,34283.0,4212.0,403.0,261.0,568.0,227.0,401.0,275.0,96.0,652.0,4247,3863,384,13,245,1602,2883.468835,6131.6900000000005,44
194,24422,24695,GA,13245010709,2.7239999999999998,33.3827762,-82.0487609,Georgia,Augusta University Medical Center,Comprehensive Stroke Center,-81.99065,33.47077,11.1560002,1923,2018,"Census Tract 107.09, Richmond County, Georgia",10709,13,245,13245010709,5691,2500,3191,36.5,631,5571.0,0.0,42.0,4933.0,0.0,115.0,481.0,56.0,198.0,370.0,24837.0,5590.0,952.0,417.0,692.0,846.0,342.0,515.0,146.0,196.0,5650,5236,414,13,245,10709,2089.207048,16826.34900000001,63
195,24423,24696,GA,13245010507,2.613,33.434135600000005,-82.04958409999999,Georgia,Augusta University Medical Center,Comprehensive Stroke Center,-81.99065,33.47077,6.821467495,1712,2018,"Census Tract 105.07, Richmond County, Georgia",10507,13,245,13245010507,6202,3136,3066,38.1,1201,6085.0,26.0,94.0,5051.0,0.0,17.0,897.0,0.0,17.0,897.0,15795.0,5933.0,1354.0,667.0,1213.0,417.0,495.0,127.0,14.0,118.0,6202,5210,992,13,245,10507,2373.51703,7836.762,39
196,24428,24701,GA,13245001601,1.925,33.4688053,-82.0531156,Georgia,Augusta University Medical Center,Comprehensive Stroke Center,-81.99065,33.47077,5.810565475,1915,2018,"Census Tract 16.01, Richmond County, Georgia",1601,13,245,13245001601,3844,1511,2333,27.1,661,3640.0,0.0,46.0,2976.0,0.0,0.0,618.0,60.0,59.0,618.0,14144.0,3548.0,680.0,724.0,521.0,343.0,167.0,49.0,21.0,73.0,3790,3132,658,13,245,1601,1996.883117,6333.174999999998,41
197,24431,24704,GA,13245010710,3.654,33.362397800000004,-82.0565164,Georgia,Augusta University Medical Center,Comprehensive Stroke Center,-81.99065,33.47077,13.49098785,1924,2018,"Census Tract 107.10, Richmond County, Georgia",10710,13,245,13245010710,5844,3032,2812,36.0,451,5645.0,112.0,65.0,3572.0,188.0,170.0,1538.0,144.0,576.0,1426.0,18274.0,5540.0,1081.0,371.0,811.0,539.0,389.0,214.0,49.0,116.0,5574,4609,965,13,245,10710,1599.3431859999998,15942.818000000008,66
198,24432,24705,GA,13245010513,2.083,33.4081179,-82.05704890000001,Georgia,Augusta University Medical Center,Comprehensive Stroke Center,-81.99065,33.47077,9.295610426,1920,2018,"Census Tract 105.13, Richmond County, Georgia",10513,13,245,13245010513,3171,1456,1715,41.1,655,3132.0,0.0,0.0,2689.0,0.0,35.0,408.0,30.0,74.0,408.0,22626.0,3162.0,308.0,430.0,452.0,269.0,303.0,292.0,66.0,72.0,3160,2834,326,13,245,10513,1522.323572,12715.306000000002,63
199,24437,24710,GA,13245010201,2.283,33.4934552,-82.0585527,Georgia,Augusta University Medical Center,Comprehensive Stroke Center,-81.99065,33.47077,6.794060953,1714,2018,"Census Tract 102.01, Richmond County, Georgia",10201,13,245,13245010201,4611,2144,2467,40.1,1086,4439.0,14.0,187.0,298.0,0.0,25.0,3915.0,61.0,175.0,3744.0,43578.0,4480.0,518.0,245.0,270.0,423.0,393.0,399.0,206.0,928.0,4533,4210,323,13,245,10201,2019.7109070000001,8105.382000000003,37
200,24444,24717,GA,13267950201,61.851000000000006,32.113496399999995,-82.0637333,Georgia,Augusta University Medical Center,Comprehensive Stroke Center,-81.99065,33.47077,150.67828930000002,1172,2018,"Census Tract 9502.01, Tattnall County, Georgia",950201,13,267,13267950201,4193,1950,2243,43.3,905,4012.0,0.0,0.0,1404.0,0.0,171.0,2437.0,160.0,258.0,2427.0,21130.0,4093.0,536.0,367.0,610.0,527.0,309.0,242.0,64.0,110.0,4116,3663,453,13,267,950201,67.79195163,165659.12699999998,204
201,24448,24721,GA,13073030102,7.89,33.5504241,-82.065937,Georgia,Augusta University Medical Center,Comprehensive Stroke Center,-81.99065,33.47077,11.26864684,423,2018,"Census Tract 301.02, Columbia County, Georgia",30102,13,73,13073030102,10300,5041,5259,43.3,1858,10085.0,0.0,871.0,1037.0,0.0,133.0,8044.0,160.0,224.0,7972.0,52136.0,10232.0,1010.0,500.0,684.0,540.0,690.0,856.0,454.0,2413.0,10254,10012,242,13,73,30102,1305.4499369999999,15044.726,53
202,24456,24729,GA,13245010105,1.946,33.5044281,-82.0695205,Georgia,Augusta University Medical Center,Comprehensive Stroke Center,-81.99065,33.47077,8.225785562,1801,2018,"Census Tract 101.05, Richmond County, Georgia",10105,13,245,13245010105,4179,1892,2287,48.5,991,4127.0,0.0,58.0,722.0,0.0,16.0,3331.0,0.0,130.0,3217.0,26663.0,4047.0,533.0,413.0,595.0,393.0,455.0,455.0,174.0,229.0,4081,3414,667,13,245,10105,2147.482014,11581.017000000002,39
203,24458,24731,GA,13245010512,1.9909999999999999,33.4248813,-82.0705217,Georgia,Augusta University Medical Center,Comprehensive Stroke Center,-81.99065,33.47077,9.003038226000001,1919,2018,"Census Tract 105.12, Richmond County, Georgia",10512,13,245,13245010512,4856,2206,2650,36.9,639,4749.0,0.0,44.0,3898.0,0.0,129.0,678.0,41.0,96.0,642.0,21037.0,4702.0,847.0,315.0,695.0,502.0,534.0,109.0,97.0,77.0,4782,4289,493,13,245,10512,2438.975389,10097.915,44
204,24467,24740,GA,13245010203,1.9909999999999999,33.475379100000005,-82.0759791,Georgia,Augusta University Medical Center,Comprehensive Stroke Center,-81.99065,33.47077,7.947908176,1715,2018,"Census Tract 102.03, Richmond County, Georgia",10203,13,245,13245010203,4907,2619,2288,31.1,504,4596.0,15.0,146.0,3039.0,0.0,63.0,1333.0,85.0,37.0,1322.0,26123.0,4681.0,608.0,398.0,534.0,377.0,539.0,302.0,169.0,277.0,4758,4331,427,13,245,10203,2464.5906579999996,8668.383999999998,42
205,24478,24751,GA,13043950100,86.177,32.476669,-82.0804938,Georgia,Augusta University Medical Center,Comprehensive Stroke Center,-81.99065,33.47077,110.56919769999999,15,2018,"Census Tract 9501, Candler County, Georgia",950100,13,43,13043950100,4690,2298,2392,39.0,852,4404.0,58.0,88.0,1483.0,0.0,59.0,2716.0,214.0,227.0,2651.0,16955.0,4462.0,931.0,445.0,558.0,324.0,344.0,243.0,60.0,141.0,4534,3593,941,13,43,950100,54.42287385,119042.83499999998,157
206,24479,24752,GA,13073030106,1.871,33.5224312,-82.08106020000001,Georgia,Augusta University Medical Center,Comprehensive Stroke Center,-81.99065,33.47077,10.169399400000001,1504,2018,"Census Tract 301.06, Columbia County, Georgia",30106,13,73,13073030106,3371,1436,1935,46.0,579,3289.0,40.0,276.0,633.0,0.0,23.0,2317.0,44.0,141.0,2239.0,31656.0,3333.0,329.0,62.0,441.0,499.0,269.0,188.0,148.0,513.0,3362,3024,338,13,73,30106,1801.7103149999998,12035.078000000001,36
207,24480,24753,GA,13245010708,3.115,33.391576199999996,-82.0811018,Georgia,Augusta University Medical Center,Comprehensive Stroke Center,-81.99065,33.47077,12.16169309,1922,2018,"Census Tract 107.08, Richmond County, Georgia",10708,13,245,13245010708,6034,2544,3490,36.5,657,5770.0,50.0,142.0,4754.0,156.0,98.0,570.0,216.0,481.0,275.0,18702.0,5986.0,822.0,850.0,703.0,667.0,542.0,492.0,138.0,52.0,5993,5478,515,13,245,10708,1937.078652,14461.359000000006,73
208,24485,24758,GA,13245010504,4.9910000000000005,33.4408999,-82.0825157,Georgia,Augusta University Medical Center,Comprehensive Stroke Center,-81.99065,33.47077,9.160773999,1711,2018,"Census Tract 105.04, Richmond County, Georgia",10504,13,245,13245010504,6829,2889,3940,25.9,795,6656.0,0.0,23.0,4496.0,0.0,29.0,2108.0,60.0,423.0,1752.0,18311.0,6716.0,878.0,597.0,1031.0,627.0,366.0,99.0,36.0,93.0,6799,5689,1110,13,245,10504,1368.2628730000001,11731.824000000004,49
209,24504,24777,GA,13245010712,4.617,33.367294699999995,-82.0934456,Georgia,Augusta University Medical Center,Comprehensive Stroke Center,-81.99065,33.47077,14.93734826,1926,2018,"Census Tract 107.12, Richmond County, Georgia",10712,13,245,13245010712,8402,3748,4654,43.2,1033,8178.0,0.0,90.0,7215.0,0.0,26.0,847.0,224.0,383.0,711.0,27236.0,8402.0,1374.0,642.0,857.0,811.0,988.0,712.0,243.0,611.0,8371,7382,989,13,245,10712,1819.796405,16528.99600000001,79
210,24511,24784,GA,13245010707,1.646,33.4031521,-82.09673190000001,Georgia,Augusta University Medical Center,Comprehensive Stroke Center,-81.99065,33.47077,12.39168692,1921,2018,"Census Tract 107.07, Richmond County, Georgia",10707,13,245,13245010707,3021,1426,1595,30.4,262,2924.0,17.0,88.0,2576.0,0.0,0.0,243.0,57.0,6.0,237.0,26542.0,2959.0,314.0,270.0,291.0,193.0,267.0,256.0,150.0,104.0,3009,2588,421,13,245,10707,1835.3584449999998,14554.132000000007,59
211,24516,24789,GA,13229960100,105.51899999999999,31.3752743,-82.09883690000001,Florida,UF Health Jacksonville,Comprehensive Stroke Center,-81.66435,30.3478,121.2556364,1682,2018,"Census Tract 9601, Pierce County, Georgia",960100,13,229,13229960100,2973,1490,1483,38.6,460,2879.0,4.0,0.0,175.0,0.0,61.0,2639.0,43.0,179.0,2563.0,25279.0,2921.0,302.0,296.0,401.0,322.0,242.0,212.0,100.0,146.0,2973,2534,439,13,229,960100,28.17502061,138824.15700000012,145
212,24521,24794,GA,13033950400,87.663,33.080735600000004,-82.10037259999999,Georgia,Augusta University Medical Center,Comprehensive Stroke Center,-81.99065,33.47077,44.44976903,414,2018,"Census Tract 9504, Burke County, Georgia",950400,13,33,13033950400,4891,2115,2776,32.9,572,4711.0,0.0,0.0,3644.0,0.0,7.0,1060.0,98.0,0.0,1060.0,18998.0,4809.0,836.0,401.0,566.0,399.0,244.0,263.0,111.0,223.0,4891,4217,674,13,33,950400,55.79320808,49340.84700000001,90
213,24523,24796,GA,13073030105,2.198,33.53683710000001,-82.10044090000001,Georgia,Augusta University Medical Center,Comprehensive Stroke Center,-81.99065,33.47077,12.56058559,1503,2018,"Census Tract 301.05, Columbia County, Georgia",30105,13,73,13073030105,6016,3148,2868,37.2,868,5933.0,0.0,664.0,371.0,0.0,69.0,4829.0,55.0,499.0,4396.0,40282.0,5988.0,743.0,466.0,352.0,451.0,562.0,824.0,200.0,758.0,5939,5682,257,13,73,30105,2737.033667,14662.232000000004,48
214,24524,24797,GA,13073030202,0.975,33.5009148,-82.1005663,Georgia,Augusta University Medical Center,Comprehensive Stroke Center,-81.99065,33.47077,10.74859728,424,2018,"Census Tract 302.02, Columbia County, Georgia",30202,13,73,13073030202,3076,1209,1867,42.3,608,2951.0,0.0,101.0,264.0,0.0,0.0,2586.0,106.0,78.0,2515.0,31365.0,3044.0,337.0,160.0,459.0,402.0,566.0,191.0,81.0,193.0,3027,2804,223,13,73,30202,3154.871795,12389.516000000001,40
215,24526,24799,GA,13073030603,1.796,33.520421999999996,-82.101179,Georgia,Augusta University Medical Center,Comprehensive Stroke Center,-81.99065,33.47077,11.65437307,496,2018,"Census Tract 306.03, Columbia County, Georgia",30603,13,73,13073030603,4768,2221,2547,37.8,563,4523.0,0.0,182.0,1331.0,0.0,0.0,3010.0,180.0,121.0,2980.0,20585.0,4703.0,733.0,396.0,482.0,257.0,451.0,326.0,86.0,244.0,4693,3932,761,13,73,30603,2654.788419,13887.779000000004,45
216,24533,24806,GA,13049010200,302.926,30.5779012,-82.1042465,Florida,UF Health Jacksonville,Comprehensive Stroke Center,-81.66435,30.3478,49.34976777,127,2018,"Census Tract 102, Charlton County, Georgia",10200,13,49,13049010200,3106,1648,1458,42.2,502,3047.0,15.0,42.0,85.0,0.0,0.0,2905.0,42.0,21.0,2884.0,30917.0,3065.0,330.0,283.0,321.0,203.0,529.0,293.0,47.0,143.0,3106,2504,602,13,49,10200,10.253329199999998,63925.30999999999,91
217,24535,24808,GA,13073030103,1.973,33.5528239,-82.1085709,Georgia,Augusta University Medical Center,Comprehensive Stroke Center,-81.99065,33.47077,14.24291577,1502,2018,"Census Tract 301.03, Columbia County, Georgia",30103,13,73,13073030103,3389,1670,1719,43.3,647,3323.0,0.0,471.0,311.0,0.0,11.0,2530.0,0.0,156.0,2400.0,43419.0,3323.0,409.0,247.0,200.0,139.0,307.0,218.0,66.0,747.0,3352,3150,202,13,73,30103,1717.6887989999998,17653.523,61
218,24567,24840,GA,13245010204,12.487,33.4481905,-82.1218361,Georgia,Augusta University Medical Center,Comprehensive Stroke Center,-81.99065,33.47077,12.45029491,1706,2018,"Census Tract 102.04, Richmond County, Georgia",10204,13,245,13245010204,16345,8347,7998,33.1,1727,15581.0,85.0,698.0,8996.0,0.0,192.0,5610.0,431.0,734.0,5279.0,30449.0,14631.0,2245.0,898.0,1616.0,1345.0,1534.0,1191.0,691.0,1257.0,14842,13251,1591,13,245,10204,1308.96132,13654.617000000004,42
219,24568,24841,GA,13267950100,102.867,32.2310142,-82.1225587,Georgia,Augusta University Medical Center,Comprehensive Stroke Center,-81.99065,33.47077,138.04450119999998,1171,2018,"Census Tract 9501, Tattnall County, Georgia",950100,13,267,13267950100,3008,1267,1741,45.0,521,2963.0,0.0,0.0,528.0,0.0,46.0,2389.0,16.0,65.0,2360.0,23239.0,2979.0,330.0,427.0,332.0,340.0,210.0,174.0,83.0,189.0,3008,2558,450,13,267,950100,29.24164212,148327.296,178
220,24569,24842,GA,13245010711,3.946,33.367849199999995,-82.12273499999999,Georgia,Augusta University Medical Center,Comprehensive Stroke Center,-81.99065,33.47077,16.76985031,1925,2018,"Census Tract 107.11, Richmond County, Georgia",10711,13,245,13245010711,3236,1429,1807,32.9,274,3086.0,0.0,123.0,2042.0,0.0,3.0,918.0,112.0,52.0,866.0,24518.0,3198.0,436.0,167.0,518.0,356.0,221.0,248.0,88.0,139.0,3187,2777,410,13,245,10711,820.0709578999999,19282.942999999996,69
221,24570,24843,GA,13073030203,2.665,33.4968864,-82.1229093,Georgia,Augusta University Medical Center,Comprehensive Stroke Center,-81.99065,33.47077,12.62884171,497,2018,"Census Tract 302.03, Columbia County, Georgia",30203,13,73,13073030203,6360,2941,3419,36.7,756,6197.0,0.0,108.0,903.0,0.0,131.0,5055.0,147.0,558.0,4618.0,26823.0,6342.0,1004.0,398.0,689.0,472.0,501.0,444.0,266.0,672.0,6329,5664,665,13,73,30203,2386.491557,15100.650000000003,48
222,24574,24847,GA,13043950200,93.115,32.3532656,-82.12542420000001,Georgia,Augusta University Medical Center,Comprehensive Stroke Center,-81.99065,33.47077,124.57406019999999,16,2018,"Census Tract 9502, Candler County, Georgia",950200,13,43,13043950200,3566,1886,1680,36.0,547,3495.0,0.0,103.0,619.0,0.0,85.0,2688.0,21.0,474.0,2299.0,19190.0,3462.0,708.0,193.0,466.0,291.0,185.0,132.0,39.0,196.0,3537,2908,629,13,43,950200,38.29672985,139206.84000000003,169
223,24575,24848,GA,13073030201,2.735,33.517871,-82.1259632,Georgia,Augusta University Medical Center,Comprehensive Stroke Center,-81.99065,33.47077,13.61648621,493,2018,"Census Tract 302.01, Columbia County, Georgia",30201,13,73,13073030201,6600,2823,3777,42.0,1518,6374.0,0.0,176.0,593.0,0.0,24.0,5581.0,116.0,127.0,5545.0,27161.0,6305.0,740.0,640.0,796.0,536.0,971.0,515.0,122.0,568.0,6294,5848,446,13,73,30201,2413.162706,16569.612000000005,56
224,24582,24855,GA,13073030309,8.713,33.567275099999996,-82.12882409999999,Georgia,Augusta University Medical Center,Comprehensive Stroke Center,-81.99065,33.47077,16.713775599999998,1508,2018,"Census Tract 303.09, Columbia County, Georgia",30309,13,73,13073030309,10794,5492,5302,38.3,1144,10459.0,31.0,469.0,976.0,0.0,144.0,8839.0,219.0,118.0,8721.0,39222.0,10678.0,1589.0,456.0,682.0,798.0,844.0,819.0,382.0,1927.0,10749,10165,584,13,73,30309,1238.838517,19901.764,65
225,24596,24869,GA,13245010904,18.812,33.333487,-82.1350999,Georgia,Augusta University Medical Center,Comprehensive Stroke Center,-81.99065,33.47077,20.30793505,1928,2018,"Census Tract 109.04, Richmond County, Georgia",10904,13,245,13245010904,3656,1833,1823,35.1,434,3311.0,16.0,105.0,1017.0,0.0,24.0,2149.0,312.0,252.0,2092.0,22088.0,3614.0,545.0,320.0,494.0,445.0,350.0,134.0,70.0,154.0,3656,3084,572,13,245,10904,194.34403569999998,24539.943999999992,70
226,24599,24872,GA,13025960300,137.20600000000002,31.151742499999997,-82.1368405,Florida,UF Health Jacksonville,Comprehensive Stroke Center,-81.66435,30.3478,99.95403701,1424,2018,"Census Tract 9603, Brantley County, Georgia",960300,13,25,13025960300,5305,2513,2792,37.2,786,5264.0,0.0,0.0,295.0,0.0,0.0,4969.0,0.0,116.0,4853.0,25799.0,5264.0,885.0,321.0,489.0,529.0,587.0,284.0,105.0,284.0,5305,4307,998,13,25,960300,38.66448989,106759.87099999993,148
227,24604,24877,GA,13245010903,40.159,33.2853429,-82.1396247,Georgia,Augusta University Medical Center,Comprehensive Stroke Center,-81.99065,33.47077,24.80173621,1927,2018,"Census Tract 109.03, Richmond County, Georgia",10903,13,245,13245010903,4831,2358,2473,42.5,726,4594.0,45.0,0.0,1464.0,0.0,33.0,3052.0,192.0,315.0,2825.0,27047.0,4786.0,824.0,325.0,391.0,364.0,603.0,370.0,84.0,399.0,4830,4265,565,13,245,10903,120.29682009999999,28606.57999999999,84
228,24606,24879,GA,13267950202,105.675,32.0092578,-82.14055390000001,Georgia,Augusta University Medical Center,Comprehensive Stroke Center,-81.99065,33.47077,162.68925009999998,1173,2018,"Census Tract 9502.02, Tattnall County, Georgia",950202,13,267,13267950202,7744,5912,1832,35.3,434,7516.0,80.0,30.0,2785.0,5.0,1435.0,3181.0,195.0,1711.0,3024.0,10621.0,3333.0,1819.0,442.0,500.0,418.0,232.0,118.0,85.0,167.0,3358,2522,836,13,267,950202,73.28128696,174427.96599999996,217
229,24639,24914,GA,13073030307,4.468999999999999,33.5366381,-82.15945620000001,Georgia,Augusta University Medical Center,Comprehensive Stroke Center,-81.99065,33.47077,17.3031522,1506,2018,"Census Tract 303.07, Columbia County, Georgia",30307,13,73,13073030307,6760,3518,3242,37.8,996,6495.0,0.0,206.0,625.0,0.0,30.0,5634.0,219.0,260.0,5463.0,39358.0,6678.0,719.0,405.0,597.0,286.0,603.0,390.0,356.0,1191.0,6588,6259,329,13,73,30307,1512.6426490000001,20105.645999999997,68
230,24661,24936,GA,13073030302,8.145,33.4935954,-82.1750614,Georgia,Augusta University Medical Center,Comprehensive Stroke Center,-81.99065,33.47077,17.3254459,495,2018,"Census Tract 303.02, Columbia County, Georgia",30302,13,73,13073030302,11947,5653,6294,41.6,1829,11335.0,66.0,496.0,1103.0,0.0,184.0,9486.0,370.0,443.0,9150.0,30107.0,11683.0,1360.0,1075.0,1210.0,1140.0,1590.0,806.0,297.0,1316.0,11771,10668,1103,13,73,30302,1466.7894410000001,24116.92099999999,43
231,24662,24937,GA,13033950200,92.139,33.203886499999996,-82.17535190000001,Georgia,Augusta University Medical Center,Comprehensive Stroke Center,-81.99065,33.47077,34.23210834,411,2018,"Census Tract 9502, Burke County, Georgia",950200,13,33,13033950200,2615,1317,1298,35.7,405,2603.0,0.0,49.0,545.0,0.0,20.0,1989.0,0.0,69.0,1947.0,27117.0,2601.0,301.0,181.0,201.0,220.0,199.0,168.0,38.0,185.0,2587,2187,400,13,33,950200,28.381033000000002,36266.282000000014,94
232,24665,24940,GA,13073030308,8.232000000000001,33.587467499999995,-82.1763052,Georgia,Augusta University Medical Center,Comprehensive Stroke Center,-81.99065,33.47077,21.56263959,1507,2018,"Census Tract 303.08, Columbia County, Georgia",30308,13,73,13073030308,10655,5227,5428,34.4,1025,9834.0,0.0,234.0,1107.0,0.0,214.0,8279.0,683.0,1031.0,7609.0,47572.0,10496.0,1404.0,427.0,499.0,496.0,556.0,806.0,395.0,2012.0,10505,10173,332,13,73,30308,1294.339164,27020.295000000006,78
233,24667,24942,GA,13049010100,477.161,30.926545299999997,-82.1764728,Florida,UF Health Jacksonville,Comprehensive Stroke Center,-81.66435,30.3478,80.78920027,126,2018,"Census Tract 101, Charlton County, Georgia",10100,13,49,13049010100,9877,5874,4003,41.6,1425,9564.0,222.0,54.0,3273.0,16.0,236.0,5763.0,295.0,1082.0,5083.0,20895.0,8663.0,1627.0,938.0,1037.0,820.0,1011.0,399.0,192.0,284.0,8733,6834,1899,13,49,10100,20.69951232,85353.95299999992,126
234,24668,24943,GA,13073030306,3.75,33.514792,-82.17661690000001,Georgia,Augusta University Medical Center,Comprehensive Stroke Center,-81.99065,33.47077,17.9584451,1505,2018,"Census Tract 303.06, Columbia County, Georgia",30306,13,73,13073030306,6164,2692,3472,33.0,618,5602.0,0.0,99.0,1430.0,0.0,0.0,4073.0,420.0,480.0,3601.0,40830.0,5976.0,608.0,384.0,420.0,359.0,581.0,493.0,205.0,872.0,6098,5596,502,13,73,30306,1643.733333,20642.97599999999,60
235,24689,24964,GA,13073030505,7.746,33.47524,-82.1861728,Georgia,Augusta University Medical Center,Comprehensive Stroke Center,-81.99065,33.47077,18.18087167,1513,2018,"Census Tract 305.05, Columbia County, Georgia",30505,13,73,13073030505,8095,4260,3835,31.3,486,7527.0,25.0,85.0,2325.0,0.0,199.0,4893.0,334.0,1132.0,3898.0,38904.0,7810.0,856.0,370.0,748.0,351.0,1016.0,527.0,292.0,750.0,7600,6572,1028,13,73,30505,1045.055513,22461.78799999999,35
236,24695,24970,GA,13001950400,150.101,31.666797100000004,-82.188242,Florida,UF Health Jacksonville,Comprehensive Stroke Center,-81.66435,30.3478,154.5572664,1361,2018,"Census Tract 9504, Appling County, Georgia",950400,13,1,13001950400,1669,856,813,44.4,374,1666.0,4.0,0.0,419.0,0.0,28.0,1215.0,2.0,133.0,1114.0,21618.0,1668.0,274.0,132.0,239.0,213.0,145.0,75.0,30.0,59.0,1669,1482,187,13,1,950400,11.11917975,170175.35200000025,175
237,24697,24972,GA,13107970100,188.449,32.5249943,-82.1891917,Georgia,Augusta University Medical Center,Comprehensive Stroke Center,-81.99065,33.47077,106.51912959999999,1372,2018,"Census Tract 9701, Emanuel County, Georgia",970100,13,107,13107970100,5322,2777,2545,37.0,792,5059.0,4.0,50.0,1573.0,0.0,77.0,3355.0,166.0,270.0,3243.0,19909.0,4782.0,721.0,583.0,679.0,518.0,355.0,238.0,46.0,147.0,4879,3873,1006,13,107,970100,28.24106257,116751.10199999997,145
238,24726,25001,GA,13073030506,12.31,33.4383492,-82.20369709999999,Georgia,Augusta University Medical Center,Comprehensive Stroke Center,-81.99065,33.47077,20.13096984,1514,2018,"Census Tract 305.06, Columbia County, Georgia",30506,13,73,13073030506,12947,6551,6396,32.0,1205,11662.0,177.0,91.0,4032.0,0.0,340.0,7022.0,915.0,1615.0,5868.0,30789.0,12461.0,1444.0,439.0,1594.0,1243.0,1396.0,1239.0,518.0,693.0,11764,10570,1194,13,73,30506,1051.746548,23019.505999999987,52
239,24732,25007,GA,13033950900,182.50099999999998,32.9603348,-82.20512729999999,Georgia,Augusta University Medical Center,Comprehensive Stroke Center,-81.99065,33.47077,60.03869106,1449,2018,"Census Tract 9509, Burke County, Georgia",950900,13,33,13033950900,1698,917,781,39.9,278,1667.0,5.0,3.0,599.0,0.0,52.0,1008.0,22.0,241.0,825.0,25098.0,1656.0,227.0,167.0,207.0,243.0,173.0,101.0,35.0,58.0,1691,1375,316,13,33,950900,9.304058608,66330.08800000005,97
240,24734,25009,GA,13229960400,72.244,31.2800191,-82.2062762,Florida,UF Health Jacksonville,Comprehensive Stroke Center,-81.66435,30.3478,115.6310305,1685,2018,"Census Tract 9604, Pierce County, Georgia",960400,13,229,13229960400,8454,4213,4241,37.4,1220,8054.0,23.0,0.0,493.0,0.0,276.0,7262.0,180.0,321.0,7217.0,25394.0,8149.0,990.0,385.0,1238.0,930.0,963.0,331.0,165.0,349.0,8369,7113,1256,13,229,960400,117.0200986,122432.30899999994,163
241,24743,25018,GA,13073030304,15.024000000000001,33.541396899999995,-82.2098495,Georgia,Augusta University Medical Center,Comprehensive Stroke Center,-81.99065,33.47077,21.82163804,494,2018,"Census Tract 303.04, Columbia County, Georgia",30304,13,73,13073030304,9398,4340,5058,37.4,1083,8968.0,0.0,679.0,1434.0,0.0,61.0,6794.0,125.0,678.0,6357.0,42455.0,9093.0,776.0,462.0,676.0,605.0,908.0,564.0,502.0,1435.0,9276,8811,465,13,73,30304,625.5324813999999,27706.161,69
242,24768,25043,GA,13245010800,69.187,33.363218800000006,-82.217116,Georgia,Augusta University Medical Center,Comprehensive Stroke Center,-81.99065,33.47077,24.20701886,1089,2018,"Census Tract 108, Richmond County, Georgia",10800,13,245,13245010800,8084,5576,2508,21.6,30,7422.0,8.0,205.0,1989.0,64.0,395.0,4761.0,587.0,1528.0,3716.0,22352.0,3689.0,1333.0,740.0,1442.0,1137.0,594.0,221.0,81.0,370.0,3222,3183,39,13,245,10800,116.8427595,34433.242,73
243,24806,25081,GA,13279970100,105.08200000000001,32.1644306,-82.24059220000001,Georgia,Augusta University Medical Center,Comprehensive Stroke Center,-81.99065,33.47077,146.7530091,1830,2018,"Census Tract 9701, Toombs County, Georgia",970100,13,279,13279970100,4756,2136,2620,40.2,760,4733.0,0.0,0.0,1471.0,0.0,511.0,2751.0,0.0,438.0,2705.0,20920.0,4715.0,839.0,280.0,628.0,530.0,303.0,158.0,82.0,115.0,4756,3720,1036,13,279,970100,45.25989227,161677.29700000002,195
244,24828,25103,GA,13107970200,154.576,32.7456516,-82.2509755,Georgia,Augusta University Medical Center,Comprehensive Stroke Center,-81.99065,33.47077,84.01082317,1373,2018,"Census Tract 9702, Emanuel County, Georgia",970200,13,107,13107970200,1818,876,942,39.2,346,1816.0,7.0,0.0,555.0,0.0,0.0,1254.0,0.0,0.0,1254.0,18281.0,1809.0,341.0,178.0,254.0,109.0,127.0,87.0,30.0,85.0,1818,1422,396,13,107,970200,11.76120484,94060.50799999997,128
245,24843,25118,GA,13229960200,82.65299999999999,31.4349423,-82.25925670000001,Florida,UF Health Jacksonville,Comprehensive Stroke Center,-81.66435,30.3478,133.27559309999998,1684,2018,"Census Tract 9602, Pierce County, Georgia",960200,13,229,13229960200,1915,1036,879,41.1,324,1884.0,0.0,0.0,190.0,0.0,206.0,1488.0,13.0,273.0,1421.0,19634.0,1897.0,305.0,182.0,361.0,213.0,64.0,151.0,54.0,79.0,1909,1473,436,13,229,960200,23.16915296,144892.84800000017,177
246,24888,25163,GA,13073030503,37.306,33.4296875,-82.27719570000001,Georgia,Augusta University Medical Center,Comprehensive Stroke Center,-81.99065,33.47077,27.02862094,1511,2018,"Census Tract 305.03, Columbia County, Georgia",30503,13,73,13073030503,9003,4319,4684,32.4,862,8511.0,0.0,136.0,2415.0,0.0,69.0,5891.0,353.0,1215.0,4874.0,29065.0,8864.0,880.0,557.0,1072.0,627.0,843.0,482.0,350.0,792.0,8652,7451,1201,13,73,30503,241.32847259999997,31472.140999999996,54
247,24891,25166,GA,13001950100,125.836,31.878713399999995,-82.27831390000001,Georgia,Augusta University Medical Center,Comprehensive Stroke Center,-81.99065,33.47077,178.6064728,1363,2018,"Census Tract 9501, Appling County, Georgia",950100,13,1,13001950100,3011,1500,1511,42.4,551,2957.0,0.0,0.0,100.0,0.0,0.0,2857.0,0.0,28.0,2829.0,25718.0,2934.0,546.0,247.0,261.0,395.0,159.0,268.0,83.0,230.0,2988,2556,432,13,1,950100,23.92796974,203069.09299999988,248
248,24907,25182,GA,13001950200,60.567,31.784919,-82.2853181,Florida,UF Health Jacksonville,Comprehensive Stroke Center,-81.66435,30.3478,169.9977767,1360,2018,"Census Tract 9502, Appling County, Georgia",950200,13,1,13001950200,4301,2290,2011,38.7,715,4246.0,61.0,0.0,1765.0,0.0,140.0,2280.0,6.0,209.0,2211.0,18249.0,3944.0,791.0,420.0,614.0,438.0,357.0,111.0,18.0,174.0,3985,3249,736,13,1,950200,71.01226741,185149.94100000022,192
249,24912,25187,GA,13299950900,132.333,31.0545356,-82.28783309999999,Florida,UF Health Jacksonville,Comprehensive Stroke Center,-81.66435,30.3478,98.52204166,1687,2018,"Census Tract 9509, Ware County, Georgia",950900,13,299,13299950900,3755,1700,2055,41.5,504,3697.0,0.0,121.0,854.0,0.0,62.0,2660.0,0.0,169.0,2553.0,21635.0,3660.0,501.0,356.0,504.0,422.0,268.0,215.0,56.0,180.0,3755,3168,587,13,299,950900,28.37538634,107128.33599999992,139
250,24931,25206,GA,13073030401,56.88399999999999,33.6498445,-82.29776030000001,Georgia,Augusta University Medical Center,Comprehensive Stroke Center,-81.99065,33.47077,34.75273113,1509,2018,"Census Tract 304.01, Columbia County, Georgia",30401,13,73,13073030401,2806,1416,1390,48.6,610,2720.0,12.0,7.0,488.0,0.0,9.0,2204.0,36.0,7.0,2204.0,19924.0,2667.0,574.0,193.0,304.0,112.0,252.0,209.0,72.0,277.0,2717,2280,437,13,73,30401,49.32845791,39407.193999999996,60
251,24958,25233,GA,13107970300,57.508,32.6611326,-82.30826540000001,Georgia,Augusta University Medical Center,Comprehensive Stroke Center,-81.99065,33.47077,94.56496439,1374,2018,"Census Tract 9703, Emanuel County, Georgia",970300,13,107,13107970300,4675,2333,2342,31.5,617,4458.0,0.0,0.0,2282.0,0.0,163.0,2013.0,66.0,435.0,1741.0,25375.0,4471.0,635.0,345.0,361.0,542.0,531.0,143.0,84.0,92.0,4675,4002,673,13,107,970300,81.29303749,102537.55899999998,141
252,24969,25244,GA,13299950600,6.666,31.2156711,-82.3135877,Florida,UF Health Jacksonville,Comprehensive Stroke Center,-81.66435,30.3478,114.54114009999998,1338,2018,"Census Tract 9506, Ware County, Georgia",950600,13,299,13299950600,6127,2893,3234,35.3,1047,5981.0,0.0,0.0,1218.0,13.0,0.0,4750.0,112.0,0.0,4750.0,30622.0,5991.0,656.0,326.0,631.0,746.0,645.0,519.0,159.0,489.0,6127,5238,889,13,299,950600,919.1419142000001,120569.48799999994,165
253,24979,25254,GA,13073030402,83.301,33.55605870000001,-82.31592640000001,Georgia,Augusta University Medical Center,Comprehensive Stroke Center,-81.99065,33.47077,31.66676531,1510,2018,"Census Tract 304.02, Columbia County, Georgia",30402,13,73,13073030402,11253,6122,5131,33.3,879,10876.0,33.0,620.0,2379.0,0.0,89.0,7755.0,303.0,349.0,7442.0,31327.0,11102.0,1515.0,841.0,599.0,736.0,798.0,673.0,461.0,1215.0,10685,9918,767,13,73,30402,135.0884143,35963.238999999994,45
254,25002,25277,GA,13229960300,80.033,31.337984999999996,-82.3296675,Florida,UF Health Jacksonville,Comprehensive Stroke Center,-81.66435,30.3478,126.89270890000002,1683,2018,"Census Tract 9603, Pierce County, Georgia",960300,13,229,13229960300,5822,2900,2922,44.0,1170,5804.0,32.0,0.0,916.0,0.0,18.0,4838.0,0.0,119.0,4737.0,17923.0,5742.0,1081.0,624.0,699.0,590.0,389.0,261.0,146.0,318.0,5740,4739,1001,13,229,960300,72.74499269,137055.59400000007,187
255,25006,25281,GA,13073030504,22.092,33.4510882,-82.33010809999999,Georgia,Augusta University Medical Center,Comprehensive Stroke Center,-81.99065,33.47077,31.63287125,1512,2018,"Census Tract 305.04, Columbia County, Georgia",30504,13,73,13073030504,3593,1891,1702,38.9,572,3479.0,30.0,0.0,480.0,0.0,12.0,2957.0,58.0,49.0,2920.0,26890.0,3537.0,552.0,282.0,346.0,391.0,267.0,339.0,115.0,195.0,3572,3219,353,13,73,30504,162.638059,34721.851,53
256,25024,25300,GA,13107970600,128.805,32.4663186,-82.336877,Georgia,Augusta University Medical Center,Comprehensive Stroke Center,-81.99065,33.47077,116.0043791,1377,2018,"Census Tract 9706, Emanuel County, Georgia",970600,13,107,13107970600,4593,2030,2563,43.9,873,4491.0,0.0,0.0,972.0,0.0,92.0,3427.0,87.0,130.0,3386.0,19773.0,4494.0,779.0,470.0,693.0,332.0,488.0,318.0,59.0,150.0,4509,3829,680,13,107,970600,35.65855363,124433.48399999998,156
257,25037,25313,GA,13299950500,5.052,31.2425113,-82.3415613,Florida,UF Health Jacksonville,Comprehensive Stroke Center,-81.66435,30.3478,118.4903999,1337,2018,"Census Tract 9505, Ware County, Georgia",950500,13,299,13299950500,4838,2241,2597,45.0,1049,4634.0,150.0,0.0,1546.0,0.0,0.0,2938.0,145.0,0.0,2938.0,24752.0,4633.0,695.0,479.0,737.0,521.0,841.0,237.0,35.0,226.0,4692,4017,675,13,299,950500,957.6405384,124450.98699999994,190
258,25051,25327,GA,13279970600,140.47,32.0155837,-82.3447063,Georgia,Augusta University Medical Center,Comprehensive Stroke Center,-81.99065,33.47077,164.7559184,1828,2018,"Census Tract 9706, Toombs County, Georgia",970600,13,279,13279970600,3064,1650,1414,43.7,586,2877.0,0.0,0.0,466.0,0.0,181.0,2230.0,70.0,197.0,2230.0,30840.0,2947.0,303.0,235.0,346.0,297.0,476.0,160.0,39.0,216.0,3064,2607,457,13,279,970600,21.81248665,178510.5599999999,221
259,25058,25334,GA,13163960100,125.39200000000001,33.2097134,-82.3465515,Georgia,Augusta University Medical Center,Comprehensive Stroke Center,-81.99065,33.47077,44.00053095,525,2018,"Census Tract 9601, Jefferson County, Georgia",960100,13,163,13163960100,4387,2111,2276,44.4,849,4236.0,0.0,13.0,2129.0,0.0,25.0,2069.0,24.0,25.0,2069.0,19637.0,4258.0,751.0,520.0,422.0,472.0,293.0,230.0,160.0,213.0,4387,3832,555,13,163,960100,34.98628302,48659.829000000005,89
260,25073,25349,GA,13299950700,0.723,31.2053976,-82.3527035,Florida,UF Health Jacksonville,Comprehensive Stroke Center,-81.66435,30.3478,115.6789213,1688,2018,"Census Tract 9507, Ware County, Georgia",950700,13,299,13299950700,1285,545,740,41.5,266,1275.0,9.0,5.0,996.0,0.0,0.0,265.0,0.0,0.0,265.0,12542.0,1267.0,258.0,209.0,145.0,144.0,42.0,22.0,0.0,55.0,1285,1067,218,13,299,950700,1777.316736,121176.66099999993,166
261,25098,25375,GA,13299950400,0.982,31.2249262,-82.360104,Florida,UF Health Jacksonville,Comprehensive Stroke Center,-81.66435,30.3478,117.86000630000001,1689,2018,"Census Tract 9504, Ware County, Georgia",950400,13,299,13299950400,1826,701,1125,42.0,519,1777.0,0.0,7.0,1659.0,0.0,0.0,111.0,8.0,12.0,99.0,14517.0,1785.0,342.0,303.0,281.0,148.0,73.0,16.0,7.0,62.0,1826,1614,212,13,299,950400,1859.470468,122927.87399999994,185
262,25130,25407,GA,13279970200,46.722,32.2690221,-82.3716548,Georgia,Augusta University Medical Center,Comprehensive Stroke Center,-81.99065,33.47077,137.9638237,1827,2018,"Census Tract 9702, Toombs County, Georgia",970200,13,279,13279970200,5434,2196,3238,37.0,1032,5376.0,0.0,0.0,1820.0,0.0,260.0,3296.0,1.0,260.0,3296.0,20728.0,5134.0,957.0,468.0,498.0,642.0,373.0,238.0,55.0,203.0,5192,4314,878,13,279,970200,116.3049527,150664.76099999997,183
263,25131,25408,GA,13279970400,9.035,32.192092800000005,-82.3717063,Georgia,Augusta University Medical Center,Comprehensive Stroke Center,-81.99065,33.47077,146.2262486,1826,2018,"Census Tract 9704, Toombs County, Georgia",970400,13,279,13279970400,4033,1778,2255,36.1,591,3813.0,0.0,229.0,774.0,0.0,489.0,2321.0,139.0,675.0,2140.0,21250.0,3845.0,657.0,269.0,630.0,362.0,344.0,79.0,143.0,307.0,4033,3567,466,13,279,970400,446.37520750000004,159326.7839999999,206
264,25133,25410,GA,13001950300,27.74,31.7668418,-82.3719348,Florida,UF Health Jacksonville,Comprehensive Stroke Center,-81.66435,30.3478,171.2115959,1364,2018,"Census Tract 9503, Appling County, Georgia",950300,13,1,13001950300,5609,2789,2820,36.8,868,5268.0,0.0,139.0,817.0,0.0,318.0,3994.0,257.0,804.0,3547.0,19422.0,5404.0,926.0,502.0,597.0,518.0,381.0,276.0,16.0,265.0,5488,4551,937,13,1,950300,202.1989906,185402.81200000024,207
265,25160,25437,GA,13279970500,47.542,32.137885499999996,-82.37902840000001,Georgia,Augusta University Medical Center,Comprehensive Stroke Center,-81.99065,33.47077,152.2275978,1829,2018,"Census Tract 9705, Toombs County, Georgia",970500,13,279,13279970500,3749,2012,1737,30.5,457,3559.0,0.0,18.0,527.0,0.0,325.0,2689.0,163.0,584.0,2518.0,19274.0,3707.0,650.0,318.0,436.0,383.0,314.0,166.0,40.0,123.0,3742,3051,691,13,279,970500,78.85658996,165338.17599999995,212
266,25161,25438,GA,13299950300,2.571,31.234132799999998,-82.3792667,Florida,UF Health Jacksonville,Comprehensive Stroke Center,-81.66435,30.3478,119.74033159999999,1336,2018,"Census Tract 9503, Ware County, Georgia",950300,13,299,13299950300,2294,1131,1163,41.8,430,2256.0,9.0,214.0,420.0,0.0,30.0,1583.0,29.0,101.0,1564.0,19753.0,2285.0,254.0,411.0,383.0,267.0,153.0,86.0,64.0,45.0,2294,1939,355,13,299,950300,892.2598211000001,125519.42399999994,186
267,25170,25447,GA,13001950500,144.03,31.6892652,-82.3809625,Florida,UF Health Jacksonville,Comprehensive Stroke Center,-81.66435,30.3478,163.712284,1362,2018,"Census Tract 9505, Appling County, Georgia",950500,13,1,13001950500,3864,1918,1946,38.0,544,3707.0,7.0,0.0,217.0,0.0,42.0,3441.0,39.0,510.0,2973.0,24667.0,3746.0,465.0,295.0,538.0,383.0,321.0,275.0,80.0,206.0,3864,3343,521,13,1,950500,26.82774422,176220.00500000024,198
268,25187,25464,GA,13005970100,144.763,31.563144399999995,-82.3878355,Florida,UF Health Jacksonville,Comprehensive Stroke Center,-81.66435,30.3478,151.44026619999997,720,2018,"Census Tract 9701, Bacon County, Georgia",970100,13,5,13005970100,2870,1538,1332,42.4,504,2791.0,0.0,3.0,59.0,0.0,0.0,2729.0,34.0,212.0,2517.0,22708.0,2825.0,347.0,325.0,302.0,148.0,375.0,215.0,36.0,145.0,2870,2215,655,13,5,970100,19.825507899999998,162317.4290000002,191
269,25197,25474,GA,13181970200,103.587,33.7333742,-82.39089670000001,Georgia,Augusta University Medical Center,Comprehensive Stroke Center,-81.99065,33.47077,47.2054494,24,2018,"Census Tract 9702, Lincoln County, Georgia",970200,13,181,13181970200,4182,1937,2245,50.0,948,4112.0,0.0,0.0,1015.0,0.0,37.0,3060.0,28.0,109.0,2988.0,24512.0,4140.0,448.0,435.0,675.0,536.0,441.0,217.0,94.0,222.0,4182,3676,506,13,181,970200,40.37186133,51430.975,74
270,25200,25477,GA,13189950500,71.2,33.3841141,-82.3919233,Georgia,Augusta University Medical Center,Comprehensive Stroke Center,-81.99065,33.47077,38.53617264,1642,2018,"Census Tract 9505, McDuffie County, Georgia",950500,13,189,13189950500,5596,2555,3041,38.1,882,5436.0,0.0,28.0,1443.0,0.0,160.0,3805.0,158.0,203.0,3799.0,20586.0,5594.0,702.0,583.0,831.0,242.0,462.0,264.0,88.0,235.0,5541,4813,728,13,189,950500,78.59550562,43725.94700000003,68
271,25293,25570,GA,13107970400,74.461,32.6155793,-82.41932270000001,Georgia,Augusta University Medical Center,Comprehensive Stroke Center,-81.99065,33.47077,102.950644,1375,2018,"Census Tract 9704, Emanuel County, Georgia",970400,13,107,13107970400,4681,2342,2339,30.7,573,4520.0,0.0,0.0,2006.0,0.0,0.0,2514.0,58.0,155.0,2359.0,19026.0,4355.0,732.0,395.0,809.0,346.0,360.0,116.0,26.0,176.0,4458,3652,806,13,107,970400,62.86512402,117405.10499999995,150
272,25298,25575,GA,13163960300,218.03900000000002,33.0243268,-82.4203074,Georgia,Augusta University Medical Center,Comprehensive Stroke Center,-81.99065,33.47077,63.67806995,523,2018,"Census Tract 9603, Jefferson County, Georgia",960300,13,163,13163960300,5683,2788,2895,36.9,848,5577.0,3.0,4.0,3307.0,0.0,132.0,2131.0,5.0,169.0,2094.0,17846.0,5202.0,866.0,652.0,896.0,611.0,296.0,242.0,76.0,160.0,5303,4715,588,13,163,960300,26.06414449,72128.54700000004,102
273,25317,25594,GA,13163960400,102.479,32.8627836,-82.42577469999999,Georgia,Augusta University Medical Center,Comprehensive Stroke Center,-81.99065,33.47077,78.70267096,524,2018,"Census Tract 9604, Jefferson County, Georgia",960400,13,163,13163960400,3395,1692,1703,42.2,673,3326.0,0.0,1.0,2208.0,0.0,86.0,1031.0,11.0,222.0,910.0,17047.0,3256.0,648.0,369.0,501.0,329.0,266.0,96.0,38.0,90.0,3314,2742,572,13,163,960400,33.12873857,87923.02999999998,129
274,25329,25606,GA,13279970300,15.157,32.2109265,-82.42877990000001,Georgia,Augusta University Medical Center,Comprehensive Stroke Center,-81.99065,33.47077,145.61470419999998,1825,2018,"Census Tract 9703, Toombs County, Georgia",970300,13,279,13279970300,6012,2719,3293,34.1,957,5778.0,4.0,0.0,1831.0,0.0,491.0,3452.0,166.0,840.0,3277.0,22074.0,5944.0,977.0,534.0,798.0,496.0,476.0,461.0,144.0,353.0,5977,5057,920,13,279,970300,396.6484133,156397.1939999999,200
275,25442,25719,GA,13189950200,18.219,33.4854063,-82.4590291,Georgia,Augusta University Medical Center,Comprehensive Stroke Center,-81.99065,33.47077,43.56415904,1643,2018,"Census Tract 9502, McDuffie County, Georgia",950200,13,189,13189950200,5296,2323,2973,31.9,726,5148.0,0.0,21.0,3116.0,138.0,247.0,1626.0,58.0,247.0,1626.0,18863.0,5174.0,815.0,389.0,915.0,346.0,346.0,314.0,113.0,223.0,5296,4739,557,13,189,950200,290.6855481,48567.62699999996,56
276,25540,25817,GA,13005970202,75.152,31.4896064,-82.4891054,Florida,UF Health Jacksonville,Comprehensive Stroke Center,-81.66435,30.3478,149.1288282,1523,2018,"Census Tract 9702.02, Bacon County, Georgia",970202,13,5,13005970202,4089,2070,2019,35.4,590,3937.0,0.0,27.0,833.0,25.0,0.0,3052.0,70.0,533.0,2550.0,17536.0,3434.0,819.0,263.0,636.0,396.0,205.0,125.0,51.0,142.0,3516,2825,691,13,5,970202,54.40972961,159952.12700000018,202
277,25551,25828,GA,13163960200,80.641,33.153324600000005,-82.49228769999999,Georgia,Augusta University Medical Center,Comprehensive Stroke Center,-81.99065,33.47077,58.49589273,526,2018,"Census Tract 9602, Jefferson County, Georgia",960200,13,163,13163960200,2307,1014,1293,37.3,376,2213.0,17.0,0.0,685.0,0.0,13.0,1498.0,80.0,143.0,1443.0,22816.0,2278.0,275.0,176.0,352.0,158.0,252.0,94.0,71.0,48.0,2307,1814,493,13,163,960200,28.60827619,62952.27,87
278,25590,25867,GA,13189950400,45.141000000000005,33.4111348,-82.50125329999999,Georgia,Augusta University Medical Center,Comprehensive Stroke Center,-81.99065,33.47077,47.93719822,1644,2018,"Census Tract 9504, McDuffie County, Georgia",950400,13,189,13189950400,5066,2484,2582,37.7,848,4948.0,0.0,0.0,2148.0,0.0,0.0,2800.0,47.0,164.0,2636.0,20906.0,4737.0,920.0,444.0,726.0,522.0,397.0,221.0,174.0,217.0,4808,3929,879,13,189,950400,112.22613590000002,51016.75200000003,56
279,25614,25892,GA,13107970500,76.77199999999999,32.5596567,-82.50797890000001,Georgia,Augusta University Medical Center,Comprehensive Stroke Center,-81.99065,33.47077,112.0128284,1376,2018,"Census Tract 9705, Emanuel County, Georgia",970500,13,107,13107970500,1410,747,663,40.7,287,1383.0,0.0,0.0,139.0,0.0,0.0,1244.0,5.0,0.0,1244.0,21349.0,1388.0,165.0,160.0,193.0,142.0,90.0,58.0,22.0,88.0,1410,1077,333,13,107,970500,18.36607096,124450.90199999996,152
280,25631,25910,GA,13299950200,126.595,31.2500064,-82.51207190000001,Florida,UF Health Jacksonville,Comprehensive Stroke Center,-81.66435,30.3478,128.7891536,1340,2018,"Census Tract 9502, Ware County, Georgia",950200,13,299,13299950200,8213,4910,3303,37.0,1172,8088.0,10.0,56.0,1856.0,20.0,21.0,6125.0,11.0,122.0,6043.0,25328.0,5819.0,803.0,505.0,876.0,774.0,787.0,322.0,193.0,168.0,5979,5223,756,13,299,950200,64.87617994,138306.7410000001,171
281,25654,25933,GA,13283960100,91.72,32.4516785,-82.5163819,Georgia,Augusta University Medical Center,Comprehensive Stroke Center,-81.99065,33.47077,123.24617250000001,1351,2018,"Census Tract 9601, Treutlen County, Georgia",960100,13,283,13283960100,1808,978,830,29.8,346,1757.0,0.0,0.0,46.0,0.0,10.0,1701.0,0.0,85.0,1626.0,22679.0,1749.0,149.0,125.0,292.0,185.0,94.0,104.0,43.0,23.0,1808,1190,618,13,283,960100,19.71216747,138943.41900000002,170
282,25664,25943,GA,13209950300,78.064,32.0525141,-82.5201947,Georgia,Augusta University Medical Center,Comprehensive Stroke Center,-81.99065,33.47077,164.92554630000004,1316,2018,"Census Tract 9503, Montgomery County, Georgia",950300,13,209,13209950300,2153,1015,1138,44.3,389,2131.0,0.0,10.0,407.0,0.0,42.0,1672.0,12.0,78.0,1613.0,24343.0,2140.0,261.0,183.0,314.0,269.0,183.0,109.0,32.0,113.0,2153,1773,380,13,209,950300,27.57993441,180026.0859999999,207
283,25674,25953,GA,13181970100,106.795,33.8537719,-82.5225384,Georgia,Augusta University Medical Center,Comprehensive Stroke Center,-81.99065,33.47077,65.10198884,25,2018,"Census Tract 9701, Lincoln County, Georgia",970100,13,181,13181970100,3617,1746,1871,42.6,813,3568.0,4.0,15.0,1393.0,2.0,9.0,2145.0,25.0,20.0,2134.0,24356.0,3522.0,378.0,391.0,555.0,391.0,235.0,276.0,50.0,304.0,3534,3083,451,13,181,970100,33.86862681,71213.94000000002,104
284,25690,25970,GA,13189950100,104.473,33.5568508,-82.52446450000001,Georgia,Augusta University Medical Center,Comprehensive Stroke Center,-81.99065,33.47077,50.50608697,1646,2018,"Census Tract 9501, McDuffie County, Georgia",950100,13,189,13189950100,2263,1077,1186,49.6,567,2237.0,0.0,36.0,127.0,0.0,0.0,2074.0,0.0,0.0,2074.0,29694.0,2237.0,200.0,220.0,329.0,195.0,238.0,238.0,44.0,256.0,2263,2016,247,13,189,950100,21.66109904,54656.019,55
285,25703,25983,GA,13299950100,134.671,31.363204,-82.5281186,Florida,UF Health Jacksonville,Comprehensive Stroke Center,-81.66435,30.3478,139.6365507,1686,2018,"Census Tract 9501, Ware County, Georgia",950100,13,299,13299950100,1574,825,749,41.0,297,1530.0,0.0,0.0,96.0,0.0,38.0,1396.0,21.0,157.0,1277.0,27250.0,1551.0,130.0,79.0,184.0,223.0,151.0,94.0,35.0,70.0,1574,1365,209,13,299,950100,11.68774272,148955.41900000014,196
286,25711,25991,GA,13209950100,85.01700000000001,32.2824404,-82.5303493,Georgia,Augusta University Medical Center,Comprehensive Stroke Center,-81.99065,33.47077,141.1343914,1318,2018,"Census Tract 9501, Montgomery County, Georgia",950100,13,209,13209950100,1744,847,897,43.3,319,1720.0,20.0,0.0,15.0,0.0,0.0,1685.0,0.0,6.0,1679.0,27473.0,1720.0,203.0,174.0,213.0,144.0,117.0,134.0,32.0,254.0,1744,1549,195,13,209,950100,20.51354435,152617.7399999999,183
287,25720,26000,GA,13161960100,129.434,31.834358299999998,-82.5333771,Florida,UF Health Jacksonville,Comprehensive Stroke Center,-81.66435,30.3478,184.4959782,1314,2018,"Census Tract 9601, Jeff Davis County, Georgia",960100,13,161,13161960100,7165,3338,3827,34.9,1029,6863.0,0.0,39.0,448.0,0.0,268.0,6108.0,83.0,867.0,5613.0,17470.0,6946.0,1321.0,575.0,861.0,606.0,631.0,365.0,60.0,114.0,7165,5816,1349,13,161,960100,55.35639786,197376.59200000024,193
288,25770,26052,GA,13209950200,78.064,32.1697348,-82.5513473,Georgia,Augusta University Medical Center,Comprehensive Stroke Center,-81.99065,33.47077,153.54179919999999,1317,2018,"Census Tract 9502, Montgomery County, Georgia",950200,13,209,13209950200,5139,2771,2368,37.4,742,5019.0,0.0,22.0,1910.0,0.0,350.0,2737.0,50.0,486.0,2494.0,16487.0,4266.0,1067.0,450.0,523.0,352.0,360.0,249.0,33.0,188.0,4684,3968,716,13,209,950200,65.83060053,167014.34399999992,195
289,25772,26054,GA,13005970201,64.171,31.600478999999996,-82.55213149999999,Florida,UF Health Jacksonville,Comprehensive Stroke Center,-81.66435,30.3478,162.72873869999998,1522,2018,"Census Tract 9702.01, Bacon County, Georgia",970201,13,5,13005970201,4269,1956,2313,36.0,606,4049.0,0.0,0.0,807.0,0.0,88.0,3154.0,194.0,132.0,3110.0,22706.0,4110.0,495.0,379.0,544.0,432.0,375.0,200.0,58.0,186.0,4136,3480,656,13,5,970201,66.52537751,173945.22400000022,218
290,25775,26057,GA,13189950300,18.439,33.4796684,-82.5523819,Georgia,Augusta University Medical Center,Comprehensive Stroke Center,-81.99065,33.47077,52.22168838,1645,2018,"Census Tract 9503, McDuffie County, Georgia",950300,13,189,13189950300,3277,1560,1717,36.8,573,3156.0,0.0,0.0,1800.0,0.0,0.0,1356.0,98.0,23.0,1342.0,21582.0,3254.0,638.0,225.0,419.0,229.0,256.0,433.0,11.0,84.0,3235,2819,416,13,189,950300,177.7211346,56166.13900000001,46
291,25837,26119,GA,13301970400,86.473,33.3642511,-82.57419909999999,Georgia,Augusta University Medical Center,Comprehensive Stroke Center,-81.99065,33.47077,55.54706468,10,2018,"Census Tract 9704, Warren County, Georgia",970400,13,301,13301970400,2685,1311,1374,41.9,531,2658.0,0.0,45.0,1753.0,0.0,0.0,860.0,8.0,0.0,860.0,19963.0,2592.0,482.0,232.0,406.0,252.0,265.0,190.0,45.0,82.0,2613,2217,396,13,301,970400,31.05015438,62473.08800000004,59
292,25849,26131,GA,13167960100,140.167,32.6622027,-82.5791774,Georgia,Augusta University Medical Center,Comprehensive Stroke Center,-81.99065,33.47077,105.17538710000001,1575,2018,"Census Tract 9601, Johnson County, Georgia",960100,13,167,13167960100,2969,1518,1451,39.7,453,2834.0,0.0,2.0,143.0,0.0,0.0,2689.0,104.0,221.0,2503.0,18929.0,2838.0,554.0,267.0,281.0,297.0,307.0,136.0,49.0,89.0,2915,2446,469,13,167,960100,21.18187591,117723.71499999994,142
293,25930,26213,GA,13125010100,143.746,33.2274908,-82.60691259999999,Georgia,Augusta University Medical Center,Comprehensive Stroke Center,-81.99065,33.47077,63.39266786,1128,2018,"Census Tract 101, Glascock County, Georgia",10100,13,125,13125010100,3009,1438,1571,43.2,513,2945.0,15.0,0.0,275.0,2.0,0.0,2653.0,56.0,49.0,2620.0,23935.0,2918.0,414.0,221.0,445.0,305.0,370.0,128.0,95.0,67.0,2926,2683,243,13,125,10100,20.93275639,70942.65600000003,84
294,25948,26231,GA,13283960200,107.713,32.3713882,-82.6160493,Georgia,Augusta University Medical Center,Comprehensive Stroke Center,-81.99065,33.47077,135.2308284,1352,2018,"Census Tract 9602, Treutlen County, Georgia",960200,13,283,13283960200,4969,2595,2374,43.9,953,4893.0,0.0,0.0,1770.0,0.0,5.0,3118.0,22.0,37.0,3099.0,22362.0,4576.0,712.0,610.0,647.0,522.0,600.0,261.0,108.0,153.0,4630,3964,666,13,283,960200,46.13185038,148689.07799999992,176
295,25994,26277,GA,13161960200,57.3,31.8819793,-82.63219570000001,Georgia,Augusta University Medical Center,Comprehensive Stroke Center,-81.99065,33.47077,186.1849406,1315,2018,"Census Tract 9602, Jeff Davis County, Georgia",960200,13,161,13161960200,6335,3353,2982,36.4,991,6076.0,0.0,0.0,1839.0,0.0,500.0,3737.0,208.0,805.0,3591.0,24158.0,6233.0,590.0,665.0,794.0,780.0,441.0,255.0,87.0,292.0,6284,4918,1366,13,161,960200,110.5584642,202914.99199999988,234
296,26051,26335,GA,13303950500,226.046,32.9072761,-82.65378220000001,Georgia,Augusta University Medical Center,Comprehensive Stroke Center,-81.99065,33.47077,87.9190428,1344,2018,"Census Tract 9505, Washington County, Georgia",950500,13,303,13303950500,5244,3311,1933,40.1,717,5143.0,10.0,7.0,2564.0,0.0,88.0,2474.0,61.0,199.0,2374.0,16250.0,3692.0,1158.0,451.0,451.0,502.0,270.0,241.0,81.0,187.0,3788,3208,580,13,303,950500,23.19881794,96607.89400000003,119
297,26089,26373,GA,13167960200,81.385,32.7363789,-82.6661083,Georgia,Augusta University Medical Center,Comprehensive Stroke Center,-81.99065,33.47077,103.000129,1576,2018,"Census Tract 9602, Johnson County, Georgia",960200,13,167,13167960200,5066,2770,2296,40.2,971,5004.0,0.0,17.0,2690.0,0.0,0.0,2297.0,44.0,8.0,2289.0,17431.0,4839.0,1051.0,624.0,599.0,529.0,477.0,252.0,30.0,280.0,4873,4152,721,13,167,960200,62.24734288,115223.81899999994,137
298,26097,26381,GA,13299950800,489.631,31.1727767,-82.6685592,Florida,UF Health Jacksonville,Comprehensive Stroke Center,-81.66435,30.3478,132.69781129999998,1339,2018,"Census Tract 9508, Ware County, Georgia",950800,13,299,13299950800,5687,2807,2880,35.1,611,5496.0,0.0,0.0,1890.0,0.0,748.0,2858.0,153.0,899.0,2827.0,21622.0,5603.0,671.0,480.0,615.0,398.0,417.0,127.0,251.0,98.0,5687,4475,1212,13,299,950800,11.61486916,151669.0990000002,155
299,26102,26386,GA,13309780100,166.294,32.118418,-82.6700635,Georgia,Augusta University Medical Center,Comprehensive Stroke Center,-81.99065,33.47077,162.91934569999998,1547,2018,"Census Tract 7801, Wheeler County, Georgia",780100,13,309,13309780100,2534,1497,1037,44.5,492,2507.0,36.0,0.0,878.0,0.0,0.0,1593.0,8.0,11.0,1593.0,17351.0,2475.0,306.0,306.0,370.0,232.0,90.0,49.0,28.0,33.0,2494,2074,420,13,309,780100,15.23807233,182865.48799999995,201
300,26103,26387,GA,13065970200,515.794,30.8352662,-82.6702248,Florida,UF Health Jacksonville,Comprehensive Stroke Center,-81.66435,30.3478,110.57687859999999,1226,2018,"Census Tract 9702, Clinch County, Georgia",970200,13,65,13065970200,1355,680,675,37.1,265,1316.0,4.0,0.0,685.0,0.0,0.0,627.0,16.0,10.0,617.0,17336.0,1332.0,186.0,139.0,154.0,88.0,72.0,57.0,0.0,25.0,1355,1003,352,13,65,970200,2.627017763,127389.56099999991,106
301,26127,26412,GA,13069010300,105.745,31.4749407,-82.67921700000001,Florida,UF Health Jacksonville,Comprehensive Stroke Center,-81.66435,30.3478,158.1989323,1493,2018,"Census Tract 103, Coffee County, Georgia",10300,13,69,13069010300,6017,4481,1536,39.7,460,5922.0,15.0,13.0,2679.0,0.0,44.0,3171.0,24.0,446.0,2791.0,20163.0,2889.0,551.0,365.0,554.0,258.0,299.0,247.0,87.0,54.0,2974,2567,407,13,69,10300,56.90103551,170695.88500000024,190
302,26130,26415,GA,13317010302,131.783,33.6834544,-82.6796876,Georgia,Augusta University Medical Center,Comprehensive Stroke Center,-81.99065,33.47077,68.18103655,1559,2018,"Census Tract 103.02, Wilkes County, Georgia",10302,13,317,13317010302,4646,2193,2453,40.6,1028,4508.0,0.0,42.0,2546.0,0.0,0.0,1920.0,63.0,114.0,1806.0,19087.0,4496.0,472.0,659.0,842.0,282.0,404.0,155.0,208.0,165.0,4554,3922,632,13,317,10302,35.25492666,78094.91200000001,69
303,26173,26458,GA,13317010301,80.796,33.7629126,-82.6910911,Georgia,Augusta University Medical Center,Comprehensive Stroke Center,-81.99065,33.47077,72.62796182,1558,2018,"Census Tract 103.01, Wilkes County, Georgia",10301,13,317,13317010301,2184,994,1190,48.9,519,2159.0,0.0,0.0,428.0,0.0,74.0,1657.0,6.0,103.0,1628.0,22571.0,2150.0,234.0,195.0,437.0,227.0,233.0,159.0,31.0,113.0,2184,1834,350,13,317,10301,27.03104114,84698.58900000002,82
304,26182,26468,GA,13317010101,129.129,33.895747,-82.69720799999999,Georgia,Augusta University Medical Center,Comprehensive Stroke Center,-81.99065,33.47077,80.71088891,1556,2018,"Census Tract 101.01, Wilkes County, Georgia",10101,13,317,13317010101,1372,678,694,54.4,424,1356.0,0.0,0.0,556.0,0.0,18.0,782.0,6.0,4.0,782.0,20188.0,1362.0,199.0,185.0,244.0,155.0,148.0,111.0,27.0,36.0,1372,1260,112,13,317,10101,10.62503388,93244.29500000004,108
305,26240,26527,GA,13003960300,88.734,31.289088500000002,-82.7116931,Florida,UF Health Jacksonville,Comprehensive Stroke Center,-81.66435,30.3478,144.6820112,1357,2018,"Census Tract 9603, Atkinson County, Georgia",960300,13,3,13003960300,1568,767,801,33.4,178,1532.0,60.0,0.0,19.0,0.0,5.0,1448.0,9.0,308.0,1154.0,24867.0,1541.0,222.0,55.0,160.0,161.0,71.0,87.0,38.0,75.0,1568,1214,354,13,3,960300,17.67079135,159307.41100000017,168
306,26270,26558,GA,13301970500,197.885,33.4288007,-82.7208348,Georgia,Augusta University Medical Center,Comprehensive Stroke Center,-81.99065,33.47077,68.0490327,1546,2018,"Census Tract 9705, Warren County, Georgia",970500,13,301,13301970500,2661,1164,1497,47.4,588,2602.0,0.0,0.0,1478.0,0.0,6.0,1118.0,24.0,23.0,1118.0,20774.0,2625.0,316.0,451.0,377.0,316.0,244.0,98.0,23.0,123.0,2661,2341,320,13,301,970500,13.44720418,76853.94100000002,63
307,26287,26575,GA,13161960300,144.184,31.7528308,-82.7259154,Florida,UF Health Jacksonville,Comprehensive Stroke Center,-81.66435,30.3478,185.8306028,1313,2018,"Census Tract 9603, Jeff Davis County, Georgia",960300,13,161,13161960300,1491,717,774,44.3,277,1469.0,0.0,0.0,178.0,0.0,0.0,1291.0,0.0,46.0,1245.0,21368.0,1458.0,230.0,115.0,208.0,124.0,183.0,62.0,34.0,40.0,1491,1256,235,13,161,960300,10.34095323,200629.9790000003,201
308,26322,26610,GA,13303950400,50.992,33.014406300000005,-82.7375426,Georgia,Augusta University Medical Center,Comprehensive Stroke Center,-81.99065,33.47077,86.06409984,1345,2018,"Census Tract 9504, Washington County, Georgia",950400,13,303,13303950400,4602,2248,2354,41.7,830,4503.0,0.0,0.0,2679.0,0.0,0.0,1824.0,19.0,42.0,1782.0,20882.0,4421.0,910.0,468.0,462.0,357.0,452.0,275.0,83.0,131.0,4484,3952,532,13,303,950400,90.24945089,95374.62800000006,109
309,26331,26619,GA,13069010200,99.32700000000001,31.607007899999996,-82.74225679999999,Florida,UF Health Jacksonville,Comprehensive Stroke Center,-81.66435,30.3478,173.46993369999998,1492,2018,"Census Tract 102, Coffee County, Georgia",10200,13,69,13069010200,3361,1660,1701,43.2,604,3353.0,0.0,234.0,356.0,0.0,79.0,2684.0,0.0,250.0,2513.0,22155.0,3353.0,614.0,205.0,565.0,423.0,225.0,194.0,76.0,111.0,3361,2999,362,13,69,10200,33.83772791,183860.6080000002,199
310,26341,26629,GA,13105000500,116.63,34.0356415,-82.745661,South Carolina,Greenville Memorial Hospital,Comprehensive Stroke Center,-82.41299000000001,34.819024,92.12369126,1371,2018,"Census Tract 5, Elbert County, Georgia",500,13,105,13105000500,5029,2443,2586,48.2,1283,4983.0,0.0,42.0,1644.0,0.0,0.0,3297.0,11.0,57.0,3297.0,25120.0,4884.0,500.0,553.0,863.0,626.0,574.0,319.0,179.0,251.0,4919,4492,427,13,105,500,43.11926606,105219.69800000008,122
311,26396,26684,GA,13069010802,26.679000000000002,31.4327794,-82.76418050000001,Florida,UF Health Jacksonville,Comprehensive Stroke Center,-81.66435,30.3478,159.77173080000003,1499,2018,"Census Tract 108.02, Coffee County, Georgia",10802,13,69,13069010802,4771,2243,2528,32.6,603,4759.0,0.0,0.0,2367.0,0.0,125.0,2267.0,0.0,606.0,1786.0,26195.0,4747.0,652.0,305.0,406.0,563.0,394.0,203.0,65.0,269.0,4771,3604,1167,13,69,10802,178.8297912,173913.32900000026,182
312,26413,26702,GA,13065970100,299.202,31.066736699999996,-82.7730713,Florida,UF Health Jacksonville,Comprehensive Stroke Center,-81.66435,30.3478,132.7889764,1225,2018,"Census Tract 9701, Clinch County, Georgia",970100,13,65,13065970100,5388,2747,2641,37.8,758,5245.0,0.0,29.0,1171.0,0.0,291.0,3754.0,80.0,313.0,3732.0,21302.0,5227.0,752.0,233.0,753.0,354.0,471.0,215.0,215.0,138.0,5293,4233,1060,13,65,970100,18.00790102,156517.32600000003,147
313,26415,26704,GA,13175951000,125.359,32.486090000000004,-82.7741745,Georgia,Augusta University Medical Center,Comprehensive Stroke Center,-81.99065,33.47077,131.4899814,1248,2018,"Census Tract 9510, Laurens County, Georgia",951000,13,175,13175951000,6981,3332,3649,36.4,1207,6811.0,0.0,0.0,1924.0,0.0,63.0,4824.0,91.0,520.0,4467.0,20060.0,6854.0,757.0,703.0,959.0,598.0,683.0,102.0,59.0,342.0,6964,6097,867,13,175,951000,55.68806388,149944.76099999994,166
314,26438,26727,GA,13105000200,101.743,34.1839641,-82.78338570000001,South Carolina,Greenville Memorial Hospital,Comprehensive Stroke Center,-82.41299000000001,34.819024,78.2306455,1368,2018,"Census Tract 2, Elbert County, Georgia",200,13,105,13105000200,2799,1221,1578,42.7,550,2787.0,0.0,0.0,669.0,0.0,0.0,2118.0,0.0,36.0,2082.0,21040.0,2787.0,380.0,311.0,450.0,226.0,333.0,169.0,19.0,142.0,2799,2423,376,13,105,200,27.51049212,87617.64,108
315,26479,26770,GA,13069010801,33.692,31.424171,-82.80090940000001,Florida,UF Health Jacksonville,Comprehensive Stroke Center,-81.66435,30.3478,161.40080469999998,1498,2018,"Census Tract 108.01, Coffee County, Georgia",10801,13,69,13069010801,4398,1769,2629,37.1,646,4349.0,0.0,0.0,2051.0,0.0,37.0,2261.0,23.0,252.0,2078.0,18801.0,4372.0,729.0,448.0,630.0,455.0,360.0,121.0,47.0,96.0,4394,3469,925,13,69,10801,130.53543870000001,175764.46100000024,185
316,26483,26774,GA,13309780200,129.195,32.113498,-82.8034103,Georgia,Augusta University Medical Center,Comprehensive Stroke Center,-81.99065,33.47077,168.6789221,1548,2018,"Census Tract 7802, Wheeler County, Georgia",780200,13,309,13309780200,5405,3510,1895,37.2,609,5392.0,0.0,0.0,2501.0,0.0,0.0,2891.0,0.0,90.0,2826.0,19957.0,4087.0,416.0,625.0,249.0,402.0,357.0,277.0,38.0,47.0,4122,3438,684,13,309,780200,41.83598436,186660.45799999993,199
317,26502,26793,GA,13069010400,12.546,31.5266535,-82.8139555,Florida,UF Health Jacksonville,Comprehensive Stroke Center,-81.66435,30.3478,170.736606,1494,2018,"Census Tract 104, Coffee County, Georgia",10400,13,69,13069010400,5280,2660,2620,28.1,619,4853.0,0.0,0.0,1229.0,0.0,13.0,3611.0,298.0,172.0,3439.0,22512.0,5091.0,856.0,407.0,618.0,521.0,276.0,273.0,170.0,217.0,5280,4458,822,13,69,10400,420.8512673,182663.1870000002,194
318,26507,26798,GA,13167960300,81.467,32.721608399999994,-82.8152462,Georgia,Augusta University Medical Center,Comprehensive Stroke Center,-81.99065,33.47077,113.2638273,1577,2018,"Census Tract 9603, Johnson County, Georgia",960300,13,167,13167960300,1695,1030,665,44.4,298,1645.0,0.0,0.0,400.0,0.0,0.0,1245.0,22.0,0.0,1245.0,29032.0,1667.0,174.0,138.0,238.0,240.0,197.0,78.0,118.0,91.0,1695,1485,210,13,167,960300,20.80597052,125777.42100000012,148
319,26515,26806,GA,13175950100,104.999,32.624413,-82.8170097,Georgia,Augusta University Medical Center,Comprehensive Stroke Center,-81.99065,33.47077,121.5232386,1250,2018,"Census Tract 9501, Laurens County, Georgia",950100,13,175,13175950100,2756,1325,1431,37.7,504,2725.0,0.0,0.0,790.0,0.0,15.0,1920.0,21.0,37.0,1883.0,22034.0,2711.0,328.0,195.0,479.0,266.0,260.0,81.0,57.0,134.0,2756,2581,175,13,175,950100,26.24786903,135359.96800000008,156
320,26548,26839,GA,13101880100,337.25800000000004,30.708899600000006,-82.8391936,Florida,UF Health Jacksonville,Comprehensive Stroke Center,-81.66435,30.3478,119.64593329999998,1600,2018,"Census Tract 8801, Echols County, Georgia",880100,13,101,13101880100,1556,640,916,48.6,311,1526.0,77.0,0.0,107.0,0.0,110.0,1232.0,30.0,235.0,1095.0,26381.0,1556.0,140.0,99.0,250.0,199.0,183.0,72.0,22.0,108.0,1556,1238,318,13,101,880100,4.613678548999999,133413.90399999995,89
321,26577,26869,GA,13303950300,59.776,32.989373300000004,-82.8597103,Georgia,Augusta University Medical Center,Comprehensive Stroke Center,-81.99065,33.47077,97.01695729,1343,2018,"Census Tract 9503, Washington County, Georgia",950300,13,303,13303950300,4805,2036,2769,37.0,799,4686.0,0.0,29.0,2592.0,0.0,6.0,2059.0,52.0,31.0,2055.0,21791.0,4574.0,872.0,355.0,486.0,355.0,389.0,373.0,161.0,209.0,4641,4198,443,13,303,950300,80.38343148,104470.94900000002,118
322,26579,26871,GA,13147960500,53.193999999999996,34.320212100000006,-82.86167270000001,South Carolina,Greenville Memorial Hospital,Comprehensive Stroke Center,-82.41299000000001,34.819024,68.97157466,41,2018,"Census Tract 9605, Hart County, Georgia",960500,13,147,13147960500,7531,3361,4170,42.9,1813,7279.0,7.0,55.0,2344.0,7.0,7.0,4859.0,237.0,44.0,4829.0,21891.0,6778.0,1267.0,641.0,843.0,748.0,759.0,407.0,97.0,322.0,6793,6225,568,13,147,960500,141.5761176,80231.96699999999,94
323,26586,26878,GA,13105000400,4.675,34.127899600000006,-82.86514050000001,South Carolina,Greenville Memorial Hospital,Comprehensive Stroke Center,-82.41299000000001,34.819024,87.19661827,1370,2018,"Census Tract 4, Elbert County, Georgia",400,13,105,13105000400,4307,2082,2225,35.5,624,4194.0,0.0,0.0,1560.0,0.0,63.0,2571.0,30.0,404.0,2212.0,18919.0,4162.0,786.0,399.0,482.0,550.0,255.0,178.0,75.0,156.0,4230,3421,809,13,105,400,921.2834224999999,96881.61,119
324,26597,26890,GA,13303950700,114.729,32.868334600000004,-82.87519990000001,Georgia,Augusta University Medical Center,Comprehensive Stroke Center,-81.99065,33.47077,106.165783,1341,2018,"Census Tract 9507, Washington County, Georgia",950700,13,303,13303950700,4016,1864,2152,40.2,701,3842.0,0.0,18.0,2244.0,0.0,0.0,1580.0,94.0,216.0,1377.0,21371.0,3877.0,567.0,346.0,554.0,389.0,336.0,171.0,84.0,141.0,3974,3424,550,13,303,950700,35.00422735,121181.13600000012,141
325,26598,26891,GA,13265010200,194.607,33.559319,-82.87527209999999,Georgia,Augusta University Medical Center,Comprehensive Stroke Center,-81.99065,33.47077,82.7715856,1170,2018,"Census Tract 102, Taliaferro County, Georgia",10200,13,265,13265010200,1665,847,818,46.3,411,1644.0,0.0,8.0,1072.0,0.0,0.0,564.0,4.0,26.0,545.0,19401.0,1645.0,296.0,157.0,279.0,179.0,158.0,65.0,27.0,40.0,1665,1445,220,13,265,10200,8.555704574,90069.56800000003,68
326,26601,26894,GA,13271950500,193.326,31.8836108,-82.87643840000001,Georgia,Augusta University Medical Center,Comprehensive Stroke Center,-81.99065,33.47077,194.63341619999997,1176,2018,"Census Tract 9505, Telfair County, Georgia",950500,13,271,13271950500,2820,1290,1530,53.7,741,2791.0,0.0,0.0,1156.0,0.0,0.0,1635.0,14.0,0.0,1635.0,18886.0,2736.0,286.0,411.0,593.0,302.0,147.0,149.0,9.0,96.0,2751,2454,297,13,271,950500,14.58676019,216009.29400000008,223
327,26603,26896,GA,13271950100,110.773,32.0224041,-82.87986,Georgia,Augusta University Medical Center,Comprehensive Stroke Center,-81.99065,33.47077,180.9531844,1269,2018,"Census Tract 9501, Telfair County, Georgia",950100,13,271,13271950100,11815,7238,4577,39.3,1753,11561.0,9.0,5.0,5294.0,0.0,604.0,5649.0,84.0,1870.0,4920.0,17306.0,8446.0,965.0,1333.0,1296.0,636.0,1169.0,103.0,54.0,219.0,8616,7630,986,13,271,950100,106.65956509999998,202978.62999999998,216
328,26611,26904,GA,13317010102,127.792,33.7815797,-82.8829986,Georgia,Augusta University Medical Center,Comprehensive Stroke Center,-81.99065,33.47077,89.68831233,1557,2018,"Census Tract 101.02, Wilkes County, Georgia",10102,13,317,13317010102,1682,905,777,41.7,281,1674.0,0.0,35.0,623.0,0.0,150.0,866.0,0.0,243.0,773.0,17089.0,1649.0,257.0,192.0,261.0,135.0,156.0,61.0,36.0,34.0,1661,1233,428,13,317,10102,13.16201327,101261.88600000003,87
329,26612,26905,GA,13003960200,155.24,31.262788800000003,-82.883197,Florida,UF Health Jacksonville,Comprehensive Stroke Center,-81.66435,30.3478,154.5791216,1359,2018,"Census Tract 9602, Atkinson County, Georgia",960200,13,3,13003960200,4622,2362,2260,36.0,541,4546.0,0.0,0.0,1052.0,0.0,449.0,3045.0,7.0,999.0,2499.0,20571.0,4504.0,666.0,424.0,700.0,400.0,315.0,215.0,33.0,151.0,4595,3377,1218,13,3,960200,29.77325432,176508.42100000026,161
330,26617,26910,GA,13069010500,16.835,31.5450683,-82.8867978,Florida,UF Health Jacksonville,Comprehensive Stroke Center,-81.66435,30.3478,176.8166769,1495,2018,"Census Tract 105, Coffee County, Georgia",10500,13,69,13069010500,3577,1695,1882,40.6,769,3462.0,29.0,0.0,677.0,0.0,52.0,2704.0,78.0,621.0,2175.0,19785.0,3481.0,719.0,261.0,419.0,339.0,245.0,156.0,110.0,193.0,3518,2913,605,13,69,10500,212.4740125,187243.28200000018,178
331,26622,26916,GA,13069010700,33.94,31.4530072,-82.89032979999999,Florida,UF Health Jacksonville,Comprehensive Stroke Center,-81.66435,30.3478,169.5603281,1497,2018,"Census Tract 107, Coffee County, Georgia",10700,13,69,13069010700,6459,3266,3193,29.1,559,6249.0,15.0,18.0,1577.0,0.0,298.0,4341.0,33.0,1360.0,3146.0,20731.0,5603.0,707.0,643.0,990.0,613.0,526.0,261.0,70.0,163.0,6184,4421,1763,13,69,10700,190.3064231,185066.8510000002,183
332,26627,26921,GA,13175950300,5.327000000000001,32.5806184,-82.8921064,Georgia,Augusta University Medical Center,Comprehensive Stroke Center,-81.99065,33.47077,129.763789,1251,2018,"Census Tract 9503, Laurens County, Georgia",950300,13,175,13175950300,1783,763,1020,36.2,216,1783.0,0.0,0.0,1406.0,0.0,0.0,377.0,0.0,31.0,366.0,24025.0,1777.0,215.0,90.0,234.0,160.0,190.0,74.0,18.0,51.0,1783,1490,293,13,175,950300,334.7099681,150983.66900000005,168
333,26629,26923,GA,13303950100,226.97,33.078151,-82.8961173,Georgia,Augusta University Medical Center,Comprehensive Stroke Center,-81.99065,33.47077,94.93145568,1342,2018,"Census Tract 9501, Washington County, Georgia",950100,13,303,13303950100,1794,902,892,49.7,377,1779.0,0.0,70.0,590.0,0.0,12.0,1107.0,8.0,8.0,1107.0,29386.0,1787.0,247.0,109.0,204.0,255.0,182.0,116.0,39.0,147.0,1794,1664,130,13,303,950100,7.904128299,111820.22600000001,107
334,26631,26925,GA,13175950900,1.8840000000000001,32.5293118,-82.8970918,Georgia,Augusta University Medical Center,Comprehensive Stroke Center,-81.99065,33.47077,134.4514764,1249,2018,"Census Tract 9509, Laurens County, Georgia",950900,13,175,13175950900,2527,1121,1406,30.2,303,2502.0,0.0,7.0,2300.0,0.0,0.0,195.0,5.0,1.0,194.0,13898.0,2469.0,395.0,352.0,304.0,173.0,59.0,19.0,0.0,28.0,2489,2125,364,13,175,950900,1341.295117,149445.10400000005,172
335,26641,26935,GA,13069010100,124.89299999999999,31.6831279,-82.9024926,Florida,Tallahassee Memorial Hospital,Comprehensive Stroke Center,-84.26194,30.45625,187.97145980000002,1491,2018,"Census Tract 101, Coffee County, Georgia",10100,13,69,13069010100,3431,1699,1732,43.1,603,3382.0,0.0,16.0,536.0,0.0,107.0,2723.0,0.0,455.0,2379.0,25035.0,3382.0,324.0,248.0,469.0,328.0,406.0,146.0,39.0,125.0,3431,2685,746,13,69,10100,27.47151562,210325.6759999998,197
336,26660,26954,GA,13175951400,211.622,32.2908252,-82.91522579999999,Georgia,Augusta University Medical Center,Comprehensive Stroke Center,-81.99065,33.47077,156.8730528,1582,2018,"Census Tract 9514, Laurens County, Georgia",951400,13,175,13175951400,2304,1186,1118,49.0,506,2271.0,18.0,6.0,252.0,0.0,0.0,1995.0,12.0,83.0,1919.0,20409.0,2197.0,263.0,253.0,340.0,209.0,237.0,80.0,44.0,91.0,2218,1837,381,13,175,951400,10.88733686,177855.79700000008,180
337,26668,26962,GA,13175950800,31.73,32.4845663,-82.9170708,Georgia,Augusta University Medical Center,Comprehensive Stroke Center,-81.99065,33.47077,139.50469030000002,1222,2018,"Census Tract 9508, Laurens County, Georgia",950800,13,175,13175950800,4424,2445,1979,33.2,682,4345.0,0.0,22.0,2412.0,0.0,165.0,1746.0,22.0,165.0,1746.0,19881.0,3915.0,638.0,294.0,553.0,306.0,302.0,94.0,128.0,170.0,4014,3390,624,13,175,950800,139.42641030000001,154748.81700000004,159
338,26685,26979,GA,13175951100,73.1,32.393219699999996,-82.92631709999999,Georgia,Augusta University Medical Center,Comprehensive Stroke Center,-81.99065,33.47077,148.11576110000001,1252,2018,"Census Tract 9511, Laurens County, Georgia",951100,13,175,13175951100,4679,2362,2317,40.7,719,4543.0,12.0,47.0,796.0,0.0,425.0,3263.0,25.0,196.0,3149.0,18475.0,4568.0,690.0,537.0,630.0,363.0,444.0,186.0,37.0,102.0,4679,3982,697,13,175,951100,64.00820793,166563.13800000012,175
339,26687,26981,GA,13175950400,2.472,32.5446326,-82.9276733,Georgia,Augusta University Medical Center,Comprehensive Stroke Center,-81.99065,33.47077,134.9677929,1221,2018,"Census Tract 9504, Laurens County, Georgia",950400,13,175,13175950400,4305,1981,2324,40.4,765,4178.0,0.0,67.0,2458.0,7.0,0.0,1646.0,67.0,34.0,1621.0,16747.0,4202.0,768.0,403.0,578.0,188.0,309.0,168.0,60.0,188.0,4262,3556,706,13,175,950400,1741.504854,151269.48000000004,174
340,26691,26985,GA,13105000300,74.193,34.0924098,-82.9321241,South Carolina,Greenville Memorial Hospital,Comprehensive Stroke Center,-82.41299000000001,34.819024,93.66117898,1369,2018,"Census Tract 3, Elbert County, Georgia",300,13,105,13105000300,3239,1443,1796,46.4,706,3235.0,0.0,0.0,1585.0,0.0,0.0,1650.0,4.0,230.0,1420.0,18876.0,3159.0,551.0,384.0,584.0,222.0,196.0,238.0,61.0,142.0,3189,2832,357,13,105,300,43.65640963,104082.308,123
341,26697,26991,GA,13175950201,6.797000000000001,32.5642653,-82.9355945,Georgia,Augusta University Medical Center,Comprehensive Stroke Center,-81.99065,33.47077,133.79926940000001,1580,2018,"Census Tract 9502.01, Laurens County, Georgia",950201,13,175,13175950201,4514,1849,2665,36.9,733,4437.0,14.0,142.0,1178.0,0.0,68.0,3035.0,19.0,87.0,3035.0,30562.0,4456.0,435.0,404.0,410.0,389.0,553.0,226.0,138.0,486.0,4514,4257,257,13,175,950201,664.1165219999999,151095.88300000003,174
342,26702,26996,GA,13147960100,49.271,34.421612200000006,-82.93812679999999,South Carolina,Greenville Memorial Hospital,Comprehensive Stroke Center,-82.41299000000001,34.819024,65.29074896,40,2018,"Census Tract 9601, Hart County, Georgia",960100,13,147,13147960100,5504,2935,2569,47.3,1180,5233.0,0.0,37.0,351.0,0.0,14.0,4831.0,153.0,41.0,4804.0,23458.0,5386.0,951.0,579.0,632.0,884.0,358.0,255.0,161.0,314.0,5504,5140,364,13,147,960100,111.70871299999999,89262.37000000001,70
343,26722,27016,GA,13141480400,302.848,33.309603,-82.94767940000001,Georgia,Augusta University Medical Center,Comprehensive Stroke Center,-81.99065,33.47077,90.81787708,1939,2018,"Census Tract 4804, Hancock County, Georgia",480400,13,141,13141480400,6646,4310,2336,43.5,1204,6600.0,0.0,31.0,5129.0,14.0,122.0,1304.0,36.0,150.0,1284.0,18551.0,4011.0,585.0,645.0,647.0,387.0,321.0,171.0,74.0,169.0,4021,3606,415,13,141,480400,21.94500211,102041.89300000005,81
344,26731,27025,GA,13221960100,120.988,33.9510467,-82.95374770000001,Georgia,Augusta University Medical Center,Comprehensive Stroke Center,-81.99065,33.47077,103.96058790000001,1319,2018,"Census Tract 9601, Oglethorpe County, Georgia",960100,13,221,13221960100,1785,958,827,43.2,263,1765.0,15.0,0.0,319.0,0.0,0.0,1431.0,0.0,0.0,1431.0,23194.0,1765.0,272.0,176.0,213.0,187.0,160.0,113.0,56.0,93.0,1779,1571,208,13,221,960100,14.75352928,121428.52599999998,103
345,26765,27059,GA,13147960400,46.695,34.294439399999995,-82.97268050000001,South Carolina,Greenville Memorial Hospital,Comprehensive Stroke Center,-82.41299000000001,34.819024,77.62093663,39,2018,"Census Tract 9604, Hart County, Georgia",960400,13,147,13147960400,5414,2562,2852,42.0,1043,5365.0,3.0,129.0,1156.0,0.0,203.0,3874.0,6.0,644.0,3439.0,18414.0,5189.0,987.0,510.0,730.0,559.0,352.0,250.0,27.0,228.0,5288,4341,947,13,147,960400,115.9438912,90083.60299999999,94
346,26806,27100,GA,13175950500,15.716,32.5278827,-82.98541740000002,Georgia,Augusta University Medical Center,Comprehensive Stroke Center,-81.99065,33.47077,139.91761369999998,1253,2018,"Census Tract 9505, Laurens County, Georgia",950500,13,175,13175950500,3342,1611,1731,53.4,917,3285.0,0.0,0.0,1240.0,0.0,15.0,2030.0,15.0,35.0,2010.0,20849.0,2973.0,515.0,387.0,462.0,256.0,307.0,143.0,63.0,252.0,3025,2710,315,13,175,950500,212.64952909999997,156633.77100000007,161
347,26844,27139,GA,13173950100,90.09200000000001,31.036614299999997,-83.0025903,Florida,Tallahassee Memorial Hospital,Comprehensive Stroke Center,-84.26194,30.45625,136.68040449999998,1758,2018,"Census Tract 9501, Lanier County, Georgia",950100,13,173,13173950100,2130,1136,994,45.4,477,2130.0,0.0,8.0,142.0,0.0,0.0,1980.0,0.0,52.0,1928.0,23996.0,2130.0,199.0,223.0,264.0,159.0,205.0,144.0,11.0,122.0,2103,1798,305,13,173,950100,23.64249878,153826.327,157
348,26862,27157,GA,13069010600,138.59799999999998,31.512847700000002,-83.01196259999999,Florida,Tallahassee Memorial Hospital,Comprehensive Stroke Center,-84.26194,30.45625,167.26477409999998,1496,2018,"Census Tract 106, Coffee County, Georgia",10600,13,69,13069010600,5667,2615,3052,41.6,865,5659.0,20.0,46.0,416.0,0.0,95.0,5082.0,0.0,620.0,4541.0,28241.0,5633.0,730.0,442.0,525.0,503.0,560.0,315.0,156.0,463.0,5667,4882,785,13,69,10600,40.8880359,189607.151,174
349,26878,27173,GA,13105000100,53.857,34.185058500000004,-83.0181125,South Carolina,Greenville Memorial Hospital,Comprehensive Stroke Center,-82.41299000000001,34.819024,89.63332161,1367,2018,"Census Tract 1, Elbert County, Georgia",100,13,105,13105000100,3838,1999,1839,40.3,627,3777.0,0.0,0.0,405.0,0.0,32.0,3340.0,37.0,327.0,3078.0,19824.0,3776.0,547.0,276.0,627.0,291.0,332.0,225.0,53.0,87.0,3838,3039,799,13,105,100,71.2627885,100986.35600000001,107
350,26879,27174,GA,13175950202,92.073,32.6246994,-83.0186484,Georgia,Augusta University Medical Center,Comprehensive Stroke Center,-81.99065,33.47077,134.2526294,1581,2018,"Census Tract 9502.02, Laurens County, Georgia",950202,13,175,13175950202,5089,2387,2702,39.6,814,5052.0,0.0,235.0,1464.0,0.0,0.0,3353.0,16.0,13.0,3340.0,31184.0,5068.0,490.0,290.0,522.0,603.0,414.0,428.0,89.0,397.0,5089,4875,214,13,175,950202,55.27136077,153591.83600000004,162
351,26887,27182,GA,13003960100,98.744,31.3276591,-83.02435340000001,Florida,Tallahassee Memorial Hospital,Comprehensive Stroke Center,-84.26194,30.45625,152.7562498,1358,2018,"Census Tract 9601, Atkinson County, Georgia",960100,13,3,13003960100,2075,1079,996,37.4,334,2052.0,0.0,0.0,413.0,0.0,227.0,1412.0,13.0,655.0,1002.0,18281.0,2065.0,332.0,211.0,248.0,173.0,84.0,151.0,43.0,66.0,2075,1598,477,13,3,960100,21.01393502,172028.5690000001,172
352,26898,27193,GA,13091960500,93.919,32.1191157,-83.029266,Georgia,Augusta University Medical Center,Comprehensive Stroke Center,-81.99065,33.47077,178.6991136,1620,2018,"Census Tract 9605, Dodge County, Georgia",960500,13,91,13091960500,1844,910,934,43.6,457,1805.0,0.0,0.0,303.0,0.0,0.0,1502.0,21.0,35.0,1467.0,20639.0,1826.0,213.0,156.0,357.0,174.0,138.0,54.0,32.0,119.0,1835,1488,347,13,91,960500,19.63393988,203814.37599999996,200
353,26911,27206,GA,13133950200,46.927,33.6417395,-83.037825,Georgia,Augusta University Medical Center,Comprehensive Stroke Center,-81.99065,33.47077,99.0743832,878,2018,"Census Tract 9502, Greene County, Georgia",950200,13,133,13133950200,2439,1145,1294,35.2,473,2398.0,0.0,5.0,1418.0,0.0,56.0,919.0,17.0,71.0,912.0,20278.0,2358.0,380.0,255.0,258.0,254.0,217.0,152.0,25.0,29.0,2375,1861,514,13,133,950200,51.97434313,109531.28100000003,74
354,26924,27219,GA,13147960200,46.661,34.412177500000006,-83.0494608,South Carolina,Greenville Memorial Hospital,Comprehensive Stroke Center,-82.41299000000001,34.819024,73.78551822,42,2018,"Census Tract 9602, Hart County, Georgia",960200,13,147,13147960200,3839,2040,1799,50.2,1005,3728.0,0.0,27.0,323.0,0.0,39.0,3339.0,88.0,56.0,3331.0,25965.0,3805.0,665.0,389.0,404.0,502.0,307.0,232.0,108.0,397.0,3839,3485,354,13,147,960200,82.27427616,84244.657,58
355,26937,27232,GA,13147960300,36.601,34.280505600000005,-83.0588692,South Carolina,Greenville Memorial Hospital,Comprehensive Stroke Center,-82.41299000000001,34.819024,84.16100055,38,2018,"Census Tract 9603, Hart County, Georgia",960300,13,147,13147960300,3343,1660,1683,36.5,415,3179.0,0.0,0.0,498.0,0.0,6.0,2675.0,60.0,167.0,2552.0,22394.0,3220.0,489.0,229.0,529.0,386.0,358.0,179.0,16.0,102.0,3343,2764,579,13,147,960300,91.33630229,95798.94899999998,84
356,26939,27234,GA,13175950700,60.418,32.4388902,-83.0596489,Georgia,Augusta University Medical Center,Comprehensive Stroke Center,-81.99065,33.47077,151.94110659999998,1224,2018,"Census Tract 9507, Laurens County, Georgia",950700,13,175,13175950700,2256,1038,1218,36.8,381,2196.0,0.0,9.0,376.0,0.0,0.0,1811.0,22.0,0.0,1811.0,25191.0,2218.0,300.0,191.0,244.0,243.0,162.0,146.0,58.0,139.0,2256,2074,182,13,175,950700,37.3398656,168775.92800000013,159
357,26945,27240,GA,13133950400,33.111999999999995,33.5426195,-83.0629141,Georgia,Augusta University Medical Center,Comprehensive Stroke Center,-81.99065,33.47077,99.94758323,876,2018,"Census Tract 9504, Greene County, Georgia",950400,13,133,13133950400,1093,529,564,41.8,249,1081.0,0.0,11.0,514.0,0.0,11.0,545.0,0.0,11.0,545.0,16920.0,1073.0,189.0,107.0,159.0,79.0,65.0,70.0,17.0,35.0,1093,864,229,13,133,950400,33.00918096,106206.11900000004,58
358,26950,27245,GA,13271950200,133.209,31.926087199999998,-83.0647093,Georgia,Augusta University Medical Center,Comprehensive Stroke Center,-81.99065,33.47077,198.7133061,1310,2018,"Census Tract 9502, Telfair County, Georgia",950200,13,271,13271950200,1480,818,662,49.4,226,1448.0,0.0,12.0,154.0,0.0,0.0,1282.0,11.0,23.0,1282.0,28030.0,1459.0,143.0,224.0,159.0,171.0,203.0,138.0,65.0,59.0,1480,1295,185,13,271,950200,11.11036041,223064.15400000018,223
359,26986,27281,GA,13091960400,52.126000000000005,32.2342218,-83.08510940000001,Georgia,Augusta University Medical Center,Comprehensive Stroke Center,-81.99065,33.47077,171.1760974,1618,2018,"Census Tract 9604, Dodge County, Georgia",960400,13,91,13091960400,3876,1943,1933,33.3,517,3632.0,0.0,17.0,1260.0,0.0,0.0,2355.0,229.0,69.0,2286.0,17486.0,3599.0,667.0,402.0,563.0,333.0,313.0,100.0,19.0,107.0,3748,3293,455,13,91,960400,74.35828569,188927.33199999997,186
360,26988,27283,GA,13101880200,83.149,30.745401399999995,-83.08913079999999,Florida,Tallahassee Memorial Hospital,Comprehensive Stroke Center,-84.26194,30.45625,116.95042679999999,1601,2018,"Census Tract 8802, Echols County, Georgia",880200,13,101,13101880200,2438,1333,1105,38.4,335,2296.0,5.0,0.0,36.0,0.0,552.0,1703.0,131.0,749.0,1581.0,20733.0,2419.0,312.0,180.0,367.0,160.0,155.0,139.0,35.0,86.0,2438,1733,705,13,101,880200,29.32085774,126370.30000000008,111
361,26989,27284,GA,13195020300,67.48899999999999,34.0788508,-83.0892084,South Carolina,Greenville Memorial Hospital,Comprehensive Stroke Center,-82.41299000000001,34.819024,102.97155670000001,403,2018,"Census Tract 203, Madison County, Georgia",20300,13,195,13195020300,4624,2384,2240,40.9,832,4465.0,27.0,215.0,615.0,0.0,3.0,3605.0,101.0,42.0,3584.0,22617.0,4395.0,710.0,397.0,506.0,414.0,332.0,378.0,121.0,246.0,4523,3787,736,13,195,20300,68.51486909,116806.06799999998,106
362,26993,27288,GA,13221960300,155.395,33.780224700000005,-83.0927597,Georgia,Augusta University Medical Center,Comprehensive Stroke Center,-81.99065,33.47077,107.86852309999999,1320,2018,"Census Tract 9603, Oglethorpe County, Georgia",960300,13,221,13221960300,1938,867,1071,41.7,318,1897.0,0.0,1.0,403.0,0.0,0.0,1493.0,0.0,48.0,1445.0,30143.0,1897.0,191.0,181.0,198.0,240.0,217.0,161.0,37.0,121.0,1922,1608,314,13,221,960300,12.47144374,124909.28000000001,85
363,27001,27296,GA,13221960202,97.809,33.925414700000005,-83.0978777,Georgia,Emory University Hospital,Comprehensive Stroke Center,-84.32186,33.792320000000004,114.22132859999998,267,2018,"Census Tract 9602.02, Oglethorpe County, Georgia",960202,13,221,13221960202,4899,2339,2560,43.0,991,4763.0,0.0,63.0,964.0,0.0,0.0,3736.0,98.0,66.0,3676.0,21001.0,4728.0,619.0,534.0,852.0,431.0,414.0,306.0,84.0,255.0,4776,4312,464,13,221,960202,50.08741527,130003.15899999987,140
364,27009,27304,GA,13141480300,168.21900000000002,33.1879208,-83.10346,Georgia,Augusta University Medical Center,Comprehensive Stroke Center,-81.99065,33.47077,108.25207579999999,1938,2018,"Census Tract 4803, Hancock County, Georgia",480300,13,141,13141480300,1889,883,1006,54.0,640,1872.0,0.0,43.0,1039.0,0.0,0.0,790.0,17.0,14.0,784.0,27742.0,1889.0,204.0,140.0,254.0,254.0,289.0,95.0,28.0,114.0,1889,1741,148,13,141,480300,11.22940928,119723.82900000004,104
365,27015,27310,GA,13133950500,64.06,33.444786199999996,-83.105698,Georgia,Augusta University Medical Center,Comprehensive Stroke Center,-81.99065,33.47077,103.7029232,877,2018,"Census Tract 9505, Greene County, Georgia",950500,13,133,13133950500,1482,805,677,53.2,476,1408.0,0.0,2.0,563.0,0.0,0.0,843.0,64.0,59.0,834.0,21921.0,1472.0,305.0,126.0,196.0,139.0,138.0,85.0,32.0,151.0,1480,1233,247,13,133,950500,23.13456135,113381.59000000003,69
366,27020,27315,GA,13173950200,106.444,31.0393581,-83.1082603,Florida,Tallahassee Memorial Hospital,Comprehensive Stroke Center,-84.26194,30.45625,127.9941365,1757,2018,"Census Tract 9502, Lanier County, Georgia",950200,13,173,13173950200,8236,4047,4189,33.4,842,8013.0,28.0,24.0,2280.0,0.0,46.0,5635.0,84.0,522.0,5137.0,22441.0,7735.0,1393.0,261.0,982.0,643.0,806.0,390.0,173.0,313.0,7705,6475,1230,13,173,950200,77.37401826,144847.38700000002,134
367,27022,27317,GA,13017960100,114.72,31.7436857,-83.10949690000001,Florida,Tallahassee Memorial Hospital,Comprehensive Stroke Center,-84.26194,30.45625,180.1722013,409,2018,"Census Tract 9601, Ben Hill County, Georgia",960100,13,17,13017960100,2618,1346,1272,38.9,410,2603.0,0.0,0.0,383.0,0.0,0.0,2220.0,9.0,113.0,2107.0,27192.0,2612.0,305.0,144.0,352.0,318.0,248.0,208.0,29.0,126.0,2618,2073,545,13,17,960100,22.82078103,193795.78999999975,182
368,27027,27322,GA,13319960400,224.62,32.7399869,-83.1115538,Georgia,Augusta University Medical Center,Comprehensive Stroke Center,-81.99065,33.47077,132.3453765,1833,2018,"Census Tract 9604, Wilkinson County, Georgia",960400,13,319,13319960400,1969,984,985,48.5,456,1954.0,3.0,0.0,649.0,6.0,15.0,1281.0,0.0,50.0,1246.0,18032.0,1890.0,307.0,242.0,310.0,181.0,104.0,76.0,7.0,78.0,1911,1692,219,13,319,960400,8.765915769,145516.39200000005,155
369,27034,27329,GA,13175950600,75.836,32.536134000000004,-83.1164265,Georgia,Augusta University Medical Center,Comprehensive Stroke Center,-81.99065,33.47077,147.6872189,1223,2018,"Census Tract 9506, Laurens County, Georgia",950600,13,175,13175950600,2458,1097,1361,37.1,237,2404.0,0.0,0.0,791.0,0.0,0.0,1613.0,24.0,18.0,1595.0,29976.0,2411.0,292.0,151.0,233.0,204.0,284.0,145.0,77.0,149.0,2458,2319,139,13,175,950600,32.41204705,166979.4090000001,152
370,27045,27340,GA,13119890101,24.151999999999997,34.413278399999996,-83.127589,South Carolina,Greenville Memorial Hospital,Comprehensive Stroke Center,-82.41299000000001,34.819024,79.50527218,826,2018,"Census Tract 8901.01, Franklin County, Georgia",890101,13,119,13119890101,4324,2022,2302,35.7,753,4258.0,0.0,55.0,733.0,0.0,214.0,3256.0,21.0,469.0,3001.0,21646.0,4279.0,647.0,442.0,544.0,412.0,473.0,94.0,99.0,141.0,4324,3600,724,13,119,890101,179.0327923,86089.119,59
371,27047,27342,GA,13019970400,102.48,31.2702653,-83.12873940000001,Florida,Tallahassee Memorial Hospital,Comprehensive Stroke Center,-84.26194,30.45625,141.0327905,1272,2018,"Census Tract 9704, Berrien County, Georgia",970400,13,19,13019970400,3429,1456,1973,42.1,692,3303.0,58.0,0.0,709.0,0.0,0.0,2536.0,101.0,76.0,2522.0,18667.0,3404.0,553.0,308.0,391.0,376.0,136.0,201.0,18.0,41.0,3429,2376,1053,13,19,970400,33.46018735,157192.9020000001,149
372,27057,27352,GA,13185010700,101.525,30.8655662,-83.1347005,Florida,Tallahassee Memorial Hospital,Comprehensive Stroke Center,-84.26194,30.45625,117.1776477,43,2018,"Census Tract 107, Lowndes County, Georgia",10700,13,185,13185010700,4067,2086,1981,36.9,429,3994.0,11.0,0.0,706.0,0.0,80.0,3197.0,20.0,142.0,3135.0,26209.0,4014.0,568.0,242.0,507.0,662.0,377.0,196.0,50.0,209.0,4041,3069,972,13,185,10700,40.05909874,127972.56900000005,128
373,27064,27360,GA,13119890102,35.57,34.4733501,-83.1366443,South Carolina,Greenville Memorial Hospital,Comprehensive Stroke Center,-82.41299000000001,34.819024,76.6289235,827,2018,"Census Tract 8901.02, Franklin County, Georgia",890102,13,119,13119890102,3840,1904,1936,47.6,875,3726.0,0.0,1.0,346.0,0.0,87.0,3292.0,57.0,177.0,3202.0,21912.0,3776.0,533.0,410.0,475.0,333.0,270.0,383.0,69.0,150.0,3833,3323,510,13,119,890102,107.95614280000001,86727.147,59
374,27076,27372,GA,13119890400,36.739000000000004,34.315213899999996,-83.1462147,South Carolina,Greenville Memorial Hospital,Comprehensive Stroke Center,-82.41299000000001,34.819024,87.46888091,830,2018,"Census Tract 8904, Franklin County, Georgia",890400,13,119,13119890400,5474,2557,2917,38.8,1110,5382.0,0.0,4.0,812.0,0.0,39.0,4527.0,43.0,98.0,4472.0,16274.0,4942.0,1162.0,627.0,837.0,425.0,439.0,179.0,106.0,169.0,5330,4444,886,13,119,890400,148.99697869999997,98700.90800000001,67
375,27079,27375,GA,13009970100,82.943,33.0702261,-83.1483285,Georgia,Augusta University Medical Center,Comprehensive Stroke Center,-81.99065,33.47077,116.6468798,1696,2018,"Census Tract 9701, Baldwin County, Georgia",970100,13,9,13009970100,5870,3037,2833,39.7,836,5736.0,0.0,13.0,2077.0,0.0,180.0,3466.0,92.0,180.0,3466.0,29688.0,5806.0,644.0,367.0,655.0,680.0,650.0,503.0,102.0,348.0,5870,5074,796,13,9,970100,70.77149368,133149.956,122
376,27096,27392,GA,13091960200,61.246,32.2838941,-83.1630853,Georgia,Augusta University Medical Center,Comprehensive Stroke Center,-81.99065,33.47077,171.3562003,1617,2018,"Census Tract 9602, Dodge County, Georgia",960200,13,91,13091960200,3295,1577,1718,48.1,671,3214.0,2.0,0.0,706.0,0.0,63.0,2443.0,54.0,153.0,2353.0,19780.0,3146.0,585.0,304.0,372.0,383.0,343.0,157.0,81.0,108.0,3173,2721,452,13,91,960200,53.799431799999994,188642.83199999997,179
377,27105,27402,GA,13195020600,41.101000000000006,34.2283693,-83.17152320000001,South Carolina,Greenville Memorial Hospital,Comprehensive Stroke Center,-82.41299000000001,34.819024,95.62083454,402,2018,"Census Tract 206, Madison County, Georgia",20600,13,195,13195020600,2170,1149,1021,41.4,385,2097.0,0.0,7.0,28.0,0.0,0.0,2062.0,69.0,13.0,2049.0,27360.0,2160.0,268.0,162.0,247.0,307.0,201.0,196.0,44.0,97.0,2170,1896,274,13,195,20600,52.79676894,110753.81200000002,86
378,27109,27406,GA,13185011600,29.871,30.6831642,-83.17701329999998,Florida,Tallahassee Memorial Hospital,Comprehensive Stroke Center,-84.26194,30.45625,107.073981,55,2018,"Census Tract 116, Lowndes County, Georgia",11600,13,185,13185011600,3798,1721,2077,46.1,873,3665.0,7.0,0.0,255.0,0.0,112.0,3291.0,73.0,245.0,3167.0,22191.0,3738.0,676.0,346.0,355.0,377.0,318.0,243.0,98.0,266.0,3763,3142,621,13,185,11600,127.14673090000001,115655.2420000001,99
379,27111,27408,GA,13319960200,142.042,32.8593856,-83.1776663,Georgia,Augusta University Medical Center,Comprehensive Stroke Center,-81.99065,33.47077,129.8348293,1832,2018,"Census Tract 9602, Wilkinson County, Georgia",960200,13,319,13319960200,2749,1394,1355,44.6,496,2732.0,1.0,0.0,1278.0,0.0,26.0,1427.0,0.0,149.0,1304.0,24171.0,2709.0,430.0,271.0,342.0,330.0,308.0,86.0,97.0,163.0,2726,2435,291,13,319,960200,19.35343068,155875.08000000007,139
380,27119,27416,GA,13133950303,54.155,33.58494,-83.1835983,Georgia,Emory University Hospital,Comprehensive Stroke Center,-84.32186,33.792320000000004,108.01703429999999,1138,2018,"Census Tract 9503.03, Greene County, Georgia",950303,13,133,13133950303,4501,2112,2389,35.7,701,4428.0,0.0,35.0,2233.0,3.0,465.0,1692.0,0.0,606.0,1551.0,19309.0,4343.0,575.0,598.0,561.0,463.0,378.0,144.0,17.0,167.0,4416,3344,1072,13,133,950303,83.11328594,118611.10400000008,102
381,27120,27417,GA,13019970500,55.01,31.1742562,-83.18390009999999,Florida,Tallahassee Memorial Hospital,Comprehensive Stroke Center,-84.26194,30.45625,130.2967638,1273,2018,"Census Tract 9705, Berrien County, Georgia",970500,13,19,13019970500,3478,1783,1695,45.3,736,3352.0,0.0,12.0,242.0,0.0,17.0,3081.0,49.0,29.0,3069.0,26462.0,3273.0,453.0,337.0,336.0,378.0,434.0,187.0,27.0,176.0,3380,3067,313,13,19,970500,63.22486821,148384.1470000001,141
382,27129,27426,GA,13195020200,47.619,34.150311,-83.19247879999999,South Carolina,Greenville Memorial Hospital,Comprehensive Stroke Center,-82.41299000000001,34.819024,103.0990997,398,2018,"Census Tract 202, Madison County, Georgia",20200,13,195,13195020200,4818,2472,2346,39.8,616,4678.0,44.0,0.0,115.0,0.0,69.0,4450.0,83.0,49.0,4419.0,29237.0,4670.0,520.0,368.0,532.0,644.0,531.0,342.0,99.0,177.0,4719,4202,517,13,195,20200,101.1781012,120052.27099999996,100
383,27133,27430,GA,13019970100,94.432,31.392645899999998,-83.1997522,Florida,Tallahassee Memorial Hospital,Comprehensive Stroke Center,-84.26194,30.45625,145.2043528,1274,2018,"Census Tract 9701, Berrien County, Georgia",970100,13,19,13019970100,1893,846,1047,39.5,463,1860.0,7.0,0.0,588.0,0.0,44.0,1221.0,11.0,44.0,1221.0,24695.0,1843.0,327.0,133.0,185.0,157.0,214.0,185.0,30.0,49.0,1893,1415,478,13,19,970100,20.04617079,162027.4170000001,151
384,27136,27433,GA,13185010102,24.005,30.935963300000004,-83.2012257,Florida,Tallahassee Memorial Hospital,Comprehensive Stroke Center,-84.26194,30.45625,114.69691499999999,45,2018,"Census Tract 101.02, Lowndes County, Georgia",10102,13,185,13185010102,6068,3211,2857,27.9,271,5782.0,40.0,207.0,1678.0,0.0,27.0,3830.0,229.0,240.0,3662.0,27564.0,5322.0,770.0,220.0,676.0,710.0,468.0,494.0,135.0,372.0,4969,4550,419,13,185,10102,252.7806707,126410.25200000007,131
385,27139,27436,GA,13091960100,60.138000000000005,32.3645426,-83.20454129999999,Georgia,Augusta University Medical Center,Comprehensive Stroke Center,-81.99065,33.47077,167.1624771,1616,2018,"Census Tract 9601, Dodge County, Georgia",960100,13,91,13091960100,3752,2563,1189,41.6,377,3707.0,0.0,4.0,1600.0,0.0,0.0,2103.0,5.0,118.0,1985.0,23667.0,2136.0,246.0,225.0,271.0,263.0,216.0,74.0,61.0,64.0,2176,1828,348,13,91,960100,62.38983671,184971.98999999996,170
386,27140,27437,GA,13133950302,43.202,33.502905600000005,-83.2049256,Georgia,Emory University Hospital,Comprehensive Stroke Center,-84.32186,33.792320000000004,108.46990149999999,1137,2018,"Census Tract 9503.02, Greene County, Georgia",950302,13,133,13133950302,2624,1216,1408,61.3,1071,2600.0,0.0,47.0,502.0,0.0,0.0,2051.0,24.0,67.0,2011.0,34949.0,2624.0,281.0,251.0,289.0,269.0,258.0,189.0,83.0,557.0,2608,2544,64,13,133,950302,60.73792879999999,122288.91200000007,90
387,27143,27440,GA,13091960600,133.034,32.027699199999994,-83.2118163,Georgia,Augusta University Medical Center,Comprehensive Stroke Center,-81.99065,33.47077,196.74187080000002,1619,2018,"Census Tract 9606, Dodge County, Georgia",960600,13,91,13091960600,2110,912,1198,45.4,426,2083.0,0.0,0.0,475.0,0.0,13.0,1595.0,6.0,49.0,1559.0,18918.0,2079.0,310.0,326.0,303.0,153.0,189.0,151.0,44.0,69.0,2100,1862,238,13,91,960600,15.86060706,216221.09399999995,209
388,27144,27441,GA,13155950200,236.726,31.580666700000002,-83.21208259999999,Florida,Tallahassee Memorial Hospital,Comprehensive Stroke Center,-84.26194,30.45625,159.96780149999998,1356,2018,"Census Tract 9502, Irwin County, Georgia",950200,13,155,13155950200,6879,3578,3301,40.0,1252,6782.0,13.0,36.0,2648.0,0.0,22.0,4063.0,22.0,89.0,4025.0,18913.0,6661.0,960.0,736.0,882.0,501.0,506.0,345.0,124.0,249.0,6736,5717,1019,13,155,950200,29.05891199,173699.8809999999,165
389,27146,27443,GA,13009970702,2.842,33.0528451,-83.21258900000001,Georgia,Augusta University Medical Center,Comprehensive Stroke Center,-81.99065,33.47077,122.92808329999998,1704,2018,"Census Tract 9707.02, Baldwin County, Georgia",970702,13,9,13009970702,2341,1318,1023,36.9,355,2277.0,0.0,9.0,1364.0,0.0,96.0,808.0,20.0,89.0,808.0,16393.0,1942.0,356.0,307.0,197.0,269.0,121.0,38.0,52.0,54.0,2026,1452,574,13,9,970702,823.7156932,141665.403,137
390,27149,27447,GA,13221960201,64.87,33.9217669,-83.21516319999999,Georgia,Emory University Hospital,Comprehensive Stroke Center,-84.32186,33.792320000000004,103.41397109999998,266,2018,"Census Tract 9602.01, Oglethorpe County, Georgia",960201,13,221,13221960201,6162,3232,2930,39.7,1098,5954.0,9.0,0.0,902.0,0.0,229.0,4814.0,121.0,533.0,4510.0,23929.0,6075.0,840.0,397.0,1045.0,663.0,644.0,497.0,109.0,285.0,6162,5376,786,13,221,960201,94.98997996,116186.96999999987,139
391,27150,27448,GA,13185011500,30.605,30.7576903,-83.2155181,Florida,Tallahassee Memorial Hospital,Comprehensive Stroke Center,-84.26194,30.45625,105.7631838,48,2018,"Census Tract 115, Lowndes County, Georgia",11500,13,185,13185011500,4003,2123,1880,35.7,616,3943.0,0.0,117.0,514.0,0.0,21.0,3291.0,44.0,84.0,3214.0,25422.0,3981.0,476.0,401.0,406.0,447.0,418.0,194.0,131.0,151.0,3997,3225,772,13,185,11500,130.7956216,116438.65300000011,115
392,27151,27449,GA,13017960500,29.712,31.6825891,-83.21798050000001,Florida,Tallahassee Memorial Hospital,Comprehensive Stroke Center,-84.26194,30.45625,168.55806869999998,408,2018,"Census Tract 9605, Ben Hill County, Georgia",960500,13,17,13017960500,5546,2482,3064,48.0,1396,5382.0,0.0,0.0,1980.0,0.0,18.0,3384.0,76.0,92.0,3310.0,17588.0,5174.0,843.0,860.0,525.0,360.0,526.0,476.0,44.0,83.0,5289,4803,486,13,17,960500,186.65858909999997,181583.85399999985,170
393,27153,27451,GA,13133950301,13.083,33.437362199999995,-83.2193257,Georgia,Emory University Hospital,Comprehensive Stroke Center,-84.32186,33.792320000000004,109.62738229999998,1136,2018,"Census Tract 9503.01, Greene County, Georgia",950301,13,133,13133950301,2690,1421,1269,64.4,1275,2673.0,0.0,71.0,51.0,0.0,58.0,2493.0,17.0,74.0,2477.0,52333.0,2660.0,213.0,141.0,271.0,168.0,260.0,194.0,65.0,850.0,2690,2616,74,13,133,950301,205.610334,126252.34200000008,119
394,27155,27453,GA,13257970200,43.126000000000005,34.5682391,-83.2210338,South Carolina,Greenville Memorial Hospital,Comprehensive Stroke Center,-82.41299000000001,34.819024,79.09285277,1267,2018,"Census Tract 9702, Stephens County, Georgia",970200,13,257,13257970200,5417,2479,2938,46.2,1133,5386.0,0.0,0.0,111.0,0.0,94.0,5181.0,31.0,143.0,5132.0,25713.0,5417.0,911.0,514.0,564.0,538.0,478.0,486.0,122.0,430.0,5417,4504,913,13,257,970200,125.60868149999999,97166.03499999999,75
395,27156,27454,GA,13009970701,1.801,33.0627728,-83.2220991,Georgia,Augusta University Medical Center,Comprehensive Stroke Center,-81.99065,33.47077,123.3350317,1703,2018,"Census Tract 9707.01, Baldwin County, Georgia",970701,13,9,13009970701,2515,1368,1147,30.0,300,2455.0,14.0,14.0,1318.0,0.0,0.0,1109.0,47.0,107.0,1018.0,14865.0,2187.0,513.0,221.0,293.0,196.0,131.0,64.0,16.0,22.0,2399,1928,471,13,9,970701,1396.4464189999999,140696.16199999992,129
396,27159,27457,GA,13133950100,133.124,33.668781700000004,-83.22368449999999,Georgia,Emory University Hospital,Comprehensive Stroke Center,-84.32186,33.792320000000004,102.6916938,875,2018,"Census Tract 9501, Greene County, Georgia",950100,13,133,13133950100,2147,1071,1076,49.3,469,2104.0,0.0,0.0,715.0,0.0,74.0,1315.0,43.0,87.0,1302.0,17998.0,2137.0,333.0,278.0,375.0,121.0,134.0,124.0,51.0,91.0,2147,1698,449,13,133,950100,16.12782068,121272.47199999994,107
397,27161,27459,GA,13017960400,4.486000000000001,31.7247864,-83.22735,Florida,Tallahassee Memorial Hospital,Comprehensive Stroke Center,-84.26194,30.45625,171.82645730000002,407,2018,"Census Tract 9604, Ben Hill County, Georgia",960400,13,17,13017960400,4289,1891,2398,28.5,362,4200.0,0.0,0.0,2225.0,0.0,245.0,1730.0,18.0,790.0,1203.0,17271.0,4150.0,500.0,478.0,416.0,453.0,198.0,140.0,36.0,22.0,4221,3440,781,13,17,960400,956.0855995999999,185825.37999999974,180
398,27165,27463,GA,13019970600,49.422,31.080002399999998,-83.2320385,Florida,Tallahassee Memorial Hospital,Comprehensive Stroke Center,-84.26194,30.45625,120.4293195,1270,2018,"Census Tract 9706, Berrien County, Georgia",970600,13,19,13019970600,3472,1760,1712,34.1,337,3358.0,0.0,0.0,329.0,0.0,93.0,2936.0,100.0,170.0,2859.0,23705.0,3458.0,411.0,208.0,462.0,280.0,316.0,205.0,17.0,149.0,3379,2760,619,13,19,970600,70.25211444,137335.01100000014,131
399,27167,27465,GA,13195020400,32.28,34.0446042,-83.23530079999999,Georgia,Emory University Hospital,Comprehensive Stroke Center,-84.32186,33.792320000000004,104.30075040000001,401,2018,"Census Tract 204, Madison County, Georgia",20400,13,195,13195020400,5734,2809,2925,39.4,797,5521.0,0.0,0.0,993.0,0.0,109.0,4419.0,64.0,421.0,4107.0,27863.0,5575.0,913.0,393.0,552.0,652.0,553.0,537.0,274.0,287.0,5734,4779,955,13,195,20400,177.6332094,117276.2149999999,125
400,27168,27466,GA,13185010604,10.815999999999999,30.8814537,-83.2372837,Florida,Tallahassee Memorial Hospital,Comprehensive Stroke Center,-84.26194,30.45625,108.92365919999999,179,2018,"Census Tract 106.04, Lowndes County, Georgia",10604,13,185,13185010604,5670,2506,3164,31.1,441,5547.0,1.0,66.0,2135.0,8.0,242.0,3095.0,60.0,313.0,3045.0,30144.0,5596.0,812.0,373.0,408.0,518.0,718.0,149.0,343.0,178.0,5380,4912,468,13,185,10604,524.2233728,120451.52900000007,134
401,27169,27467,GA,13009970200,11.225,33.1437325,-83.23892099999999,Georgia,Augusta University Medical Center,Comprehensive Stroke Center,-81.99065,33.47077,121.7752226,1702,2018,"Census Tract 9702, Baldwin County, Georgia",970200,13,9,13009970200,6763,3250,3513,38.3,979,6710.0,0.0,39.0,2681.0,0.0,25.0,3965.0,34.0,74.0,3936.0,24649.0,6744.0,946.0,682.0,858.0,552.0,725.0,594.0,141.0,424.0,6752,6151,601,13,9,970200,602.4944321,145835.69900000002,128
402,27170,27468,GA,13241970202,89.08,34.9073109,-83.2434438,South Carolina,Greenville Memorial Hospital,Comprehensive Stroke Center,-82.41299000000001,34.819024,76.56539726,1910,2018,"Census Tract 9702.02, Rabun County, Georgia",970202,13,241,13241970202,2499,1187,1312,47.4,687,2477.0,0.0,0.0,48.0,0.0,257.0,2172.0,0.0,285.0,2144.0,21622.0,2477.0,374.0,340.0,357.0,350.0,170.0,138.0,42.0,133.0,2494,1925,569,13,241,970202,28.05343511,106282.21200000003,172
403,27171,27469,GA,13185010101,22.913,31.0147902,-83.2450838,Florida,Tallahassee Memorial Hospital,Comprehensive Stroke Center,-84.26194,30.45625,115.4004179,51,2018,"Census Tract 101.01, Lowndes County, Georgia",10101,13,185,13185010101,4054,1964,2090,26.9,435,3832.0,28.0,100.0,1181.0,3.0,24.0,2496.0,142.0,186.0,2355.0,26670.0,3925.0,513.0,207.0,355.0,430.0,358.0,227.0,141.0,102.0,3779,3258,521,13,185,10101,176.930127,131366.96100000004,124
404,27173,27471,GA,13091960300,95.493,32.1951215,-83.2475704,Georgia,Augusta University Medical Center,Comprehensive Stroke Center,-81.99065,33.47077,184.01695680000003,1615,2018,"Census Tract 9603, Dodge County, Georgia",960300,13,91,13091960300,6042,3067,2975,40.7,1092,5748.0,0.0,58.0,1507.0,0.0,206.0,3977.0,263.0,280.0,3903.0,25455.0,5909.0,733.0,447.0,817.0,390.0,737.0,322.0,204.0,388.0,5997,5692,305,13,91,960300,63.27165342,203196.34199999998,190
405,27176,27474,GA,13009970600,5.574,33.0603143,-83.24924370000001,Georgia,Augusta University Medical Center,Comprehensive Stroke Center,-81.99065,33.47077,125.7910666,1700,2018,"Census Tract 9706, Baldwin County, Georgia",970600,13,9,13009970600,3662,1798,1864,36.1,738,3512.0,19.0,17.0,2250.0,0.0,0.0,1226.0,95.0,7.0,1219.0,18222.0,3417.0,552.0,441.0,460.0,485.0,226.0,154.0,42.0,45.0,3508,2897,611,13,9,970600,656.9788302999999,142926.855,119
406,27178,27476,GA,13009970400,2.523,33.1080758,-83.24955849999999,Georgia,Augusta University Medical Center,Comprehensive Stroke Center,-81.99065,33.47077,123.9701298,1699,2018,"Census Tract 9704, Baldwin County, Georgia",970400,13,9,13009970400,4482,2071,2411,31.4,748,4426.0,2.0,55.0,2110.0,0.0,31.0,2228.0,49.0,109.0,2177.0,20009.0,4424.0,996.0,415.0,396.0,522.0,533.0,261.0,58.0,142.0,4482,4149,333,13,9,970400,1776.4565989999999,143800.3,120
407,27179,27477,GA,13185010800,7.416,30.821532300000005,-83.24963559999999,Florida,Tallahassee Memorial Hospital,Comprehensive Stroke Center,-84.26194,30.45625,105.15196350000001,44,2018,"Census Tract 108, Lowndes County, Georgia",10800,13,185,13185010800,5704,2245,3459,28.9,640,5562.0,0.0,0.0,4810.0,0.0,81.0,671.0,0.0,211.0,541.0,15265.0,5562.0,891.0,549.0,604.0,432.0,260.0,107.0,33.0,44.0,5704,4473,1231,13,185,10800,769.1477886,115605.96100000005,118
408,27187,27485,GA,13237960102,53.894,33.3767879,-83.26548340000001,Georgia,Emory University Hospital,Comprehensive Stroke Center,-84.32186,33.792320000000004,108.3552533,1905,2018,"Census Tract 9601.02, Putnam County, Georgia",960102,13,237,13237960102,5503,2798,2705,51.3,1688,5322.0,0.0,36.0,688.0,0.0,222.0,4376.0,132.0,334.0,4300.0,32972.0,5454.0,625.0,420.0,636.0,528.0,686.0,399.0,174.0,778.0,5475,4894,581,13,237,960102,102.10784129999999,123420.43800000007,115
409,27189,27487,GA,13119890300,60.475,34.2874097,-83.2704061,South Carolina,Greenville Memorial Hospital,Comprehensive Stroke Center,-82.41299000000001,34.819024,98.33923262,829,2018,"Census Tract 8903, Franklin County, Georgia",890300,13,119,13119890300,3275,1736,1539,37.6,478,3142.0,16.0,57.0,0.0,0.0,0.0,3069.0,96.0,0.0,3069.0,23870.0,3226.0,510.0,212.0,458.0,375.0,207.0,233.0,78.0,174.0,3275,2775,500,13,119,890300,54.15460934,107072.157,72
410,27190,27488,GA,13185010402,1.595,30.8635188,-83.2704332,Florida,Tallahassee Memorial Hospital,Comprehensive Stroke Center,-84.26194,30.45625,105.20806470000001,58,2018,"Census Tract 104.02, Lowndes County, Georgia",10402,13,185,13185010402,7806,3984,3822,30.1,703,7478.0,23.0,146.0,5772.0,0.0,74.0,1463.0,234.0,119.0,1418.0,21056.0,7481.0,933.0,659.0,1050.0,822.0,467.0,293.0,62.0,251.0,7529,5865,1664,13,185,10402,4894.043887,116049.74400000004,138
411,27191,27489,GA,13185010500,0.813,30.852449199999995,-83.2706276,Florida,Tallahassee Memorial Hospital,Comprehensive Stroke Center,-84.26194,30.45625,104.67526490000002,887,2018,"Census Tract 105, Lowndes County, Georgia",10500,13,185,13185010500,4088,1959,2129,27.4,306,3941.0,0.0,19.0,3253.0,0.0,0.0,669.0,94.0,25.0,655.0,17352.0,4035.0,744.0,386.0,412.0,322.0,291.0,241.0,0.0,39.0,4078,3467,611,13,185,10500,5028.290283,115109.57900000004,138
412,27193,27491,GA,13185011000,0.9790000000000001,30.8396897,-83.2725229,Florida,Tallahassee Memorial Hospital,Comprehensive Stroke Center,-84.26194,30.45625,103.9294995,50,2018,"Census Tract 110, Lowndes County, Georgia",11000,13,185,13185011000,2849,1494,1355,39.9,343,2811.0,0.0,0.0,2531.0,0.0,57.0,223.0,21.0,127.0,151.0,12572.0,2832.0,616.0,315.0,247.0,247.0,87.0,35.0,33.0,14.0,2849,1893,956,13,185,11000,2910.11236,113208.08900000005,126
413,27195,27493,GA,13237960101,59.351000000000006,33.301811,-83.2736515,Georgia,Emory University Hospital,Comprehensive Stroke Center,-84.32186,33.792320000000004,111.5192523,1904,2018,"Census Tract 9601.01, Putnam County, Georgia",960101,13,237,13237960101,3323,1782,1541,52.4,879,3232.0,0.0,24.0,130.0,0.0,0.0,3078.0,43.0,79.0,2999.0,25446.0,3242.0,518.0,252.0,354.0,237.0,373.0,228.0,89.0,212.0,3323,2946,377,13,237,960101,55.98894711,122417.26400000007,116
414,27196,27494,GA,13185010601,1.889,30.874588800000005,-83.2740233,Florida,Tallahassee Memorial Hospital,Comprehensive Stroke Center,-84.26194,30.45625,105.4266142,889,2018,"Census Tract 106.01, Lowndes County, Georgia",10601,13,185,13185010601,6495,2665,3830,27.0,622,6175.0,0.0,67.0,3225.0,0.0,127.0,2756.0,215.0,467.0,2493.0,20187.0,6313.0,1040.0,573.0,1110.0,396.0,567.0,368.0,80.0,139.0,6242,5572,670,13,185,10601,3438.327157,117355.65600000005,136
415,27197,27495,GA,13185010103,6.977,30.9245605,-83.27472,Florida,Tallahassee Memorial Hospital,Comprehensive Stroke Center,-84.26194,30.45625,107.8985493,46,2018,"Census Tract 101.03, Lowndes County, Georgia",10103,13,185,13185010103,3720,1794,1926,30.6,279,3549.0,0.0,90.0,950.0,0.0,0.0,2509.0,142.0,448.0,2091.0,32920.0,3679.0,479.0,117.0,266.0,411.0,339.0,266.0,185.0,280.0,3481,3168,313,13,185,10103,533.1804501,122631.87800000008,123
416,27198,27496,GA,13023790100,124.82,32.4779818,-83.27764659999998,Georgia,Augusta University Medical Center,Comprehensive Stroke Center,-81.99065,33.47077,163.0831774,1419,2018,"Census Tract 7901, Bleckley County, Georgia",790100,13,23,13023790100,4793,2286,2507,44.5,906,4754.0,0.0,0.0,637.0,0.0,0.0,4117.0,0.0,29.0,4088.0,23344.0,4689.0,607.0,414.0,630.0,582.0,431.0,291.0,117.0,177.0,4728,4148,580,13,23,790100,38.39929498,178191.774,158
417,27202,27500,GA,13185011402,9.588,30.7944381,-83.2806876,Florida,Tallahassee Memorial Hospital,Comprehensive Stroke Center,-84.26194,30.45625,101.2733198,888,2018,"Census Tract 114.02, Lowndes County, Georgia",11402,13,185,13185011402,2934,1932,1002,34.4,276,2894.0,4.0,0.0,1151.0,0.0,175.0,1564.0,30.0,443.0,1322.0,16804.0,1879.0,567.0,231.0,453.0,271.0,145.0,21.0,24.0,37.0,1889,1380,509,13,185,11402,306.00750939999995,113463.18000000008,101
418,27204,27502,GA,13009970300,21.142,33.135971399999995,-83.2846679,Georgia,Emory University Hospital,Comprehensive Stroke Center,-84.32186,33.792320000000004,120.8123783,1698,2018,"Census Tract 9703, Baldwin County, Georgia",970300,13,9,13009970300,6151,2733,3418,40.6,1131,6075.0,85.0,495.0,2437.0,0.0,0.0,3058.0,61.0,136.0,2922.0,29715.0,6049.0,676.0,414.0,726.0,891.0,464.0,530.0,214.0,542.0,6125,5914,211,13,9,970300,290.9374704,135586.6820000001,146
419,27206,27504,GA,13059140600,12.450999999999999,33.9612283,-83.2862872,Georgia,Emory University Hospital,Comprehensive Stroke Center,-84.32186,33.792320000000004,97.62326837,1115,2018,"Census Tract 1406, Clarke County, Georgia",140600,13,59,13059140600,4570,2260,2310,39.7,708,4429.0,0.0,119.0,1253.0,0.0,174.0,2883.0,123.0,514.0,2565.0,24577.0,4552.0,647.0,388.0,771.0,573.0,487.0,351.0,97.0,231.0,4566,3871,695,13,59,140600,367.0387921,109799.18599999993,143
420,27207,27505,GA,13185011302,1.179,30.837546999999997,-83.28630279999999,Florida,Tallahassee Memorial Hospital,Comprehensive Stroke Center,-84.26194,30.45625,102.6284967,891,2018,"Census Tract 113.02, Lowndes County, Georgia",11302,13,185,13185011302,1925,971,954,39.5,356,1862.0,0.0,0.0,1360.0,0.0,23.0,479.0,49.0,77.0,448.0,15990.0,1899.0,465.0,150.0,225.0,126.0,152.0,116.0,13.0,40.0,1925,1525,400,13,185,11302,1632.7396099999999,112135.31300000005,122
421,27208,27506,GA,13119890200,104.626,34.3992871,-83.2865636,South Carolina,Greenville Memorial Hospital,Comprehensive Stroke Center,-82.41299000000001,34.819024,92.67085877,828,2018,"Census Tract 8902, Franklin County, Georgia",890200,13,119,13119890200,5601,2634,2967,44.6,1149,5455.0,0.0,81.0,201.0,0.0,165.0,5008.0,90.0,245.0,4928.0,25127.0,5446.0,691.0,448.0,707.0,578.0,481.0,451.0,125.0,236.0,5545,4497,1048,13,119,890200,53.53353851,100483.29100000001,59
422,27209,27507,GA,13185010301,4.868,30.893480199999996,-83.28738059999999,Florida,Tallahassee Memorial Hospital,Comprehensive Stroke Center,-84.26194,30.45625,105.2186997,56,2018,"Census Tract 103.01, Lowndes County, Georgia",10301,13,185,13185010301,4843,2163,2680,35.3,741,4626.0,23.0,185.0,631.0,0.0,212.0,3575.0,66.0,392.0,3395.0,40591.0,4692.0,331.0,285.0,332.0,516.0,573.0,523.0,21.0,729.0,4528,4210,318,13,185,10301,994.8644207000001,118149.19800000008,130
423,27212,27510,GA,13185011100,0.7559999999999999,30.8529262,-83.29016850000001,Florida,Tallahassee Memorial Hospital,Comprehensive Stroke Center,-84.26194,30.45625,103.0005848,890,2018,"Census Tract 111, Lowndes County, Georgia",11100,13,185,13185011100,2780,1248,1532,22.1,191,2672.0,0.0,70.0,841.0,11.0,19.0,1731.0,108.0,165.0,1615.0,14858.0,2041.0,765.0,170.0,289.0,158.0,219.0,70.0,30.0,163.0,2770,2281,489,13,185,11100,3677.2486770000005,113895.94500000005,122
424,27213,27511,GA,13009970800,76.343,33.0008571,-83.2910907,Georgia,Emory University Hospital,Comprehensive Stroke Center,-84.32186,33.792320000000004,130.0048744,1697,2018,"Census Tract 9708, Baldwin County, Georgia",970800,13,9,13009970800,7117,4225,2892,40.0,1058,6844.0,0.0,9.0,2743.0,0.0,0.0,4092.0,72.0,177.0,3948.0,21836.0,5827.0,620.0,484.0,1141.0,518.0,474.0,295.0,81.0,208.0,6044,5311,733,13,9,970800,93.2240022,147714.807,134
425,27215,27513,GA,13059150900,18.59,33.8869804,-83.2932606,Georgia,Emory University Hospital,Comprehensive Stroke Center,-84.32186,33.792320000000004,95.78192679,1116,2018,"Census Tract 1509, Clarke County, Georgia",150900,13,59,13059150900,4310,2010,2300,33.4,562,4006.0,20.0,210.0,944.0,0.0,28.0,2804.0,111.0,297.0,2534.0,34511.0,4117.0,353.0,266.0,516.0,434.0,354.0,521.0,85.0,575.0,4297,3968,329,13,59,150900,231.84507799999997,111670.27999999994,143
426,27217,27515,GA,13019970300,58.218,31.2406903,-83.29612579999998,Florida,Tallahassee Memorial Hospital,Comprehensive Stroke Center,-84.26194,30.45625,126.87849059999999,1275,2018,"Census Tract 9703, Berrien County, Georgia",970300,13,19,13019970300,2688,1375,1313,42.3,594,2674.0,19.0,22.0,177.0,0.0,0.0,2456.0,3.0,60.0,2396.0,21260.0,2593.0,515.0,178.0,428.0,190.0,249.0,153.0,78.0,103.0,2604,2094,510,13,19,970300,46.17128723,141071.0320000001,134
427,27218,27516,GA,13185010401,1.045,30.8636533,-83.29638,Florida,Tallahassee Memorial Hospital,Comprehensive Stroke Center,-84.26194,30.45625,102.9739789,57,2018,"Census Tract 104.01, Lowndes County, Georgia",10401,13,185,13185010401,1576,812,764,40.7,287,1571.0,0.0,22.0,199.0,0.0,48.0,1302.0,5.0,105.0,1250.0,30325.0,1565.0,193.0,116.0,184.0,157.0,130.0,138.0,42.0,193.0,1576,1386,190,13,185,10401,1508.1339710000002,114958.61100000005,127
428,27225,27523,GA,13017960300,11.187000000000001,31.725859399999997,-83.3033334,Florida,Tallahassee Memorial Hospital,Comprehensive Stroke Center,-84.26194,30.45625,167.8662605,406,2018,"Census Tract 9603, Ben Hill County, Georgia",960300,13,17,13017960300,3239,1540,1699,35.7,421,3142.0,0.0,18.0,1319.0,0.0,0.0,1805.0,58.0,29.0,1800.0,20114.0,3200.0,324.0,432.0,528.0,306.0,402.0,118.0,27.0,41.0,3239,2496,743,13,17,960300,289.5324931,180793.12399999984,159
429,27227,27525,GA,13059150700,3.5239999999999996,33.9244201,-83.30517259999999,Georgia,Emory University Hospital,Comprehensive Stroke Center,-84.32186,33.792320000000004,95.21578689,1114,2018,"Census Tract 1507, Clarke County, Georgia",150700,13,59,13059150700,5868,2789,3079,38.3,1070,5643.0,0.0,207.0,1737.0,0.0,18.0,3681.0,197.0,333.0,3389.0,19815.0,5823.0,1012.0,976.0,744.0,504.0,501.0,406.0,198.0,490.0,5868,4957,911,13,59,150700,1665.153235,107034.30599999994,156
430,27228,27526,GA,13319960300,82.553,32.873930800000004,-83.30570420000001,Georgia,Emory University Hospital,Comprehensive Stroke Center,-84.32186,33.792320000000004,139.01349109999998,1831,2018,"Census Tract 9603, Wilkinson County, Georgia",960300,13,319,13319960300,4360,1971,2389,37.8,702,4199.0,6.0,0.0,1604.0,0.0,4.0,2585.0,95.0,52.0,2537.0,23390.0,4261.0,633.0,258.0,535.0,388.0,364.0,219.0,106.0,161.0,4353,3975,378,13,319,960300,52.814555500000004,156194.65199999997,137
431,27230,27528,GA,13185010900,1.6380000000000001,30.8276468,-83.3070406,Florida,Tallahassee Memorial Hospital,Comprehensive Stroke Center,-84.26194,30.45625,100.36950279999999,894,2018,"Census Tract 109, Lowndes County, Georgia",10900,13,185,13185010900,1612,711,901,27.4,247,1602.0,0.0,0.0,1211.0,0.0,0.0,391.0,0.0,1.0,390.0,20547.0,1602.0,219.0,152.0,222.0,179.0,61.0,25.0,12.0,45.0,1606,1231,375,13,185,10900,984.1269841,109582.62300000005,104
432,27234,27532,GA,13257970302,6.36,34.5481077,-83.3100569,South Carolina,Greenville Memorial Hospital,Comprehensive Stroke Center,-82.41299000000001,34.819024,87.52674443,1168,2018,"Census Tract 9703.02, Stephens County, Georgia",970302,13,257,13257970302,3014,1316,1698,42.1,645,2960.0,0.0,0.0,452.0,0.0,0.0,2508.0,0.0,84.0,2424.0,20660.0,2902.0,537.0,397.0,349.0,375.0,278.0,143.0,20.0,32.0,3014,2632,382,13,257,970302,473.8993711,102431.485,87
433,27235,27533,GA,13185011301,1.817,30.839240500000002,-83.3103025,Florida,Tallahassee Memorial Hospital,Comprehensive Stroke Center,-84.26194,30.45625,100.61508470000001,54,2018,"Census Tract 113.01, Lowndes County, Georgia",11301,13,185,13185011301,4524,2095,2429,23.2,217,4408.0,0.0,94.0,2720.0,0.0,13.0,1581.0,53.0,95.0,1553.0,15975.0,4461.0,808.0,408.0,672.0,286.0,192.0,119.0,23.0,62.0,4500,3247,1253,13,185,11301,2489.818382,111103.85400000005,112
434,27236,27534,GA,13185010302,2.344,30.872960499999998,-83.3114479,Florida,Tallahassee Memorial Hospital,Comprehensive Stroke Center,-84.26194,30.45625,102.1368039,52,2018,"Census Tract 103.02, Lowndes County, Georgia",10302,13,185,13185010302,2758,1283,1475,40.2,595,2686.0,0.0,161.0,48.0,0.0,0.0,2477.0,40.0,159.0,2337.0,43500.0,2726.0,237.0,139.0,255.0,333.0,152.0,397.0,51.0,490.0,2689,2546,143,13,185,10302,1176.62116,114329.83400000006,121
435,27237,27535,GA,13195020500,33.254,34.070056,-83.3117863,Georgia,Emory University Hospital,Comprehensive Stroke Center,-84.32186,33.792320000000004,98.34000116,399,2018,"Census Tract 205, Madison County, Georgia",20500,13,195,13195020500,6543,3207,3336,39.9,911,6266.0,11.0,123.0,714.0,0.0,329.0,5089.0,190.0,563.0,4824.0,31504.0,6456.0,611.0,414.0,713.0,806.0,816.0,475.0,160.0,461.0,6543,5586,957,13,195,20500,196.7582847,112535.78499999992,111
436,27238,27536,GA,13185011200,1.767,30.8526022,-83.3138375,Florida,Tallahassee Memorial Hospital,Comprehensive Stroke Center,-84.26194,30.45625,100.93832540000001,53,2018,"Census Tract 112, Lowndes County, Georgia",11200,13,185,13185011200,6251,3114,3137,24.7,701,6169.0,0.0,261.0,1016.0,0.0,163.0,4729.0,82.0,536.0,4331.0,15477.0,6181.0,1226.0,1012.0,700.0,363.0,486.0,287.0,71.0,428.0,6206,4993,1213,13,185,11200,3537.6344090000002,112552.40600000005,114
437,27241,27539,GA,13315960100,116.586,31.9531876,-83.31644440000001,Florida,Tallahassee Memorial Hospital,Comprehensive Stroke Center,-84.26194,30.45625,188.8491388,1552,2018,"Census Tract 9601, Wilcox County, Georgia",960100,13,315,13315960100,4002,2910,1092,39.2,483,3965.0,5.0,0.0,2072.0,0.0,0.0,1888.0,37.0,242.0,1646.0,20922.0,1960.0,191.0,226.0,318.0,169.0,151.0,70.0,15.0,52.0,1960,1631,329,13,315,960100,34.32659153,204228.14199999982,176
438,27242,27540,GA,13195020100,60.585,34.177652,-83.31738359999999,Georgia,Emory University Hospital,Comprehensive Stroke Center,-84.32186,33.792320000000004,102.18258399999999,400,2018,"Census Tract 201, Madison County, Georgia",20100,13,195,13195020100,5011,2487,2524,43.7,1019,4923.0,0.0,0.0,66.0,0.0,380.0,4477.0,56.0,380.0,4477.0,21324.0,4979.0,691.0,522.0,729.0,433.0,485.0,349.0,210.0,161.0,5011,4510,501,13,195,20100,82.71024181,115257.48599999998,100
439,27243,27541,GA,13257970400,77.072,34.509753,-83.3177023,South Carolina,Greenville Memorial Hospital,Comprehensive Stroke Center,-82.41299000000001,34.819024,89.74194372,1266,2018,"Census Tract 9704, Stephens County, Georgia",970400,13,257,13257970400,6819,3333,3486,44.8,1610,6673.0,20.0,0.0,598.0,0.0,37.0,6018.0,56.0,93.0,5962.0,20881.0,6592.0,925.0,626.0,1227.0,570.0,600.0,516.0,54.0,342.0,6819,6024,795,13,257,970400,88.47571102,106505.429,82
440,27244,27542,GA,13059150800,4.663,33.904257799999996,-83.3191479,Georgia,Emory University Hospital,Comprehensive Stroke Center,-84.32186,33.792320000000004,93.62622259999999,1096,2018,"Census Tract 1508, Clarke County, Georgia",150800,13,59,13059150800,6517,2993,3524,32.7,915,6423.0,0.0,25.0,2079.0,0.0,132.0,4187.0,45.0,254.0,4065.0,33530.0,6468.0,735.0,319.0,711.0,688.0,699.0,508.0,197.0,795.0,6502,5735,767,13,59,150800,1397.598113,105925.62099999993,150
441,27245,27543,GA,13059140500,8.197000000000001,33.9673636,-83.32536529999999,Georgia,Emory University Hospital,Comprehensive Stroke Center,-84.32186,33.792320000000004,94.21230587,1109,2018,"Census Tract 1405, Clarke County, Georgia",140500,13,59,13059140500,1944,1160,784,34.4,97,1929.0,0.0,0.0,1032.0,8.0,30.0,859.0,7.0,447.0,545.0,15879.0,1685.0,389.0,173.0,256.0,207.0,146.0,14.0,0.0,3.0,1693,1285,408,13,59,140500,237.15993659999998,104115.17999999992,132
442,27247,27545,GA,13185010202,51.777,30.962333500000003,-83.3321748,Florida,Tallahassee Memorial Hospital,Comprehensive Stroke Center,-84.26194,30.45625,105.2632044,49,2018,"Census Tract 102.02, Lowndes County, Georgia",10202,13,185,13185010202,12793,6680,6113,33.8,1758,12411.0,18.0,342.0,1388.0,69.0,53.0,10541.0,89.0,444.0,10199.0,32536.0,12445.0,1585.0,736.0,1205.0,830.0,1216.0,1041.0,341.0,1346.0,12634,11517,1117,13,185,10202,247.07881880000002,122384.63400000008,114
443,27250,27549,GA,13257970100,47.243,34.6231271,-83.3330601,South Carolina,Greenville Memorial Hospital,Comprehensive Stroke Center,-82.41299000000001,34.819024,87.03203387,1268,2018,"Census Tract 9701, Stephens County, Georgia",970100,13,257,13257970100,7016,3190,3826,35.7,1051,6822.0,20.0,84.0,635.0,2.0,0.0,6081.0,153.0,157.0,5930.0,22016.0,6280.0,1625.0,404.0,651.0,699.0,759.0,468.0,57.0,356.0,7016,5726,1290,13,257,970100,148.5087738,99538.185,104
444,27252,27551,GA,13059150600,1.348,33.935961,-83.33554649999999,Georgia,Emory University Hospital,Comprehensive Stroke Center,-84.32186,33.792320000000004,92.64505657,1095,2018,"Census Tract 1506, Clarke County, Georgia",150600,13,59,13059150600,3364,1451,1913,27.3,369,3129.0,0.0,106.0,906.0,0.0,0.0,2117.0,165.0,70.0,2047.0,20385.0,3294.0,674.0,350.0,492.0,405.0,499.0,85.0,0.0,125.0,3344,2903,441,13,59,150600,2495.548961,105318.51199999994,157
445,27253,27552,GA,13185011403,123.435,30.7147536,-83.3360071,Florida,Tallahassee Memorial Hospital,Comprehensive Stroke Center,-84.26194,30.45625,93.31972741,893,2018,"Census Tract 114.03, Lowndes County, Georgia",11403,13,185,13185011403,7962,3544,4418,36.7,1088,7689.0,98.0,0.0,1871.0,0.0,81.0,5639.0,197.0,763.0,5036.0,22582.0,7851.0,1248.0,589.0,758.0,574.0,710.0,427.0,86.0,417.0,7962,6529,1433,13,185,11403,64.50358488,103531.42000000003,83
446,27254,27553,GA,13219030500,47.288999999999994,33.774102500000005,-83.336246,Georgia,Emory University Hospital,Comprehensive Stroke Center,-84.32186,33.792320000000004,91.30841154,433,2018,"Census Tract 305, Oconee County, Georgia",30500,13,219,13219030500,2272,1073,1199,43.7,306,2217.0,9.0,13.0,109.0,0.0,0.0,2086.0,44.0,28.0,2077.0,42528.0,2249.0,194.0,140.0,158.0,161.0,316.0,200.0,110.0,329.0,2272,2165,107,13,219,30500,48.04499989,103476.07499999995,112
447,27255,27554,GA,13019970200,93.815,31.3714641,-83.3384099,Florida,Tallahassee Memorial Hospital,Comprehensive Stroke Center,-84.26194,30.45625,134.49445769999997,1271,2018,"Census Tract 9702, Berrien County, Georgia",970200,13,19,13019970200,4065,2079,1986,35.1,447,4001.0,7.0,0.0,228.0,0.0,79.0,3687.0,63.0,546.0,3420.0,24834.0,4064.0,343.0,405.0,487.0,494.0,280.0,230.0,52.0,164.0,4065,2975,1090,13,19,970200,43.3299579,151644.52800000002,136
448,27256,27555,GA,13059140400,5.346,34.011243,-83.3386514,Georgia,Emory University Hospital,Comprehensive Stroke Center,-84.32186,33.792320000000004,94.12378659999999,1094,2018,"Census Tract 1404, Clarke County, Georgia",140400,13,59,13059140400,3534,1802,1732,33.3,337,3429.0,0.0,0.0,805.0,0.0,497.0,2127.0,28.0,2035.0,607.0,23015.0,3457.0,396.0,270.0,363.0,329.0,261.0,104.0,57.0,62.0,3534,2473,1061,13,59,140400,661.0549944,106783.36499999993,124
449,27259,27558,GA,13257970301,5.349,34.5623583,-83.3396825,South Carolina,Greenville Memorial Hospital,Comprehensive Stroke Center,-82.41299000000001,34.819024,89.55940676,1167,2018,"Census Tract 9703.01, Stephens County, Georgia",970301,13,257,13257970301,3410,1447,1963,32.7,453,3028.0,0.0,0.0,1080.0,0.0,358.0,1590.0,346.0,366.0,1582.0,16871.0,3374.0,464.0,341.0,458.0,183.0,165.0,167.0,0.0,82.0,3410,2815,595,13,257,970301,637.5023369,101832.10100000001,103
450,27260,27559,GA,13009970500,54.308,33.0956212,-83.3402448,Georgia,Emory University Hospital,Comprehensive Stroke Center,-84.32186,33.792320000000004,119.58882520000002,1701,2018,"Census Tract 9705, Baldwin County, Georgia",970500,13,9,13009970500,6385,2959,3426,21.5,631,6108.0,20.0,39.0,1718.0,0.0,20.0,4311.0,203.0,118.0,4213.0,9338.0,4515.0,2199.0,594.0,478.0,178.0,374.0,168.0,14.0,251.0,6238,5520,718,13,9,970500,117.5701554,133577.28299999997,127
451,27261,27560,GA,13017960200,90.01700000000001,31.799604300000002,-83.34160859999999,Florida,Tallahassee Memorial Hospital,Comprehensive Stroke Center,-84.26194,30.45625,172.87946200000002,410,2018,"Census Tract 9602, Ben Hill County, Georgia",960200,13,17,13017960200,1462,788,674,41.6,192,1434.0,0.0,0.0,249.0,9.0,14.0,1162.0,28.0,18.0,1162.0,25361.0,1457.0,158.0,107.0,236.0,155.0,175.0,82.0,41.0,61.0,1455,1111,344,13,17,960200,16.24137663,192905.17099999974,166
452,27263,27562,GA,13059150500,2.272,33.9253865,-83.3509708,Georgia,Emory University Hospital,Comprehensive Stroke Center,-84.32186,33.792320000000004,91.04740621,1099,2018,"Census Tract 1505, Clarke County, Georgia",150500,13,59,13059150500,4892,2131,2761,23.2,364,4719.0,0.0,254.0,561.0,0.0,23.0,3881.0,157.0,301.0,3631.0,11665.0,4876.0,1475.0,382.0,469.0,287.0,329.0,189.0,106.0,106.0,4892,4478,414,13,59,150500,2153.169014,103974.23499999991,145
453,27266,27565,GA,13023790300,32.245,32.3425439,-83.35424240000002,Georgia,Augusta University Medical Center,Comprehensive Stroke Center,-81.99065,33.47077,178.6828908,1421,2018,"Census Tract 7903, Bleckley County, Georgia",790300,13,23,13023790300,5483,2660,2823,33.7,951,5420.0,9.0,28.0,1763.0,0.0,0.0,3620.0,15.0,105.0,3535.0,22588.0,4222.0,723.0,385.0,537.0,447.0,262.0,352.0,144.0,247.0,5413,4900,513,13,23,790300,170.041867,196233.3039999999,178
454,27270,27569,GA,13059030200,1.715,33.9538716,-83.3562739,Georgia,Emory University Hospital,Comprehensive Stroke Center,-84.32186,33.792320000000004,91.11691126,1101,2018,"Census Tract 302, Clarke County, Georgia",30200,13,59,13059030200,5046,2282,2764,27.9,493,4879.0,0.0,28.0,3456.0,0.0,68.0,1327.0,137.0,212.0,1173.0,12607.0,5016.0,1321.0,754.0,394.0,478.0,206.0,52.0,67.0,76.0,5032,4171,861,13,59,30200,2942.2740519999998,100601.19499999992,135
455,27276,27575,GA,13241970100,80.829,34.941779499999996,-83.3608753,South Carolina,Greenville Memorial Hospital,Comprehensive Stroke Center,-82.41299000000001,34.819024,87.7196195,931,2018,"Census Tract 9701, Rabun County, Georgia",970100,13,241,13241970100,5547,2767,2780,48.3,1382,5455.0,79.0,128.0,248.0,1.0,74.0,4925.0,44.0,507.0,4606.0,21079.0,5353.0,965.0,662.0,701.0,631.0,422.0,273.0,178.0,282.0,5452,4421,1031,13,241,970100,68.62635935,123432.89799999997,184
456,27278,27577,GA,13211010400,61.41,33.5262532,-83.36323309999999,Georgia,Emory University Hospital,Comprehensive Stroke Center,-84.32186,33.792320000000004,93.68359383,207,2018,"Census Tract 104, Morgan County, Georgia",10400,13,211,13211010400,2827,1368,1459,45.4,604,2753.0,0.0,0.0,484.0,0.0,7.0,2262.0,73.0,181.0,2081.0,32440.0,2807.0,267.0,302.0,252.0,316.0,310.0,271.0,130.0,269.0,2827,2479,348,13,211,10400,46.03484774,103202.8940000001,90
457,27280,27579,GA,13059030100,1.435,33.9701231,-83.365948,Georgia,Emory University Hospital,Comprehensive Stroke Center,-84.32186,33.792320000000004,90.60649618,1112,2018,"Census Tract 301, Clarke County, Georgia",30100,13,59,13059030100,5718,2699,3019,24.4,242,5502.0,0.0,118.0,2142.0,0.0,15.0,3227.0,160.0,179.0,3063.0,12000.0,5662.0,1707.0,589.0,585.0,502.0,422.0,85.0,0.0,28.0,5718,5010,708,13,59,30100,3984.6689899999997,100314.77199999992,130
458,27284,27583,GA,13059150400,5.52,33.906962899999996,-83.36956059999999,Georgia,Emory University Hospital,Comprehensive Stroke Center,-84.32186,33.792320000000004,89.04498164,1107,2018,"Census Tract 1504, Clarke County, Georgia",150400,13,59,13059150400,4028,2232,1796,22.4,116,3929.0,14.0,523.0,310.0,0.0,160.0,2922.0,99.0,153.0,2815.0,9156.0,4028.0,1727.0,344.0,690.0,183.0,193.0,71.0,14.0,43.0,4028,3476,552,13,59,150400,729.7101449,100823.76599999993,138
459,27285,27584,GA,13059140300,10.513,34.0088515,-83.3720732,Georgia,Emory University Hospital,Comprehensive Stroke Center,-84.32186,33.792320000000004,91.07161082,1102,2018,"Census Tract 1403, Clarke County, Georgia",140300,13,59,13059140300,5484,2775,2709,32.6,451,5338.0,41.0,0.0,2704.0,0.0,177.0,2416.0,38.0,1418.0,1175.0,19447.0,5376.0,894.0,442.0,1203.0,605.0,303.0,121.0,34.0,173.0,5484,4108,1376,13,59,140300,521.6398743999999,106328.69999999994,127
460,27286,27585,GA,13059000401,0.5820000000000001,33.933101799999996,-83.37232209999999,Georgia,Emory University Hospital,Comprehensive Stroke Center,-84.32186,33.792320000000004,89.240209,165,2018,"Census Tract 4.01, Clarke County, Georgia",401,13,59,13059000401,1353,702,651,25.5,31,1264.0,0.0,452.0,111.0,0.0,0.0,701.0,52.0,107.0,597.0,16345.0,1201.0,333.0,105.0,275.0,112.0,50.0,49.0,7.0,30.0,1349,1206,143,13,59,401,2324.742268,100349.71999999993,136
461,27288,27587,GA,13059000100,0.327,33.960168100000004,-83.3742173,Georgia,Emory University Hospital,Comprehensive Stroke Center,-84.32186,33.792320000000004,89.62909637,1091,2018,"Census Tract 1, Clarke County, Georgia",100,13,59,13059000100,1891,968,923,21.7,7,1805.0,0.0,25.0,146.0,0.0,16.0,1618.0,61.0,61.0,1590.0,4293.0,1823.0,1026.0,79.0,83.0,51.0,69.0,24.0,10.0,23.0,1877,1731,146,13,59,100,5782.874618,98813.87499999994,130
462,27289,27588,GA,13059000402,0.856,33.9481338,-83.3754635,Georgia,Emory University Hospital,Comprehensive Stroke Center,-84.32186,33.792320000000004,89.25428178,166,2018,"Census Tract 4.02, Clarke County, Georgia",402,13,59,13059000402,8195,3306,4889,19.2,3,7869.0,14.0,926.0,911.0,0.0,91.0,5927.0,326.0,359.0,5701.0,2499.0,656.0,5225.0,295.0,125.0,24.0,23.0,0.0,0.0,8.0,8195,7848,347,13,59,402,9573.598131,99189.54799999994,138
463,27291,27590,GA,13241970302,35.964,34.7884916,-83.37622900000001,South Carolina,Greenville Memorial Hospital,Comprehensive Stroke Center,-82.41299000000001,34.819024,88.20646117,1912,2018,"Census Tract 9703.02, Rabun County, Georgia",970302,13,241,13241970302,1864,918,946,39.2,291,1798.0,0.0,0.0,62.0,0.0,111.0,1625.0,4.0,99.0,1541.0,22610.0,1663.0,287.0,127.0,195.0,195.0,117.0,129.0,11.0,92.0,1786,1366,420,13,241,970302,51.82960739,114607.35800000002,134
464,27298,27597,GA,13059002200,0.7020000000000001,33.9266817,-83.38399390000001,Georgia,Emory University Hospital,Comprehensive Stroke Center,-84.32186,33.792320000000004,88.05694065,1105,2018,"Census Tract 22, Clarke County, Georgia",2200,13,59,13059002200,2413,1310,1103,26.4,121,2378.0,0.0,150.0,116.0,0.0,6.0,2106.0,18.0,98.0,2040.0,23216.0,2396.0,522.0,182.0,291.0,124.0,216.0,178.0,43.0,287.0,2413,2157,256,13,59,2200,3437.3219369999997,99821.70599999993,137
465,27302,27601,GA,13059002100,0.6459999999999999,33.94164779999999,-83.3850318,Georgia,Emory University Hospital,Comprehensive Stroke Center,-84.32186,33.792320000000004,88.25127372,1103,2018,"Census Tract 21, Clarke County, Georgia",2100,13,59,13059002100,4265,1916,2349,21.7,265,4186.0,0.0,586.0,166.0,0.0,14.0,3420.0,61.0,150.0,3341.0,8671.0,2860.0,1633.0,327.0,255.0,217.0,242.0,71.0,64.0,373.0,4265,4012,253,13,59,2100,6602.167183,98639.31999999995,139
466,27304,27603,GA,13059000600,0.521,33.9549681,-83.3861575,Georgia,Emory University Hospital,Comprehensive Stroke Center,-84.32186,33.792320000000004,88.43191048,1110,2018,"Census Tract 6, Clarke County, Georgia",600,13,59,13059000600,3261,1315,1946,21.9,166,3236.0,0.0,299.0,1200.0,0.0,8.0,1729.0,25.0,116.0,1647.0,11756.0,2558.0,930.0,283.0,242.0,256.0,137.0,39.0,0.0,164.0,3261,3076,185,13,59,600,6259.117083,97396.68099999995,133
467,27308,27607,GA,13059001900,1.023,33.9663942,-83.39040440000001,Georgia,Emory University Hospital,Comprehensive Stroke Center,-84.32186,33.792320000000004,88.31007713,1117,2018,"Census Tract 19, Clarke County, Georgia",1900,13,59,13059001900,3310,1743,1567,28.2,280,3116.0,13.0,15.0,642.0,0.0,0.0,2446.0,160.0,128.0,2338.0,21572.0,3254.0,575.0,376.0,398.0,314.0,339.0,167.0,32.0,288.0,3310,2778,532,13,59,1900,3235.581623,98152.69699999994,122
468,27309,27608,GA,13075960300,50.501000000000005,31.161940100000002,-83.390771,Florida,Tallahassee Memorial Hospital,Comprehensive Stroke Center,-84.26194,30.45625,114.3270256,1517,2018,"Census Tract 9603, Cook County, Georgia",960300,13,75,13075960300,6365,3019,3346,35.2,920,6076.0,3.0,59.0,1490.0,0.0,126.0,4398.0,170.0,264.0,4280.0,24329.0,6170.0,748.0,515.0,788.0,586.0,511.0,301.0,93.0,435.0,6289,5366,923,13,75,960300,126.03710819999999,126645.21300000003,124
469,27312,27611,GA,13235950100,84.272,32.2449843,-83.3941355,Georgia,Augusta University Medical Center,Comprehensive Stroke Center,-81.99065,33.47077,189.0412736,929,2018,"Census Tract 9501, Pulaski County, Georgia",950100,13,235,13235950100,3402,960,2442,36.6,469,3351.0,0.0,0.0,1130.0,0.0,29.0,2192.0,4.0,240.0,1977.0,19443.0,1919.0,278.0,205.0,265.0,254.0,128.0,69.0,23.0,99.0,1966,1501,465,13,235,950100,40.36928043,208385.42499999996,184
470,27314,27613,GA,13219030400,21.916,33.8557531,-83.3949604,Georgia,Emory University Hospital,Comprehensive Stroke Center,-84.32186,33.792320000000004,86.09526537,432,2018,"Census Tract 304, Oconee County, Georgia",30400,13,219,13219030400,7284,3402,3882,41.3,1028,7121.0,0.0,143.0,392.0,0.0,68.0,6518.0,51.0,292.0,6233.0,38868.0,7040.0,691.0,427.0,506.0,794.0,871.0,587.0,284.0,1117.0,7166,6537,629,13,219,30400,332.3599197,95063.08999999994,124
471,27319,27618,GA,13059002000,0.77,33.9401258,-83.3996497,Georgia,Emory University Hospital,Comprehensive Stroke Center,-84.32186,33.792320000000004,86.89185533,1108,2018,"Census Tract 20, Clarke County, Georgia",2000,13,59,13059002000,1993,1132,861,38.0,252,1912.0,0.0,45.0,82.0,0.0,25.0,1760.0,46.0,50.0,1710.0,31574.0,1946.0,285.0,168.0,190.0,143.0,171.0,114.0,58.0,383.0,1993,1885,108,13,59,2000,2588.311688,97018.85699999995,130
472,27321,27620,GA,13185010201,41.062,30.9545724,-83.4012015,Florida,Tallahassee Memorial Hospital,Comprehensive Stroke Center,-84.26194,30.45625,99.25212771,892,2018,"Census Tract 102.01, Lowndes County, Georgia",10201,13,185,13185010201,3731,2410,1321,34.4,416,3564.0,21.0,49.0,940.0,0.0,45.0,2509.0,143.0,252.0,2340.0,30223.0,2709.0,379.0,177.0,270.0,339.0,295.0,137.0,59.0,294.0,2681,2425,256,13,185,10201,90.86259802,114165.42800000009,102
473,27322,27621,GA,13289060100,171.628,32.7451999,-83.4024239,Georgia,Grady Memorial Hospital,Comprehensive Stroke Center,-84.38242,33.752320000000005,144.2790504,404,2018,"Census Tract 601, Twiggs County, Georgia",60100,13,289,13289060100,4584,2273,2311,45.3,878,4392.0,0.0,0.0,1594.0,0.0,0.0,2798.0,149.0,40.0,2758.0,22138.0,4476.0,664.0,479.0,510.0,541.0,414.0,269.0,113.0,141.0,4517,3804,713,13,289,60100,26.70892861,164840.72300000014,96
474,27323,27622,GA,13137000100,55.875,34.6710504,-83.40245390000001,South Carolina,Greenville Memorial Hospital,Comprehensive Stroke Center,-82.41299000000001,34.819024,92.08026023,328,2018,"Census Tract 1, Habersham County, Georgia",100,13,137,13137000100,3821,1758,2063,45.2,877,3709.0,0.0,13.0,27.0,0.0,42.0,3627.0,89.0,74.0,3595.0,22533.0,3738.0,332.0,465.0,687.0,276.0,396.0,228.0,103.0,254.0,3821,3341,480,13,137,100,68.38478747,120356.14100000006,108
475,27324,27623,GA,13059001800,0.805,33.9593904,-83.4043423,Georgia,Emory University Hospital,Comprehensive Stroke Center,-84.32186,33.792320000000004,86.88666278,1100,2018,"Census Tract 18, Clarke County, Georgia",1800,13,59,13059001800,2413,1203,1210,31.1,255,2387.0,0.0,54.0,369.0,0.0,46.0,1918.0,26.0,240.0,1701.0,23021.0,2372.0,294.0,306.0,396.0,188.0,206.0,181.0,45.0,148.0,2378,1991,387,13,59,1800,2997.515528,96773.68399999994,123
476,27325,27624,GA,13011970400,48.419,34.267989799999995,-83.40519909999999,Georgia,Emory University Hospital,Comprehensive Stroke Center,-84.32186,33.792320000000004,99.75131111,1527,2018,"Census Tract 9704, Banks County, Georgia",970400,13,11,13011970400,3676,1754,1922,36.1,480,3584.0,67.0,70.0,36.0,0.0,0.0,3411.0,56.0,209.0,3228.0,23084.0,3640.0,623.0,211.0,351.0,299.0,291.0,284.0,63.0,130.0,3676,3018,658,13,11,970400,75.92060968,109993.03399999996,70
477,27327,27626,GA,13185011401,16.48,30.8098593,-83.40545829999999,Florida,Tallahassee Memorial Hospital,Comprehensive Stroke Center,-84.26194,30.45625,90.98713877,47,2018,"Census Tract 114.01, Lowndes County, Georgia",11401,13,185,13185011401,2571,1244,1327,35.9,367,2412.0,0.0,100.0,900.0,0.0,21.0,1391.0,129.0,127.0,1279.0,24734.0,2522.0,322.0,202.0,275.0,199.0,172.0,157.0,44.0,217.0,2571,2222,349,13,185,11401,156.0072816,102740.79400000001,105
478,27329,27628,GA,13059001200,1.34,33.932808,-83.40595379999999,Georgia,Emory University Hospital,Comprehensive Stroke Center,-84.32186,33.792320000000004,86.1721739,1097,2018,"Census Tract 12, Clarke County, Georgia",1200,13,59,13059001200,3075,1364,1711,40.9,802,2969.0,0.0,93.0,382.0,37.0,45.0,2412.0,20.0,216.0,2268.0,36903.0,2966.0,338.0,310.0,246.0,219.0,370.0,229.0,130.0,486.0,3075,2587,488,13,59,1200,2294.776119,97917.98099999994,138
479,27330,27629,GA,13059000900,0.9590000000000001,33.951714200000005,-83.4061238,Georgia,Emory University Hospital,Comprehensive Stroke Center,-84.32186,33.792320000000004,86.55141892,1111,2018,"Census Tract 9, Clarke County, Georgia",900,13,59,13059000900,3593,1874,1719,25.6,365,3523.0,0.0,20.0,2219.0,23.0,28.0,1233.0,0.0,203.0,1058.0,15042.0,3386.0,1015.0,251.0,555.0,396.0,155.0,86.0,57.0,25.0,3475,2944,531,13,59,900,3746.611053,95672.18699999993,125
480,27331,27630,GA,13155950100,117.63600000000001,31.646798600000004,-83.40627309999999,Florida,Tallahassee Memorial Hospital,Comprehensive Stroke Center,-84.26194,30.45625,155.22082759999998,1355,2018,"Census Tract 9501, Irwin County, Georgia",950100,13,155,13155950100,2389,1180,1209,39.2,476,2291.0,0.0,0.0,80.0,0.0,0.0,2211.0,98.0,40.0,2171.0,20341.0,2378.0,382.0,178.0,389.0,200.0,150.0,158.0,56.0,46.0,2389,1967,422,13,155,950100,20.30840899,166128.14699999997,150
481,27336,27635,GA,13059130300,6.832000000000001,33.990678499999994,-83.4127849,Georgia,Emory University Hospital,Comprehensive Stroke Center,-84.32186,33.792320000000004,86.92168194,1104,2018,"Census Tract 1303, Clarke County, Georgia",130300,13,59,13059130300,5993,2936,3057,30.0,471,5663.0,0.0,0.0,2044.0,0.0,934.0,2685.0,258.0,2095.0,1568.0,20503.0,5792.0,959.0,450.0,693.0,624.0,425.0,335.0,65.0,237.0,5924,4242,1682,13,59,130300,877.1955504000001,98338.95099999994,112
482,27339,27638,GA,13075960400,77.335,31.066019399999995,-83.4150817,Florida,Tallahassee Memorial Hospital,Comprehensive Stroke Center,-84.26194,30.45625,105.5641723,1518,2018,"Census Tract 9604, Cook County, Georgia",960400,13,75,13075960400,5044,2424,2620,34.1,648,4892.0,1.0,0.0,1493.0,0.0,0.0,3398.0,26.0,188.0,3237.0,25020.0,4823.0,631.0,324.0,562.0,488.0,488.0,290.0,128.0,126.0,5041,4151,890,13,75,960400,65.22273227,121083.96700000005,111
483,27341,27640,GA,13059150300,2.469,33.9247487,-83.4157339,Georgia,Emory University Hospital,Comprehensive Stroke Center,-84.32186,33.792320000000004,85.12735421,1106,2018,"Census Tract 1503, Clarke County, Georgia",150300,13,59,13059150300,3601,1618,1983,36.4,647,3362.0,0.0,129.0,1019.0,0.0,23.0,2191.0,195.0,177.0,2037.0,27832.0,3551.0,641.0,296.0,414.0,195.0,242.0,270.0,121.0,586.0,3601,3233,368,13,59,150300,1458.485217,95909.63599999994,141
484,27342,27641,GA,13157010500,43.328,34.0936937,-83.4164698,Georgia,Emory University Hospital,Comprehensive Stroke Center,-84.32186,33.792320000000004,90.12827850000001,519,2018,"Census Tract 105, Jackson County, Georgia",10500,13,157,13157010500,4725,2461,2264,41.8,816,4697.0,0.0,10.0,110.0,0.0,125.0,4452.0,16.0,439.0,4138.0,26480.0,4710.0,643.0,356.0,565.0,496.0,576.0,346.0,125.0,246.0,4716,4030,686,13,157,10500,109.05188329999999,102583.5139999999,97
485,27343,27642,GA,13315960400,69.965,31.912849600000005,-83.41704190000002,Florida,Tallahassee Memorial Hospital,Comprehensive Stroke Center,-84.26194,30.45625,180.4619609,1555,2018,"Census Tract 9604, Wilcox County, Georgia",960400,13,315,13315960400,1777,777,1000,45.4,430,1738.0,4.0,0.0,437.0,0.0,6.0,1291.0,15.0,16.0,1275.0,21193.0,1753.0,237.0,292.0,201.0,214.0,168.0,108.0,22.0,51.0,1777,1532,245,13,315,960400,25.39841349,197924.4039999999,170
486,27344,27643,GA,13023790200,58.806999999999995,32.4141232,-83.41914,Georgia,Grady Memorial Hospital,Comprehensive Stroke Center,-84.38242,33.752320000000005,173.5352619,1420,2018,"Census Tract 7902, Bleckley County, Georgia",790200,13,23,13023790200,2499,991,1508,31.1,291,2476.0,0.0,0.0,1176.0,0.0,226.0,1074.0,4.0,226.0,1074.0,20533.0,2265.0,311.0,171.0,326.0,180.0,220.0,108.0,20.0,26.0,2284,2082,202,13,23,790200,42.49494108,190017.87000000014,117
487,27345,27644,GA,13237960300,108.01799999999999,33.2393543,-83.41986209999999,Georgia,Emory University Hospital,Comprehensive Stroke Center,-84.32186,33.792320000000004,103.8457031,501,2018,"Census Tract 9603, Putnam County, Georgia",960300,13,237,13237960300,4565,2163,2402,53.0,1271,4540.0,0.0,0.0,673.0,0.0,0.0,3867.0,0.0,13.0,3854.0,30104.0,4540.0,629.0,282.0,567.0,675.0,503.0,477.0,179.0,311.0,4565,4112,453,13,237,960300,42.26147494,113944.56200000008,117
488,27348,27647,GA,13277960500,56.403,31.4632511,-83.42262009999999,Florida,Tallahassee Memorial Hospital,Comprehensive Stroke Center,-84.26194,30.45625,137.4591945,1185,2018,"Census Tract 9605, Tift County, Georgia",960500,13,277,13277960500,4230,2035,2195,45.3,660,4166.0,0.0,75.0,126.0,0.0,35.0,3930.0,36.0,142.0,3823.0,35204.0,4202.0,452.0,177.0,409.0,476.0,604.0,473.0,140.0,327.0,4230,3704,526,13,277,960500,74.99601085,149233.40100000004,142
489,27349,27648,GA,13219030600,38.141,33.7926393,-83.42363320000001,Georgia,Emory University Hospital,Comprehensive Stroke Center,-84.32186,33.792320000000004,83.18348165,431,2018,"Census Tract 306, Oconee County, Georgia",30600,13,219,13219030600,3210,1519,1691,39.3,487,2869.0,6.0,34.0,193.0,0.0,0.0,2636.0,291.0,408.0,2483.0,36637.0,3142.0,408.0,91.0,271.0,197.0,381.0,350.0,102.0,375.0,3210,2988,222,13,219,30600,84.16140112,95701.53999999995,111
490,27351,27650,GA,13059001700,1.344,33.9599922,-83.4260558,Georgia,Emory University Hospital,Comprehensive Stroke Center,-84.32186,33.792320000000004,84.93938479,1098,2018,"Census Tract 17, Clarke County, Georgia",1700,13,59,13059001700,2158,997,1161,36.8,335,2076.0,0.0,0.0,665.0,0.0,17.0,1394.0,49.0,188.0,1223.0,30146.0,2033.0,250.0,139.0,248.0,260.0,299.0,143.0,29.0,191.0,2066,1827,239,13,59,1700,1605.654762,96296.28599999993,127
491,27353,27652,GA,13237960202,49.258,33.3287027,-83.4281944,Georgia,Emory University Hospital,Comprehensive Stroke Center,-84.32186,33.792320000000004,97.62376351,1907,2018,"Census Tract 9602.02, Putnam County, Georgia",960202,13,237,13237960202,6785,3013,3772,36.0,951,6707.0,0.0,18.0,3747.0,0.0,188.0,2754.0,32.0,734.0,2215.0,21355.0,6516.0,1121.0,561.0,1035.0,756.0,450.0,459.0,38.0,228.0,6623,5353,1270,13,237,960202,137.7441228,107781.87900000009,100
492,27354,27653,GA,13157010400,24.634,34.1798396,-83.4290589,Georgia,Emory University Hospital,Comprehensive Stroke Center,-84.32186,33.792320000000004,93.02116407,518,2018,"Census Tract 104, Jackson County, Georgia",10400,13,157,13157010400,5498,2617,2881,34.6,773,5313.0,25.0,62.0,469.0,0.0,61.0,4696.0,185.0,191.0,4514.0,27500.0,5491.0,520.0,547.0,607.0,300.0,754.0,285.0,104.0,397.0,5478,4670,808,13,157,10400,223.1874645,104914.58399999986,83
493,27355,27654,GA,13219030200,11.165,33.902288,-83.4297151,Georgia,Emory University Hospital,Comprehensive Stroke Center,-84.32186,33.792320000000004,83.46361704,428,2018,"Census Tract 302, Oconee County, Georgia",30200,13,219,13219030200,6085,2970,3115,37.7,1064,5914.0,0.0,441.0,402.0,0.0,10.0,5061.0,41.0,373.0,4698.0,31908.0,5955.0,611.0,430.0,621.0,451.0,396.0,409.0,86.0,1006.0,6085,5630,455,13,219,30200,545.0067174,97591.23999999993,132
494,27357,27656,GA,13237960201,74.16,33.409771299999996,-83.4304202,Georgia,Emory University Hospital,Comprehensive Stroke Center,-84.32186,33.792320000000004,92.98333045,1906,2018,"Census Tract 9602.01, Putnam County, Georgia",960201,13,237,13237960201,1327,646,681,37.7,153,1272.0,8.0,97.0,349.0,0.0,176.0,642.0,34.0,221.0,603.0,25000.0,1296.0,156.0,155.0,135.0,148.0,129.0,67.0,28.0,74.0,1327,1065,262,13,237,960201,17.89374326,100675.46600000007,95
495,27361,27660,GA,13059130400,5.409,33.9835443,-83.440258,Georgia,Emory University Hospital,Comprehensive Stroke Center,-84.32186,33.792320000000004,84.26622355,1113,2018,"Census Tract 1304, Clarke County, Georgia",130400,13,59,13059130400,5684,2605,3079,37.8,830,5336.0,66.0,224.0,1841.0,0.0,13.0,3192.0,279.0,500.0,2861.0,28068.0,5575.0,612.0,510.0,549.0,667.0,737.0,281.0,171.0,634.0,5684,5153,531,13,59,130400,1050.841191,97015.48699999992,107
496,27362,27661,GA,13075960100,52.372,31.260578999999996,-83.4413988,Florida,Tallahassee Memorial Hospital,Comprehensive Stroke Center,-84.26194,30.45625,118.7893689,1515,2018,"Census Tract 9601, Cook County, Georgia",960100,13,75,13075960100,2092,1005,1087,43.3,396,2063.0,0.0,0.0,263.0,0.0,5.0,1795.0,16.0,204.0,1599.0,21821.0,2072.0,315.0,188.0,242.0,252.0,180.0,142.0,16.0,66.0,2092,1693,399,13,75,960100,39.94500878,134919.5170000001,119
497,27369,27668,GA,13289060200,187.63099999999997,32.59518619999999,-83.452191,Georgia,Grady Memorial Hospital,Comprehensive Stroke Center,-84.38242,33.752320000000005,154.9092409,405,2018,"Census Tract 602, Twiggs County, Georgia",60200,13,289,13289060200,3700,1795,1905,49.0,877,3658.0,0.0,9.0,1895.0,0.0,0.0,1754.0,11.0,0.0,1754.0,18892.0,3663.0,693.0,330.0,363.0,387.0,435.0,105.0,40.0,162.0,3690,3243,447,13,289,60200,19.71955594,165569.10600000012,97
498,27370,27669,GA,13059130600,3.5410000000000004,33.9537834,-83.4527537,Georgia,Emory University Hospital,Comprehensive Stroke Center,-84.32186,33.792320000000004,82.38144981,1093,2018,"Census Tract 1306, Clarke County, Georgia",130600,13,59,13059130600,6903,3255,3648,34.4,983,6713.0,0.0,209.0,1933.0,0.0,80.0,4491.0,49.0,1078.0,3508.0,22093.0,6718.0,1310.0,543.0,766.0,618.0,748.0,357.0,76.0,591.0,6859,5624,1235,13,59,130600,1949.4493079999997,92831.53099999994,137
499,27372,27671,GA,13169030302,102.236,32.974940999999994,-83.4545295,Georgia,Emory University Hospital,Comprehensive Stroke Center,-84.32186,33.792320000000004,121.372041,527,2018,"Census Tract 303.02, Jones County, Georgia",30302,13,169,13169030302,6294,3070,3224,44.5,976,6147.0,0.0,65.0,915.0,0.0,0.0,5167.0,76.0,25.0,5142.0,30128.0,6223.0,670.0,528.0,708.0,535.0,1093.0,523.0,135.0,279.0,6294,5480,814,13,169,30302,61.56344145,138569.76399999997,123
500,27377,27676,GA,13059130700,3.589,33.9341036,-83.4627996,Georgia,Emory University Hospital,Comprehensive Stroke Center,-84.32186,33.792320000000004,81.03158004,1118,2018,"Census Tract 1307, Clarke County, Georgia",130700,13,59,13059130700,6321,3096,3225,34.9,870,5961.0,0.0,80.0,1263.0,0.0,353.0,4265.0,267.0,780.0,3838.0,34432.0,6143.0,716.0,476.0,559.0,510.0,817.0,473.0,206.0,720.0,6164,5413,751,13,59,130700,1761.214823,90900.28899999993,127
501,27381,27680,GA,13137000400,28.61,34.5402935,-83.4700381,South Carolina,Greenville Memorial Hospital,Comprehensive Stroke Center,-82.41299000000001,34.819024,101.6851609,332,2018,"Census Tract 4, Habersham County, Georgia",400,13,137,13137000400,4993,2625,2368,37.8,906,4719.0,28.0,229.0,33.0,0.0,39.0,4390.0,206.0,613.0,3842.0,27102.0,4914.0,608.0,263.0,582.0,540.0,616.0,364.0,101.0,249.0,4993,4361,632,13,137,400,174.5193988,119530.90000000007,89
502,27382,27681,GA,13211010300,75.336,33.5979773,-83.4742141,Georgia,Emory University Hospital,Comprehensive Stroke Center,-84.32186,33.792320000000004,81.49058702,206,2018,"Census Tract 103, Morgan County, Georgia",10300,13,211,13211010300,7157,3280,3877,42.2,1334,7072.0,0.0,0.0,2896.0,0.0,27.0,4149.0,38.0,24.0,4130.0,28249.0,6801.0,898.0,474.0,764.0,749.0,396.0,531.0,344.0,579.0,6980,6323,657,13,211,10300,95.00106191,89219.4320000001,98
503,27392,27692,GA,13277960900,36.345,31.387794699999997,-83.48217609999999,Florida,Tallahassee Memorial Hospital,Comprehensive Stroke Center,-84.26194,30.45625,127.36213400000001,1189,2018,"Census Tract 9609, Tift County, Georgia",960900,13,277,13277960900,3017,1473,1544,48.1,557,2984.0,13.0,4.0,916.0,0.0,0.0,2051.0,33.0,179.0,1892.0,21533.0,3017.0,380.0,338.0,515.0,480.0,203.0,131.0,37.0,143.0,3004,2604,400,13,277,960900,83.01004265,138606.26900000006,124
504,27393,27693,GA,13011970200,74.619,34.3680144,-83.4828465,Georgia,Emory University Hospital,Comprehensive Stroke Center,-84.32186,33.792320000000004,100.37205159999999,1525,2018,"Census Tract 9702, Banks County, Georgia",970200,13,11,13011970200,4730,2329,2401,43.8,954,4604.0,0.0,132.0,131.0,0.0,25.0,4316.0,96.0,57.0,4299.0,19375.0,4695.0,795.0,632.0,559.0,426.0,373.0,287.0,84.0,222.0,4730,3792,938,13,11,970200,63.38868117,113858.30999999997,79
505,27394,27694,GA,13075960200,48.211999999999996,31.1630441,-83.4829405,Florida,Tallahassee Memorial Hospital,Comprehensive Stroke Center,-84.26194,30.45625,108.15282830000001,1516,2018,"Census Tract 9602, Cook County, Georgia",960200,13,75,13075960200,3683,1900,1783,45.9,701,3605.0,41.0,33.0,1408.0,0.0,94.0,2029.0,9.0,316.0,1807.0,19844.0,3593.0,466.0,497.0,462.0,356.0,281.0,272.0,37.0,99.0,3662,2806,856,13,75,960200,76.39176968,120254.74600000004,114
506,27395,27695,GA,13277960600,5.52,31.4346942,-83.4830018,Florida,Tallahassee Memorial Hospital,Comprehensive Stroke Center,-84.26194,30.45625,131.5590132,1186,2018,"Census Tract 9606, Tift County, Georgia",960600,13,277,13277960600,6960,3516,3444,27.4,686,6707.0,0.0,46.0,5126.0,0.0,79.0,1456.0,77.0,810.0,756.0,16546.0,6744.0,982.0,806.0,741.0,679.0,479.0,215.0,33.0,12.0,6960,5058,1902,13,277,960600,1260.869565,142508.88400000002,135
507,27396,27696,GA,13157010300,18.534000000000002,34.2235687,-83.483126,Georgia,Emory University Hospital,Comprehensive Stroke Center,-84.32186,33.792320000000004,91.05552276,520,2018,"Census Tract 103, Jackson County, Georgia",10300,13,157,13157010300,5443,2610,2833,36.3,869,5210.0,46.0,26.0,970.0,0.0,115.0,4053.0,111.0,567.0,3637.0,26354.0,5100.0,664.0,359.0,684.0,580.0,663.0,371.0,171.0,247.0,5233,3772,1461,13,157,10300,293.6764865,99962.75399999996,71
508,27400,27700,GA,13277960400,6.46,31.482421999999996,-83.4878787,Florida,Tallahassee Memorial Hospital,Comprehensive Stroke Center,-84.26194,30.45625,135.6908215,1184,2018,"Census Tract 9604, Tift County, Georgia",960400,13,277,13277960400,6276,2993,3283,33.4,1123,6059.0,19.0,49.0,1101.0,0.0,513.0,4377.0,55.0,1243.0,3677.0,23030.0,6027.0,646.0,623.0,1065.0,685.0,456.0,316.0,73.0,377.0,6189,5061,1128,13,277,960400,971.5170278999999,144517.95300000007,146
509,27401,27701,GA,13211010100,68.816,33.7211631,-83.48802380000001,Georgia,Emory University Hospital,Comprehensive Stroke Center,-84.32186,33.792320000000004,77.65457839,204,2018,"Census Tract 101, Morgan County, Georgia",10100,13,211,13211010100,2799,1387,1412,46.9,507,2701.0,0.0,0.0,172.0,0.0,52.0,2477.0,95.0,218.0,2313.0,30808.0,2783.0,335.0,217.0,388.0,201.0,369.0,238.0,116.0,238.0,2799,2514,285,13,211,10100,40.67368054,88784.94499999995,102
510,27405,27705,GA,13219030300,23.213,33.8500375,-83.4915912,Georgia,Emory University Hospital,Comprehensive Stroke Center,-84.32186,33.792320000000004,77.130492,429,2018,"Census Tract 303, Oconee County, Georgia",30300,13,219,13219030300,5065,2558,2507,43.8,909,5020.0,0.0,244.0,220.0,2.0,0.0,4554.0,41.0,153.0,4404.0,37067.0,4985.0,562.0,301.0,464.0,322.0,432.0,401.0,140.0,800.0,4989,4559,430,13,219,30300,218.19670010000002,87107.61099999993,117
511,27409,27709,GA,13315960200,104.022,32.0534369,-83.4954743,Florida,Tallahassee Memorial Hospital,Comprehensive Stroke Center,-84.26194,30.45625,191.5426805,1553,2018,"Census Tract 9602, Wilcox County, Georgia",960200,13,315,13315960200,1529,710,819,35.0,266,1529.0,16.0,0.0,517.0,0.0,0.0,996.0,0.0,30.0,966.0,20605.0,1483.0,194.0,147.0,213.0,92.0,135.0,68.0,21.0,37.0,1483,1216,267,13,315,960200,14.69881371,211254.58699999985,184
512,27413,27713,GA,13059130500,11.935,33.958036799999995,-83.4977546,Georgia,Emory University Hospital,Comprehensive Stroke Center,-84.32186,33.792320000000004,78.43010988,1092,2018,"Census Tract 1305, Clarke County, Georgia",130500,13,59,13059130500,2905,1324,1581,41.3,400,2813.0,0.0,38.0,911.0,15.0,194.0,1655.0,68.0,309.0,1574.0,25733.0,2793.0,279.0,377.0,352.0,324.0,287.0,118.0,35.0,315.0,2905,2289,616,13,59,130500,243.40175950000003,90994.02299999993,113
513,27417,27717,GA,13137000300,13.88,34.6051274,-83.5006059,South Carolina,Greenville Memorial Hospital,Comprehensive Stroke Center,-82.41299000000001,34.819024,102.4190373,331,2018,"Census Tract 3, Habersham County, Georgia",300,13,137,13137000300,4155,1877,2278,38.1,764,4102.0,0.0,15.0,115.0,0.0,284.0,3688.0,25.0,475.0,3405.0,20100.0,4019.0,521.0,540.0,566.0,386.0,300.0,192.0,75.0,291.0,4047,3200,847,13,137,300,299.351585,119060.50700000006,107
514,27421,27721,GA,13241970201,69.042,34.9168929,-83.5041703,South Carolina,Greenville Memorial Hospital,Comprehensive Stroke Center,-82.41299000000001,34.819024,100.36011040000001,1909,2018,"Census Tract 9702.01, Rabun County, Georgia",970201,13,241,13241970201,3379,1589,1790,52.8,1048,3306.0,12.0,0.0,5.0,0.0,71.0,3218.0,50.0,237.0,3020.0,19856.0,3356.0,593.0,450.0,548.0,387.0,283.0,152.0,138.0,244.0,3379,2829,550,13,241,970201,48.94122418,126383.91299999999,166
515,27423,27723,GA,13027960300,135.325,30.940308899999998,-83.50680320000001,Florida,Tallahassee Memorial Hospital,Comprehensive Stroke Center,-84.26194,30.45625,90.07557823,1426,2018,"Census Tract 9603, Brooks County, Georgia",960300,13,27,13027960300,5410,2817,2593,42.2,1076,5065.0,0.0,0.0,984.0,7.0,10.0,4064.0,314.0,62.0,4012.0,26113.0,5379.0,743.0,335.0,583.0,665.0,581.0,243.0,108.0,349.0,5410,4118,1292,13,27,960300,39.97783115,101888.96600000007,94
516,27428,27728,GA,13157010600,60.777,34.0483344,-83.51185090000001,Georgia,Emory University Hospital,Comprehensive Stroke Center,-84.32186,33.792320000000004,80.10440030000001,521,2018,"Census Tract 106, Jackson County, Georgia",10600,13,157,13157010600,8998,4461,4537,39.8,1302,8810.0,0.0,39.0,1045.0,5.0,57.0,7664.0,154.0,526.0,7242.0,29318.0,8955.0,1134.0,506.0,1019.0,759.0,1004.0,652.0,283.0,663.0,8998,7920,1078,13,157,10600,148.04942659999998,92502.88699999996,86
517,27431,27731,GA,13235950300,99.75399999999999,32.1846029,-83.51486650000001,Georgia,Grady Memorial Hospital,Comprehensive Stroke Center,-84.38242,33.752320000000005,191.8498165,930,2018,"Census Tract 9503, Pulaski County, Georgia",950300,13,235,13235950300,1334,574,760,50.3,308,1278.0,0.0,10.0,399.0,0.0,0.0,869.0,40.0,5.0,869.0,25179.0,1258.0,208.0,175.0,125.0,171.0,138.0,136.0,11.0,58.0,1330,1043,287,13,235,950300,13.37289733,209347.54800000018,129
518,27433,27733,GA,13011970100,63.562,34.4349644,-83.5178477,Georgia,Emory University Hospital,Comprehensive Stroke Center,-84.32186,33.792320000000004,102.8784314,1524,2018,"Census Tract 9701, Banks County, Georgia",970100,13,11,13011970100,5453,2856,2597,38.4,948,5291.0,0.0,6.0,44.0,0.0,101.0,5140.0,59.0,654.0,4600.0,22020.0,5338.0,812.0,433.0,932.0,574.0,465.0,369.0,101.0,229.0,5449,4745,704,13,11,970100,85.79025204,116727.96699999995,95
519,27437,27738,GA,13241970301,95.225,34.80981729999999,-83.5213435,South Carolina,Greenville Memorial Hospital,Comprehensive Stroke Center,-82.41299000000001,34.819024,101.41209520000001,1911,2018,"Census Tract 9703.01, Rabun County, Georgia",970301,13,241,13241970301,3168,1646,1522,52.3,1020,3124.0,0.0,0.0,30.0,0.0,12.0,3082.0,41.0,183.0,2927.0,28592.0,3118.0,423.0,265.0,339.0,285.0,380.0,250.0,81.0,299.0,3121,2701,420,13,241,970301,33.26857443,128460.018,141
520,27443,27744,GA,13235950200,65.235,32.299682000000004,-83.5250817,Georgia,Grady Memorial Hospital,Comprehensive Stroke Center,-84.38242,33.752320000000005,179.91534740000003,928,2018,"Census Tract 9502, Pulaski County, Georgia",950200,13,235,13235950200,6559,3541,3018,45.1,1362,6426.0,17.0,0.0,2384.0,0.0,0.0,4025.0,133.0,218.0,3828.0,21505.0,6472.0,765.0,626.0,1115.0,372.0,678.0,319.0,158.0,436.0,6472,5738,734,13,235,950200,100.5441864,194698.67500000013,120
521,27444,27745,GA,13021013302,11.991,32.8311998,-83.52552879999999,Georgia,Grady Memorial Hospital,Comprehensive Stroke Center,-84.38242,33.752320000000005,129.641518,1773,2018,"Census Tract 133.02, Bibb County, Georgia",13302,13,21,13021013302,4185,1841,2344,37.8,855,4101.0,0.0,0.0,3056.0,0.0,0.0,1045.0,56.0,32.0,1020.0,19329.0,3944.0,685.0,353.0,475.0,472.0,239.0,137.0,80.0,142.0,3992,3392,600,13,21,13302,349.0117588,141470.23300000004,104
522,27449,27750,GA,13027960500,41.269,30.776912899999996,-83.52981340000001,Florida,Tallahassee Memorial Hospital,Comprehensive Stroke Center,-84.26194,30.45625,78.68727971,1428,2018,"Census Tract 9605, Brooks County, Georgia",960500,13,27,13027960500,2695,1315,1380,43.9,611,2676.0,0.0,125.0,1460.0,0.0,27.0,1064.0,19.0,136.0,944.0,23700.0,2629.0,495.0,223.0,290.0,373.0,101.0,82.0,58.0,290.0,2625,2103,522,13,27,960500,65.30325426,86382.06800000003,88
523,27452,27753,GA,13277960300,7.922000000000001,31.4805663,-83.5305143,Florida,Tallahassee Memorial Hospital,Comprehensive Stroke Center,-84.26194,30.45625,133.3398833,1183,2018,"Census Tract 9603, Tift County, Georgia",960300,13,277,13277960300,7823,3539,4284,27.4,943,7604.0,4.0,375.0,1230.0,14.0,0.0,5981.0,45.0,334.0,5656.0,22791.0,5989.0,1170.0,524.0,1196.0,592.0,552.0,352.0,222.0,587.0,7700,6290,1410,13,277,960300,987.5031558000001,142421.901,137
524,27453,27754,GA,13157010701,19.564,34.1466652,-83.5317687,Georgia,Emory University Hospital,Comprehensive Stroke Center,-84.32186,33.792320000000004,82.92459159,1569,2018,"Census Tract 107.01, Jackson County, Georgia",10701,13,157,13157010701,2628,1368,1260,36.7,520,2480.0,1.0,34.0,195.0,0.0,0.0,2250.0,118.0,59.0,2197.0,21092.0,2301.0,436.0,285.0,436.0,202.0,198.0,165.0,61.0,204.0,2324,2136,188,13,157,10701,134.3283582,92665.08799999996,71
525,27454,27755,GA,13211010500,70.6,33.4823497,-83.5336477,Georgia,Emory University Hospital,Comprehensive Stroke Center,-84.32186,33.792320000000004,80.80534093,208,2018,"Census Tract 105, Morgan County, Georgia",10500,13,211,13211010500,1564,848,716,48.1,292,1563.0,1.0,5.0,73.0,0.0,99.0,1385.0,1.0,100.0,1385.0,31523.0,1541.0,155.0,72.0,177.0,260.0,207.0,119.0,45.0,154.0,1564,1316,248,13,211,10500,22.1529745,92904.11100000006,90
526,27462,27763,GA,13137000500,17.887,34.5519577,-83.53881609999999,South Carolina,Greenville Memorial Hospital,Comprehensive Stroke Center,-82.41299000000001,34.819024,107.33537690000001,333,2018,"Census Tract 5, Habersham County, Georgia",500,13,137,13137000500,7545,3797,3748,39.5,1660,7348.0,5.0,114.0,280.0,0.0,475.0,6474.0,128.0,967.0,5986.0,25347.0,6896.0,1223.0,529.0,809.0,796.0,713.0,592.0,159.0,359.0,7540,6394,1146,13,137,500,421.8147258,126134.46900000003,115
527,27464,27765,GA,13169030104,18.505,32.8803583,-83.540611,Georgia,Grady Memorial Hospital,Comprehensive Stroke Center,-84.38242,33.752320000000005,124.48713190000001,1579,2018,"Census Tract 301.04, Jones County, Georgia",30104,13,169,13169030104,6964,3484,3480,38.8,1206,6803.0,0.0,28.0,2744.0,0.0,0.0,4031.0,4.0,82.0,4031.0,22483.0,6807.0,908.0,632.0,1048.0,688.0,638.0,449.0,186.0,217.0,6964,6011,953,13,169,30104,376.33072139999996,140548.03500000003,119
528,27467,27768,GA,13277960700,8.796,31.4547123,-83.5418449,Florida,Tallahassee Memorial Hospital,Comprehensive Stroke Center,-84.26194,30.45625,130.337385,1187,2018,"Census Tract 9607, Tift County, Georgia",960700,13,277,13277960700,4555,2288,2267,35.8,566,4376.0,0.0,23.0,2620.0,0.0,79.0,1654.0,53.0,402.0,1331.0,21356.0,4242.0,591.0,365.0,606.0,377.0,479.0,187.0,57.0,198.0,4368,3435,933,13,277,960700,517.8490223,140519.37300000002,133
529,27472,27773,GA,13027960400,51.887,30.842320299999997,-83.5478189,Florida,Tallahassee Memorial Hospital,Comprehensive Stroke Center,-84.26194,30.45625,80.72963912,1427,2018,"Census Tract 9604, Brooks County, Georgia",960400,13,27,13027960400,3760,1773,1987,41.2,625,3719.0,0.0,0.0,1894.0,0.0,0.0,1825.0,9.0,246.0,1601.0,22125.0,3683.0,498.0,211.0,397.0,319.0,286.0,213.0,31.0,141.0,3750,3176,574,13,27,960400,72.46516468,91776.48000000003,86
530,27476,27777,GA,13219030100,42.61,33.904998,-83.5483216,Georgia,Emory University Hospital,Comprehensive Stroke Center,-84.32186,33.792320000000004,72.6722588,430,2018,"Census Tract 301, Oconee County, Georgia",30100,13,219,13219030100,13101,6642,6459,38.3,1563,12814.0,0.0,642.0,636.0,0.0,21.0,11515.0,98.0,444.0,11092.0,43054.0,12906.0,1247.0,496.0,1345.0,792.0,847.0,1142.0,559.0,2236.0,13095,12446,649,13,219,30100,307.4630368,82021.38899999998,116
531,27478,27779,GA,13315960300,87.23700000000001,31.937345,-83.5499143,Florida,Tallahassee Memorial Hospital,Comprehensive Stroke Center,-84.26194,30.45625,177.68122730000002,1554,2018,"Census Tract 9603, Wilcox County, Georgia",960300,13,315,13315960300,1538,845,693,39.8,270,1524.0,1.0,0.0,96.0,0.0,69.0,1358.0,6.0,111.0,1258.0,25450.0,1516.0,180.0,162.0,177.0,98.0,152.0,137.0,64.0,77.0,1538,1256,282,13,315,960300,17.630133999999998,192856.70099999988,170
532,27480,27781,GA,13137000202,98.81700000000001,34.7131542,-83.5513093,South Carolina,Greenville Memorial Hospital,Comprehensive Stroke Center,-82.41299000000001,34.819024,104.8690928,330,2018,"Census Tract 2.02, Habersham County, Georgia",202,13,137,13137000202,5390,2752,2638,50.0,1471,5261.0,0.0,0.0,150.0,0.0,55.0,5056.0,96.0,44.0,5018.0,29991.0,5338.0,606.0,697.0,502.0,577.0,676.0,344.0,94.0,727.0,5390,4795,595,13,137,202,54.54527055,130547.65999999999,126
533,27490,27791,GA,13169030301,25.525,33.0005565,-83.55875209999999,Georgia,Emory University Hospital,Comprehensive Stroke Center,-84.32186,33.792320000000004,112.92286999999999,529,2018,"Census Tract 303.01, Jones County, Georgia",30301,13,169,13169030301,6659,3130,3529,39.8,1221,6560.0,45.0,8.0,1224.0,0.0,0.0,5283.0,82.0,147.0,5136.0,31952.0,6462.0,687.0,349.0,702.0,768.0,718.0,542.0,285.0,600.0,6479,5998,481,13,169,30301,260.88148870000003,126923.17499999996,123
534,27501,27802,GA,13277960100,60.206,31.5485029,-83.56632929999999,Florida,Tallahassee Memorial Hospital,Comprehensive Stroke Center,-84.26194,30.45625,138.1215201,1181,2018,"Census Tract 9601, Tift County, Georgia",960100,13,277,13277960100,2476,1188,1288,46.6,535,2419.0,0.0,6.0,51.0,0.0,20.0,2342.0,25.0,336.0,2032.0,37424.0,2444.0,220.0,159.0,198.0,224.0,272.0,171.0,85.0,337.0,2476,2193,283,13,277,960100,41.12546922,150921.43600000002,140
535,27502,27803,GA,13021011702,3.389,32.8598063,-83.566813,Georgia,Grady Memorial Hospital,Comprehensive Stroke Center,-84.38242,33.752320000000005,124.77136370000001,1839,2018,"Census Tract 117.02, Bibb County, Georgia",11702,13,21,13021011702,4374,2295,2079,37.3,822,4154.0,0.0,0.0,3983.0,0.0,0.0,171.0,114.0,1.0,170.0,19030.0,4190.0,640.0,554.0,496.0,536.0,302.0,189.0,95.0,129.0,4296,3635,661,13,21,11702,1290.6462080000001,136235.5570000001,113
536,27508,27809,GA,13287970300,164.493,31.705867200000004,-83.5714035,Florida,Tallahassee Memorial Hospital,Comprehensive Stroke Center,-84.26194,30.45625,153.41640980000003,1353,2018,"Census Tract 9703, Turner County, Georgia",970300,13,287,13287970300,2852,1425,1427,43.0,522,2836.0,17.0,66.0,441.0,0.0,72.0,2240.0,10.0,82.0,2208.0,26282.0,2572.0,428.0,170.0,309.0,366.0,313.0,155.0,27.0,127.0,2578,2109,469,13,287,970300,17.33812381,167143.45599999995,149
537,27511,27812,GA,13013180402,15.872,33.9869507,-83.5733438,Georgia,Emory University Hospital,Comprehensive Stroke Center,-84.32186,33.792320000000004,72.52807658,967,2018,"Census Tract 1804.02, Barrow County, Georgia",180402,13,13,13013180402,6689,3536,3153,38.3,974,6580.0,0.0,161.0,1326.0,0.0,553.0,4540.0,84.0,1220.0,3830.0,26849.0,6664.0,792.0,539.0,742.0,848.0,688.0,646.0,135.0,352.0,6689,5541,1148,13,13,180402,421.43397180000005,80523.83099999996,91
538,27512,27813,GA,13153020600,18.074,32.6275238,-83.573894,Georgia,Grady Memorial Hospital,Comprehensive Stroke Center,-84.38242,33.752320000000005,145.761851,1211,2018,"Census Tract 206, Houston County, Georgia",20600,13,153,13153020600,1464,823,641,23.1,29,1340.0,10.0,60.0,219.0,0.0,14.0,1037.0,81.0,124.0,929.0,22888.0,1014.0,157.0,52.0,328.0,112.0,101.0,65.0,28.0,84.0,903,892,11,13,153,20600,81.00033197,159377.57800000013,122
539,27517,27818,GA,13277960800,40.133,31.3706626,-83.5783492,Florida,Tallahassee Memorial Hospital,Comprehensive Stroke Center,-84.26194,30.45625,120.6128111,1188,2018,"Census Tract 9608, Tift County, Georgia",960800,13,277,13277960800,2274,1043,1231,36.3,262,2187.0,0.0,4.0,224.0,0.0,222.0,1737.0,39.0,879.0,1112.0,21208.0,2224.0,277.0,212.0,339.0,307.0,125.0,149.0,50.0,51.0,2274,1666,608,13,277,960800,56.66160018,127039.31900000002,132
540,27522,27823,GA,13169030103,18.248,32.9330701,-83.581255,Georgia,Grady Memorial Hospital,Comprehensive Stroke Center,-84.38242,33.752320000000005,117.55084740000001,1578,2018,"Census Tract 301.03, Jones County, Georgia",30103,13,169,13169030103,2284,1104,1180,36.9,345,2156.0,0.0,0.0,496.0,0.0,10.0,1650.0,99.0,33.0,1640.0,34313.0,2255.0,243.0,101.0,223.0,234.0,274.0,251.0,71.0,183.0,2284,2130,154,13,169,30103,125.16440159999998,132155.56800000003,102
541,27526,27827,GA,13011970300,45.456,34.3195605,-83.584094,Georgia,Emory University Hospital,Comprehensive Stroke Center,-84.32186,33.792320000000004,89.77565355,1526,2018,"Census Tract 9703, Banks County, Georgia",970300,13,11,13011970300,4651,2342,2309,43.1,704,4593.0,0.0,22.0,291.0,0.0,123.0,4157.0,29.0,276.0,4004.0,22261.0,4622.0,587.0,286.0,889.0,487.0,480.0,214.0,66.0,225.0,4651,4034,617,13,11,970300,102.3187258,102155.02799999996,75
542,27529,27830,GA,13153021103,23.108,32.5402325,-83.58527070000001,Georgia,Grady Memorial Hospital,Comprehensive Stroke Center,-84.38242,33.752320000000005,153.6295024,1216,2018,"Census Tract 211.03, Houston County, Georgia",21103,13,153,13153021103,11755,5681,6074,37.0,1227,10988.0,58.0,383.0,1996.0,0.0,205.0,8346.0,536.0,850.0,8081.0,47887.0,11278.0,1194.0,417.0,965.0,585.0,949.0,1099.0,479.0,2084.0,11409,10753,656,13,153,21103,508.6982863,164319.56200000012,110
543,27542,27843,GA,13021011701,1.629,32.8727164,-83.5959332,Georgia,Grady Memorial Hospital,Comprehensive Stroke Center,-84.38242,33.752320000000005,121.9881173,1776,2018,"Census Tract 117.01, Bibb County, Georgia",11701,13,21,13021011701,2551,1135,1416,30.8,258,2454.0,0.0,0.0,2070.0,0.0,0.0,384.0,34.0,41.0,343.0,22591.0,2488.0,322.0,201.0,317.0,352.0,218.0,70.0,17.0,77.0,2546,2257,289,13,21,11701,1565.991406,135772.14700000008,111
544,27543,27844,GA,13157010200,56.347,34.2202064,-83.5965315,Georgia,Emory University Hospital,Comprehensive Stroke Center,-84.32186,33.792320000000004,82.11080749,522,2018,"Census Tract 102, Jackson County, Georgia",10200,13,157,13157010200,4950,2428,2522,35.0,782,4734.0,0.0,225.0,202.0,0.0,28.0,4279.0,77.0,159.0,4141.0,22408.0,4742.0,702.0,321.0,672.0,384.0,501.0,178.0,69.0,321.0,4934,4287,647,13,157,10200,87.84851012,93473.92499999994,67
545,27544,27845,GA,13137000602,26.138,34.518856799999995,-83.59654640000001,Georgia,Emory University Hospital,Comprehensive Stroke Center,-84.32186,33.792320000000004,104.7304176,335,2018,"Census Tract 6.02, Habersham County, Georgia",602,13,137,13137000602,7620,3837,3783,31.5,916,7464.0,0.0,128.0,143.0,248.0,1076.0,5869.0,103.0,2988.0,4119.0,23787.0,7552.0,620.0,465.0,1168.0,776.0,691.0,344.0,84.0,193.0,7601,5402,2199,13,137,602,291.5295738,112036.02499999995,98
546,27545,27846,GA,13021013900,37.088,32.786579700000004,-83.5967893,Georgia,Grady Memorial Hospital,Comprehensive Stroke Center,-84.38242,33.752320000000005,129.7295492,1418,2018,"Census Tract 139, Bibb County, Georgia",13900,13,21,13021013900,1705,980,725,39.3,193,1692.0,15.0,28.0,729.0,0.0,0.0,920.0,13.0,115.0,805.0,12865.0,1516.0,435.0,153.0,133.0,65.0,126.0,76.0,27.0,38.0,1530,1133,397,13,21,13900,45.97174288,137130.04300000012,96
547,27546,27847,GA,13169030200,196.28099999999998,33.094951,-83.59711740000002,Georgia,Emory University Hospital,Comprehensive Stroke Center,-84.32186,33.792320000000004,102.5846171,23,2018,"Census Tract 302, Jones County, Georgia",30200,13,169,13169030200,3699,1936,1763,37.5,523,3535.0,0.0,12.0,1197.0,0.0,0.0,2326.0,116.0,91.0,2235.0,22135.0,3555.0,733.0,227.0,360.0,269.0,335.0,212.0,139.0,109.0,3582,3010,572,13,169,30200,18.84543079,115400.90799999995,114
548,27548,27849,GA,13071970500,84.99600000000001,31.1499751,-83.5977063,Florida,Tallahassee Memorial Hospital,Comprehensive Stroke Center,-84.26194,30.45625,99.77927085,883,2018,"Census Tract 9705, Colquitt County, Georgia",970500,13,71,13071970500,3192,1600,1592,43.7,652,3110.0,1.0,20.0,262.0,0.0,193.0,2634.0,66.0,584.0,2305.0,25572.0,3176.0,417.0,272.0,390.0,329.0,340.0,121.0,105.0,233.0,3192,2401,791,13,71,970500,37.55470846,111482.74300000002,111
549,27551,27852,GA,13137000601,12.704,34.4718189,-83.5990022,Georgia,Emory University Hospital,Comprehensive Stroke Center,-84.32186,33.792320000000004,100.6324011,334,2018,"Census Tract 6.01, Habersham County, Georgia",601,13,137,13137000601,6679,2261,4418,37.3,482,6430.0,12.0,149.0,590.0,0.0,319.0,5360.0,100.0,1124.0,4554.0,21708.0,4704.0,641.0,431.0,768.0,536.0,415.0,243.0,64.0,180.0,4853,4007,846,13,137,601,525.7399244,105705.77099999995,83
550,27554,27855,GA,13297110200,63.108000000000004,33.7968458,-83.60140890000001,Georgia,Emory University Hospital,Comprehensive Stroke Center,-84.32186,33.792320000000004,66.72025803,1012,2018,"Census Tract 1102, Walton County, Georgia",110200,13,297,13297110200,4555,2378,2177,43.7,941,4539.0,21.0,0.0,386.0,0.0,0.0,4132.0,0.0,102.0,4051.0,28863.0,4525.0,475.0,319.0,520.0,632.0,470.0,337.0,129.0,327.0,4555,4009,546,13,297,110200,72.17785384,73858.46199999997,98
551,27556,27857,GA,13137000201,22.916999999999998,34.6007495,-83.6022957,Georgia,Emory University Hospital,Comprehensive Stroke Center,-84.32186,33.792320000000004,111.53626770000001,329,2018,"Census Tract 2.01, Habersham County, Georgia",201,13,137,13137000201,4086,2055,2031,46.0,991,3906.0,0.0,259.0,14.0,0.0,124.0,3509.0,148.0,104.0,3405.0,22225.0,4054.0,625.0,354.0,614.0,400.0,456.0,256.0,0.0,284.0,4086,3495,591,13,137,201,178.2955884,125069.19299999994,115
552,27560,27861,GA,13027960600,165.074,30.7215211,-83.60355390000001,Florida,Tallahassee Memorial Hospital,Comprehensive Stroke Center,-84.26194,30.45625,69.65888163,1429,2018,"Census Tract 9606, Brooks County, Georgia",960600,13,27,13027960600,2464,1025,1439,45.4,415,2432.0,0.0,0.0,735.0,0.0,40.0,1657.0,16.0,381.0,1316.0,29056.0,2448.0,273.0,106.0,364.0,322.0,303.0,71.0,43.0,116.0,2464,1845,619,13,27,960600,14.92663896,77942.56499999999,68
553,27561,27862,GA,13021011100,1.4509999999999998,32.8591039,-83.60432970000001,Georgia,Grady Memorial Hospital,Comprehensive Stroke Center,-84.38242,33.752320000000005,122.73886100000001,1838,2018,"Census Tract 111, Bibb County, Georgia",11100,13,21,13021011100,1905,889,1016,40.4,273,1845.0,14.0,0.0,1739.0,0.0,0.0,92.0,0.0,0.0,92.0,9907.0,1845.0,537.0,185.0,203.0,80.0,10.0,17.0,6.0,19.0,1905,1390,515,13,21,11100,1312.887664,133535.07600000006,104
554,27564,27865,GA,13153020700,1.746,32.5996404,-83.60520490000002,Georgia,Grady Memorial Hospital,Comprehensive Stroke Center,-84.38242,33.752320000000005,146.9608456,1210,2018,"Census Tract 207, Houston County, Georgia",20700,13,153,13153020700,3625,1637,1988,33.1,390,3391.0,0.0,48.0,2193.0,0.0,14.0,1136.0,50.0,161.0,1013.0,18994.0,3441.0,673.0,294.0,280.0,335.0,264.0,218.0,67.0,93.0,3553,2838,715,13,153,20700,2076.174112,157768.14600000018,125
555,27571,27872,GA,13157010702,26.986,34.13856129999999,-83.6097562,Georgia,Emory University Hospital,Comprehensive Stroke Center,-84.32186,33.792320000000004,76.20010592,1570,2018,"Census Tract 107.02, Jackson County, Georgia",10702,13,157,13157010702,9588,4638,4950,36.3,1131,9224.0,0.0,206.0,683.0,0.0,158.0,8177.0,346.0,835.0,7650.0,31449.0,9570.0,929.0,611.0,855.0,1016.0,894.0,851.0,134.0,891.0,9506,8489,1017,13,157,10702,355.29533829999997,84577.36199999995,63
556,27572,27873,GA,13021013800,1.7209999999999999,32.8434805,-83.6107791,Georgia,Grady Memorial Hospital,Comprehensive Stroke Center,-84.38242,33.752320000000005,123.7956332,1417,2018,"Census Tract 138, Bibb County, Georgia",13800,13,21,13021013800,1524,680,844,29.6,185,1429.0,0.0,0.0,1387.0,0.0,0.0,42.0,89.0,35.0,42.0,11458.0,1430.0,308.0,225.0,108.0,65.0,78.0,5.0,5.0,11.0,1436,1212,224,13,21,13800,885.5316676000001,132660.21000000002,95
557,27573,27874,GA,13153020400,1.5319999999999998,32.624627399999994,-83.6110838,Georgia,Grady Memorial Hospital,Comprehensive Stroke Center,-84.38242,33.752320000000005,144.2776417,1213,2018,"Census Tract 204, Houston County, Georgia",20400,13,153,13153020400,2294,1084,1210,37.9,293,2215.0,0.0,168.0,1308.0,0.0,14.0,725.0,56.0,55.0,684.0,12766.0,2271.0,530.0,341.0,161.0,120.0,186.0,53.0,34.0,31.0,2294,1829,465,13,153,20400,1497.389034,154420.0280000001,119
558,27574,27875,GA,13153020800,0.93,32.6107018,-83.6111371,Georgia,Grady Memorial Hospital,Comprehensive Stroke Center,-84.38242,33.752320000000005,145.6187218,1214,2018,"Census Tract 208, Houston County, Georgia",20800,13,153,13153020800,2564,1317,1247,28.5,157,2331.0,23.0,50.0,1266.0,0.0,18.0,974.0,195.0,114.0,891.0,31727.0,2526.0,257.0,73.0,311.0,168.0,300.0,169.0,43.0,217.0,2432,2124,308,13,153,20800,2756.989247,156242.20000000016,130
559,27575,27876,GA,13211010200,71.241,33.6085311,-83.61184890000001,Georgia,Emory University Hospital,Comprehensive Stroke Center,-84.32186,33.792320000000004,68.90776523,205,2018,"Census Tract 102, Morgan County, Georgia",10200,13,211,13211010200,3888,1900,1988,44.6,712,3830.0,36.0,0.0,606.0,0.0,6.0,3182.0,35.0,64.0,3118.0,23481.0,3865.0,779.0,208.0,462.0,377.0,220.0,291.0,103.0,345.0,3888,3295,593,13,211,10200,54.57531478,76787.59700000008,81
560,27590,27891,GA,13013180401,21.429000000000002,33.99050689999999,-83.6194325,Georgia,Emory University Hospital,Comprehensive Stroke Center,-84.32186,33.792320000000004,68.5938375,966,2018,"Census Tract 1804.01, Barrow County, Georgia",180401,13,13,13013180401,5937,2984,2953,34.4,707,5764.0,0.0,166.0,465.0,0.0,113.0,5020.0,102.0,469.0,4694.0,31119.0,5834.0,511.0,397.0,674.0,565.0,751.0,336.0,155.0,381.0,5937,5296,641,13,13,180401,277.0544589,76551.79799999994,93
561,27591,27892,GA,13153020300,2.146,32.641679499999995,-83.6197667,Georgia,Grady Memorial Hospital,Comprehensive Stroke Center,-84.38242,33.752320000000005,142.2314979,1206,2018,"Census Tract 203, Houston County, Georgia",20300,13,153,13153020300,5995,2670,3325,31.2,749,5740.0,0.0,40.0,4391.0,0.0,0.0,1309.0,146.0,371.0,1040.0,19520.0,5831.0,946.0,647.0,703.0,625.0,488.0,148.0,94.0,77.0,5976,5043,933,13,153,20300,2793.5694320000002,152787.19300000012,121
562,27592,27893,GA,13277960200,39.104,31.462733500000002,-83.621659,Florida,Tallahassee Memorial Hospital,Comprehensive Stroke Center,-84.26194,30.45625,127.2556926,1182,2018,"Census Tract 9602, Tift County, Georgia",960200,13,277,13277960200,2899,1434,1465,41.5,446,2838.0,0.0,0.0,481.0,0.0,81.0,2276.0,28.0,205.0,2158.0,30486.0,2860.0,315.0,184.0,363.0,202.0,344.0,211.0,71.0,283.0,2899,2331,568,13,277,960200,74.1356383,137876.93800000005,142
563,27593,27894,GA,13159010100,76.222,33.4173006,-83.6219248,Georgia,Emory University Hospital,Comprehensive Stroke Center,-84.32186,33.792320000000004,77.13683176,1572,2018,"Census Tract 101, Jasper County, Georgia",10100,13,159,13159010100,2557,1316,1241,41.1,394,2527.0,0.0,0.0,433.0,0.0,219.0,1875.0,9.0,260.0,1834.0,21901.0,2519.0,360.0,218.0,319.0,202.0,249.0,146.0,47.0,96.0,2557,2045,512,13,159,10100,33.54674503,84137.9800000001,107
564,27607,27908,GA,13021011000,5.371,32.8740448,-83.63130809999998,Georgia,Grady Memorial Hospital,Comprehensive Stroke Center,-84.38242,33.752320000000005,119.9193531,1837,2018,"Census Tract 110, Bibb County, Georgia",11000,13,21,13021011000,4342,1923,2419,40.8,668,4177.0,0.0,11.0,2738.0,0.0,0.0,1428.0,69.0,1.0,1427.0,23102.0,4232.0,573.0,398.0,604.0,272.0,322.0,293.0,62.0,380.0,4317,3371,946,13,21,11000,808.4155651000001,133044.66500000004,93
565,27608,27909,GA,13153021105,3.7260000000000004,32.5863608,-83.63141429999999,Georgia,Grady Memorial Hospital,Comprehensive Stroke Center,-84.38242,33.752320000000005,147.06643590000002,1217,2018,"Census Tract 211.05, Houston County, Georgia",21105,13,153,13153021105,7095,3544,3551,30.1,633,6691.0,54.0,108.0,2736.0,0.0,68.0,3725.0,303.0,538.0,3326.0,30800.0,6994.0,604.0,368.0,854.0,884.0,752.0,351.0,166.0,762.0,6941,5788,1153,13,153,21105,1904.1867949999998,159498.41300000012,121
566,27611,27912,GA,13021013502,21.858,32.7068119,-83.6315448,Georgia,Grady Memorial Hospital,Comprehensive Stroke Center,-84.38242,33.752320000000005,135.43977780000003,1834,2018,"Census Tract 135.02, Bibb County, Georgia",13502,13,21,13021013502,1571,816,755,38.0,178,1553.0,0.0,0.0,219.0,0.0,167.0,1167.0,5.0,396.0,938.0,19921.0,1522.0,234.0,147.0,188.0,167.0,96.0,53.0,53.0,38.0,1571,1177,394,13,21,13502,71.87299844,145964.24200000003,115
567,27612,27913,GA,13153020900,1.972,32.608959999999996,-83.6318937,Georgia,Grady Memorial Hospital,Comprehensive Stroke Center,-84.38242,33.752320000000005,144.8417877,1207,2018,"Census Tract 209, Houston County, Georgia",20900,13,153,13153020900,4325,2211,2114,34.6,636,4040.0,67.0,0.0,1445.0,0.0,0.0,2528.0,178.0,38.0,2490.0,27119.0,4218.0,535.0,242.0,508.0,533.0,375.0,262.0,148.0,228.0,4282,3690,592,13,153,20900,2193.204868,156326.90000000017,129
568,27616,27917,GA,13157010703,16.552,34.064794,-83.6334928,Georgia,Emory University Hospital,Comprehensive Stroke Center,-84.32186,33.792320000000004,70.45886683,1571,2018,"Census Tract 107.03, Jackson County, Georgia",10703,13,157,13157010703,3930,1929,2001,38.4,447,3719.0,0.0,5.0,102.0,0.0,0.0,3612.0,177.0,214.0,3398.0,35761.0,3896.0,334.0,181.0,382.0,307.0,365.0,264.0,189.0,428.0,3930,3551,379,13,157,10703,237.43354280000003,78678.99499999994,78
569,27618,27919,GA,13153021107,5.273,32.56695,-83.63377709999999,Georgia,Grady Memorial Hospital,Comprehensive Stroke Center,-84.38242,33.752320000000005,148.8627812,1212,2018,"Census Tract 211.07, Houston County, Georgia",21107,13,153,13153021107,8395,4083,4312,40.1,1351,7904.0,0.0,97.0,2214.0,0.0,175.0,5418.0,235.0,644.0,4944.0,36477.0,8093.0,996.0,595.0,686.0,485.0,994.0,794.0,363.0,839.0,8311,7492,819,13,153,21107,1592.072824,160868.5900000001,124
570,27624,27925,GA,13021013700,1.202,32.833841,-83.63593780000001,Georgia,Grady Memorial Hospital,Comprehensive Stroke Center,-84.38242,33.752320000000005,123.3338673,1416,2018,"Census Tract 137, Bibb County, Georgia",13700,13,21,13021013700,3177,1935,1242,35.1,464,3167.0,0.0,21.0,1808.0,0.0,8.0,1330.0,10.0,32.0,1303.0,15160.0,2168.0,753.0,352.0,335.0,266.0,178.0,28.0,58.0,264.0,2204,2035,169,13,21,13700,2643.094842,131936.34300000002,94
571,27625,27926,GA,13021010800,0.632,32.8441758,-83.63618249999999,Georgia,Grady Memorial Hospital,Comprehensive Stroke Center,-84.38242,33.752320000000005,122.3736561,1775,2018,"Census Tract 108, Bibb County, Georgia",10800,13,21,13021010800,1308,716,592,32.1,108,1275.0,9.0,32.0,278.0,0.0,0.0,956.0,18.0,18.0,938.0,28824.0,1291.0,208.0,99.0,186.0,123.0,161.0,55.0,4.0,194.0,1299,1186,113,13,21,10800,2069.620253,130435.713,88
572,27631,27932,GA,13021011500,0.42,32.818814399999994,-83.6430662,Georgia,Grady Memorial Hospital,Comprehensive Stroke Center,-84.38242,33.752320000000005,124.3481495,1780,2018,"Census Tract 115, Bibb County, Georgia",11500,13,21,13021011500,1136,657,479,39.1,185,1088.0,0.0,0.0,1069.0,0.0,0.0,19.0,42.0,4.0,19.0,11875.0,1130.0,270.0,147.0,110.0,37.0,64.0,6.0,0.0,17.0,1136,873,263,13,21,11500,2704.7619050000003,133307.83500000005,97
573,27635,27936,GA,13153020105,2.17,32.6412869,-83.6449301,Georgia,Grady Memorial Hospital,Comprehensive Stroke Center,-84.38242,33.752320000000005,141.1111734,1967,2018,"Census Tract 201.05, Houston County, Georgia",20105,13,153,13153020105,6112,2991,3121,37.9,1012,5902.0,37.0,192.0,2042.0,0.0,49.0,3582.0,50.0,859.0,2804.0,30998.0,5757.0,572.0,634.0,551.0,664.0,823.0,491.0,114.0,342.0,5917,5235,682,13,153,20105,2816.5898620000003,153958.1230000001,122
574,27637,27938,GA,13021010100,0.529,32.8465487,-83.64549040000001,Georgia,Grady Memorial Hospital,Comprehensive Stroke Center,-84.38242,33.752320000000005,121.66550559999999,1768,2018,"Census Tract 101, Bibb County, Georgia",10100,13,21,13021010100,1398,726,672,45.3,356,1393.0,0.0,0.0,1346.0,0.0,0.0,47.0,5.0,11.0,47.0,15308.0,1398.0,274.0,186.0,149.0,174.0,66.0,31.0,20.0,37.0,1398,1213,185,13,21,10100,2642.7221170000003,130137.017,92
575,27639,27940,GA,13153021108,5.102,32.535582500000004,-83.6461033,Georgia,Grady Memorial Hospital,Comprehensive Stroke Center,-84.38242,33.752320000000005,151.42405,1562,2018,"Census Tract 211.08, Houston County, Georgia",21108,13,153,13153021108,6873,3242,3631,36.8,528,6249.0,0.0,27.0,1135.0,0.0,30.0,5057.0,592.0,511.0,4808.0,31705.0,6826.0,1129.0,343.0,342.0,573.0,529.0,516.0,244.0,847.0,6873,6215,658,13,153,21108,1347.118777,162795.7240000001,116
576,27640,27941,GA,13153021000,2.167,32.6022193,-83.64658399999999,Georgia,Grady Memorial Hospital,Comprehensive Stroke Center,-84.38242,33.752320000000005,144.84384609999998,1215,2018,"Census Tract 210, Houston County, Georgia",21000,13,153,13153021000,7395,3270,4125,30.8,1128,6822.0,0.0,337.0,1736.0,0.0,0.0,4749.0,484.0,567.0,4247.0,25573.0,7300.0,910.0,592.0,761.0,851.0,781.0,381.0,73.0,381.0,7328,6554,774,13,153,21000,3412.551915,156778.42900000015,116
577,27646,27947,GA,13281960300,61.743,34.9594409,-83.6502326,Tennessee,The University of Tennessee Medical Center,Comprehensive Stroke Center,-83.94502,35.94016,112.0523419,1349,2018,"Census Tract 9603, Towns County, Georgia",960300,13,281,13281960300,3809,1582,2227,58.9,1444,3617.0,18.0,47.0,22.0,0.0,0.0,3530.0,122.0,13.0,3517.0,21766.0,3588.0,688.0,430.0,616.0,319.0,410.0,255.0,172.0,249.0,3672,3233,439,13,281,960300,61.69120386,198275.438,298
578,27647,27948,GA,13021012700,0.7440000000000001,32.8102528,-83.65043299999999,Georgia,Grady Memorial Hospital,Comprehensive Stroke Center,-84.38242,33.752320000000005,124.7652908,1836,2018,"Census Tract 127, Bibb County, Georgia",12700,13,21,13021012700,1822,866,956,30.2,306,1776.0,0.0,0.0,1700.0,0.0,0.0,76.0,46.0,0.0,76.0,12257.0,1797.0,362.0,176.0,206.0,74.0,86.0,3.0,12.0,0.0,1822,1594,228,13,21,12700,2448.924731,134096.19000000006,93
579,27648,27949,GA,13021010500,0.524,32.8259274,-83.6505757,Georgia,Grady Memorial Hospital,Comprehensive Stroke Center,-84.38242,33.752320000000005,123.3025044,1782,2018,"Census Tract 105, Bibb County, Georgia",10500,13,21,13021010500,3052,1172,1880,20.1,95,2957.0,0.0,159.0,1436.0,0.0,0.0,1362.0,56.0,91.0,1280.0,2847.0,901.0,1535.0,218.0,71.0,46.0,22.0,0.0,0.0,9.0,3043,2753,290,13,21,10500,5824.427481000001,132011.40100000004,85
580,27649,27950,GA,13021012800,0.799,32.7977216,-83.65330259999999,Georgia,Grady Memorial Hospital,Comprehensive Stroke Center,-84.38242,33.752320000000005,125.78945630000001,1841,2018,"Census Tract 128, Bibb County, Georgia",12800,13,21,13021012800,3351,1501,1850,30.7,130,3119.0,0.0,7.0,2855.0,0.0,0.0,257.0,70.0,106.0,151.0,16552.0,3189.0,633.0,211.0,473.0,263.0,65.0,135.0,32.0,92.0,3351,2515,836,13,21,12800,4193.992491,135245.94600000005,97
581,27650,27951,GA,13153020200,2.064,32.6228054,-83.65365909999998,Georgia,Grady Memorial Hospital,Comprehensive Stroke Center,-84.38242,33.752320000000005,142.51790459999998,1219,2018,"Census Tract 202, Houston County, Georgia",20200,13,153,13153020200,5366,2520,2846,37.1,895,5263.0,42.0,0.0,1799.0,0.0,33.0,3389.0,103.0,464.0,2984.0,21861.0,5366.0,710.0,543.0,733.0,615.0,484.0,409.0,66.0,189.0,5301,4049,1252,13,153,20200,2599.8062019999998,155044.22500000012,124
582,27651,27952,GA,13021011900,1.325,32.8588167,-83.65424200000001,Georgia,Grady Memorial Hospital,Comprehensive Stroke Center,-84.38242,33.752320000000005,120.0796987,1770,2018,"Census Tract 119, Bibb County, Georgia",11900,13,21,13021011900,1758,718,1040,43.8,345,1747.0,29.0,38.0,580.0,0.0,0.0,1100.0,0.0,8.0,1092.0,25488.0,1747.0,232.0,239.0,223.0,292.0,153.0,99.0,41.0,164.0,1758,1534,224,13,21,11900,1326.792453,128739.85500000003,85
583,27654,27955,GA,13021010200,0.608,32.84469910000001,-83.6564703,Georgia,Grady Memorial Hospital,Comprehensive Stroke Center,-84.38242,33.752320000000005,121.26221090000001,1777,2018,"Census Tract 102, Bibb County, Georgia",10200,13,21,13021010200,2024,984,1040,39.5,383,2008.0,0.0,0.0,733.0,0.0,0.0,1275.0,0.0,0.0,1275.0,27086.0,2008.0,257.0,198.0,142.0,281.0,229.0,111.0,44.0,174.0,2024,1884,140,13,21,10200,3328.947368,129410.04300000002,94
584,27655,27956,GA,13021010300,0.518,32.8368059,-83.65655500000001,Georgia,Grady Memorial Hospital,Comprehensive Stroke Center,-84.38242,33.752320000000005,121.9871614,1781,2018,"Census Tract 103, Bibb County, Georgia",10300,13,21,13021010300,1048,481,567,37.8,117,1031.0,40.0,0.0,896.0,0.0,0.0,95.0,0.0,6.0,89.0,16192.0,1026.0,169.0,125.0,112.0,95.0,24.0,26.0,0.0,78.0,1048,821,227,13,21,10300,2023.166023,130376.33000000003,91
585,27656,27957,GA,13021012900,0.7959999999999999,32.787321,-83.65746949999999,Georgia,Grady Memorial Hospital,Comprehensive Stroke Center,-84.38242,33.752320000000005,126.55633870000001,1779,2018,"Census Tract 129, Bibb County, Georgia",12900,13,21,13021012900,1441,780,661,38.7,213,1283.0,0.0,0.0,882.0,0.0,0.0,401.0,157.0,127.0,401.0,11443.0,1332.0,422.0,151.0,188.0,76.0,46.0,36.0,24.0,13.0,1340,992,348,13,21,12900,1810.3015079999998,135837.0260000001,94
586,27659,27960,GA,13013180301,8.265,33.985960999999996,-83.6615446,Georgia,Emory University Hospital,Comprehensive Stroke Center,-84.32186,33.792320000000004,64.74838678,963,2018,"Census Tract 1803.01, Barrow County, Georgia",180301,13,13,13013180301,2332,1216,1116,35.4,300,2261.0,9.0,31.0,137.0,0.0,22.0,2062.0,32.0,144.0,1949.0,29705.0,2293.0,263.0,150.0,285.0,274.0,333.0,95.0,89.0,172.0,2332,2032,300,13,13,180301,282.15366,73274.06399999998,96
587,27661,27962,GA,13153021400,27.67,32.4582875,-83.6625217,Georgia,Grady Memorial Hospital,Comprehensive Stroke Center,-84.38242,33.752320000000005,158.4673974,1218,2018,"Census Tract 214, Houston County, Georgia",21400,13,153,13153021400,9647,5115,4532,34.6,1105,9163.0,82.0,83.0,2582.0,0.0,10.0,6406.0,440.0,215.0,6201.0,27843.0,8936.0,1217.0,608.0,1057.0,896.0,860.0,517.0,418.0,702.0,8903,7720,1183,13,153,21400,348.64474160000003,172602.36700000011,115
588,27662,27963,GA,13071970100,112.03200000000001,31.2851094,-83.6631199,Florida,Tallahassee Memorial Hospital,Comprehensive Stroke Center,-84.26194,30.45625,108.2763247,886,2018,"Census Tract 9701, Colquitt County, Georgia",970100,13,71,13071970100,5673,2888,2785,37.6,820,5459.0,44.0,19.0,630.0,0.0,793.0,3973.0,136.0,1482.0,3327.0,20044.0,5595.0,942.0,490.0,955.0,698.0,451.0,227.0,20.0,122.0,5673,3920,1753,13,71,970100,50.63731791,114731.507,126
589,27664,27965,GA,13153021500,194.328,32.3815782,-83.6639371,Georgia,Grady Memorial Hospital,Comprehensive Stroke Center,-84.38242,33.752320000000005,166.1688121,1209,2018,"Census Tract 215, Houston County, Georgia",21500,13,153,13153021500,3870,1994,1876,42.2,645,3790.0,0.0,0.0,974.0,13.0,0.0,2803.0,60.0,16.0,2787.0,35074.0,3850.0,494.0,148.0,517.0,233.0,347.0,429.0,237.0,386.0,3870,3462,408,13,153,21500,19.91478325,180963.05100000015,117
590,27665,27966,GA,13021010400,0.841,32.8260135,-83.6645028,Georgia,Grady Memorial Hospital,Comprehensive Stroke Center,-84.38242,33.752320000000005,122.58207970000001,1774,2018,"Census Tract 104, Bibb County, Georgia",10400,13,21,13021010400,1855,796,1059,43.1,387,1712.0,0.0,0.0,1653.0,0.0,0.0,59.0,83.0,6.0,59.0,12109.0,1717.0,519.0,134.0,182.0,201.0,91.0,29.0,17.0,0.0,1777,1332,445,13,21,10400,2205.707491,131166.66400000002,89
591,27670,27971,GA,13153020106,7.727,32.6651424,-83.6668486,Georgia,Grady Memorial Hospital,Comprehensive Stroke Center,-84.38242,33.752320000000005,137.80165549999998,1968,2018,"Census Tract 201.06, Houston County, Georgia",20106,13,153,13153020106,2324,1226,1098,44.5,352,2225.0,7.0,34.0,606.0,0.0,0.0,1578.0,99.0,65.0,1538.0,28372.0,2324.0,303.0,139.0,364.0,240.0,135.0,174.0,88.0,295.0,2324,2095,229,13,153,20106,300.76355639999997,150761.94000000006,104
592,27673,27974,GA,13021012000,3.2889999999999997,32.880107300000006,-83.66792690000001,Georgia,Grady Memorial Hospital,Comprehensive Stroke Center,-84.38242,33.752320000000005,117.4071676,1771,2018,"Census Tract 120, Bibb County, Georgia",12000,13,21,13021012000,4468,2171,2297,42.9,897,4264.0,0.0,111.0,945.0,14.0,0.0,3194.0,140.0,86.0,3145.0,30907.0,4369.0,535.0,285.0,539.0,507.0,565.0,440.0,118.0,380.0,4468,3953,515,13,21,12000,1358.467619,125271.62200000002,81
593,27676,27977,GA,13081010300,53.553000000000004,31.9365293,-83.6689423,Florida,Tallahassee Memorial Hospital,Comprehensive Stroke Center,-84.26194,30.45625,173.5803487,1653,2018,"Census Tract 103, Crisp County, Georgia",10300,13,81,13081010300,3494,1782,1712,41.0,688,3354.0,0.0,0.0,1048.0,23.0,0.0,2283.0,91.0,333.0,1950.0,19714.0,3435.0,678.0,288.0,414.0,231.0,360.0,145.0,21.0,211.0,3494,2979,515,13,81,10300,65.24377719,193101.54799999984,166
594,27680,27981,GA,13169030101,33.146,32.951992600000004,-83.6702591,Georgia,Grady Memorial Hospital,Comprehensive Stroke Center,-84.38242,33.752320000000005,110.7841902,528,2018,"Census Tract 301.01, Jones County, Georgia",30101,13,169,13169030101,2648,1150,1498,42.1,477,2623.0,11.0,100.0,376.0,0.0,0.0,2136.0,12.0,67.0,2069.0,41998.0,2625.0,216.0,125.0,207.0,264.0,475.0,268.0,113.0,291.0,2628,2315,313,13,169,30101,79.88897605,123139.21999999997,91
595,27681,27982,GA,13021012600,2.633,32.8050318,-83.6711251,Georgia,Grady Memorial Hospital,Comprehensive Stroke Center,-84.38242,33.752320000000005,124.212801,1840,2018,"Census Tract 126, Bibb County, Georgia",12600,13,21,13021012600,4462,2185,2277,32.6,430,4207.0,0.0,90.0,3643.0,0.0,0.0,474.0,151.0,28.0,446.0,19428.0,4358.0,713.0,327.0,579.0,514.0,367.0,97.0,63.0,89.0,4425,3585,840,13,21,12600,1694.6448920000003,132234.41700000002,97
596,27684,27985,GA,13021012300,1.176,32.8425459,-83.67412390000001,Georgia,Grady Memorial Hospital,Comprehensive Stroke Center,-84.38242,33.752320000000005,120.5534686,1835,2018,"Census Tract 123, Bibb County, Georgia",12300,13,21,13021012300,2617,1072,1545,38.2,590,2519.0,45.0,0.0,1844.0,0.0,64.0,566.0,95.0,55.0,566.0,15600.0,2588.0,644.0,268.0,292.0,272.0,176.0,95.0,32.0,57.0,2617,2062,555,13,21,12300,2225.340136,128983.39900000002,98
597,27685,27986,GA,13297110300,13.437999999999999,33.7999073,-83.67492879999999,Georgia,Emory University Hospital,Comprehensive Stroke Center,-84.32186,33.792320000000004,59.91482557,1015,2018,"Census Tract 1103, Walton County, Georgia",110300,13,297,13297110300,6573,2789,3784,32.7,948,6369.0,0.0,0.0,2631.0,0.0,11.0,3727.0,78.0,116.0,3622.0,22623.0,6323.0,811.0,601.0,783.0,524.0,567.0,560.0,118.0,97.0,6568,5626,942,13,297,110300,489.135288,65969.93099999998,102
598,27687,27988,GA,13021011800,1.7480000000000002,32.859378899999996,-83.6761928,Georgia,Grady Memorial Hospital,Comprehensive Stroke Center,-84.38242,33.752320000000005,118.8851637,1769,2018,"Census Tract 118, Bibb County, Georgia",11800,13,21,13021011800,3463,1308,2155,36.4,604,3293.0,0.0,72.0,796.0,0.0,0.0,2425.0,106.0,84.0,2408.0,30694.0,3296.0,364.0,229.0,505.0,215.0,352.0,241.0,179.0,430.0,3360,3137,223,13,21,11800,1981.121281,127836.04900000001,92
599,27688,27989,GA,13139000101,35.788000000000004,34.4132268,-83.6765749,Georgia,Emory University Hospital,Comprehensive Stroke Center,-84.32186,33.792320000000004,91.04288376,336,2018,"Census Tract 1.01, Hall County, Georgia",101,13,139,13139000101,4864,2371,2493,37.6,723,4686.0,0.0,143.0,265.0,0.0,98.0,4180.0,85.0,348.0,3936.0,26409.0,4771.0,453.0,459.0,591.0,658.0,512.0,241.0,50.0,255.0,4864,3967,897,13,139,101,135.91147869999998,95762.76299999993,71
600,27689,27990,GA,13153020108,4.144,32.6404762,-83.6768373,Georgia,Grady Memorial Hospital,Comprehensive Stroke Center,-84.38242,33.752320000000005,139.7650121,1560,2018,"Census Tract 201.08, Houston County, Georgia",20108,13,153,13153020108,6111,3040,3071,34.6,860,5931.0,0.0,44.0,1832.0,0.0,54.0,4001.0,130.0,325.0,3800.0,28799.0,5962.0,795.0,392.0,603.0,766.0,667.0,480.0,124.0,291.0,5965,5198,767,13,153,20108,1474.6621619999999,150696.76900000006,114
601,27693,27994,GA,13013180502,17.633,33.935508899999995,-83.67968499999999,Georgia,Emory University Hospital,Comprehensive Stroke Center,-84.32186,33.792320000000004,61.50747373,969,2018,"Census Tract 1805.02, Barrow County, Georgia",180502,13,13,13013180502,4712,2151,2561,36.3,527,4562.0,0.0,68.0,451.0,6.0,177.0,3860.0,120.0,543.0,3508.0,26867.0,4682.0,505.0,334.0,534.0,575.0,460.0,271.0,238.0,274.0,4712,4118,594,13,13,180502,267.2262236,69954.98599999996,109
602,27694,27995,GA,13153021104,5.2620000000000005,32.604944,-83.6797991,Georgia,Grady Memorial Hospital,Comprehensive Stroke Center,-84.38242,33.752320000000005,143.1329728,1220,2018,"Census Tract 211.04, Houston County, Georgia",21104,13,153,13153021104,8520,4148,4372,32.0,905,7797.0,0.0,199.0,2158.0,0.0,530.0,4910.0,650.0,1612.0,3972.0,31560.0,8341.0,1066.0,425.0,828.0,824.0,872.0,709.0,287.0,724.0,8429,7218,1211,13,153,21104,1619.156214,153997.6640000001,108
603,27698,27999,GA,13027960200,99.62899999999999,30.950909000000003,-83.6820015,Florida,Tallahassee Memorial Hospital,Comprehensive Stroke Center,-84.26194,30.45625,78.06399261,1425,2018,"Census Tract 9602, Brooks County, Georgia",960200,13,27,13027960200,1293,678,615,48.8,252,1269.0,0.0,3.0,262.0,0.0,56.0,948.0,20.0,71.0,923.0,22193.0,1287.0,158.0,181.0,202.0,151.0,173.0,49.0,40.0,41.0,1293,1068,225,13,27,960200,12.97814893,87184.36699999998,88
604,27699,28000,GA,13021012500,1.3419999999999999,32.818736699999995,-83.682639,Georgia,Grady Memorial Hospital,Comprehensive Stroke Center,-84.38242,33.752320000000005,122.3524128,1787,2018,"Census Tract 125, Bibb County, Georgia",12500,13,21,13021012500,2613,915,1698,44.1,504,2508.0,0.0,19.0,2239.0,0.0,85.0,165.0,105.0,49.0,141.0,12496.0,2408.0,527.0,420.0,285.0,192.0,143.0,86.0,0.0,14.0,2408,2023,385,13,21,12500,1947.0938899999999,130045.13900000001,101
605,27702,28003,GA,13311950300,42.3,34.5515601,-83.6880532,Georgia,WellStar Kennestone Regional Medical Center,Comprehensive Stroke Center,-84.55109,33.969758,102.38719499999999,1675,2018,"Census Tract 9503, White County, Georgia",950300,13,311,13311950300,8440,4015,4425,42.2,1383,7894.0,0.0,0.0,59.0,0.0,0.0,7835.0,354.0,341.0,7787.0,29069.0,8248.0,857.0,768.0,817.0,870.0,1123.0,526.0,236.0,494.0,8422,7643,779,13,311,950300,199.5271868,115409.81600000002,118
606,27704,28005,GA,13157010101,32.833,34.164793700000004,-83.68862929999999,Georgia,Emory University Hospital,Comprehensive Stroke Center,-84.32186,33.792320000000004,71.63104325,1566,2018,"Census Tract 101.01, Jackson County, Georgia",10101,13,157,13157010101,6422,3184,3238,41.7,859,6335.0,0.0,176.0,172.0,0.0,324.0,5663.0,12.0,807.0,5180.0,30381.0,6325.0,859.0,507.0,588.0,657.0,796.0,498.0,187.0,510.0,6422,5957,465,13,157,10101,195.59589440000002,82455.19099999995,77
607,27706,28007,GA,13013180302,11.564,34.0238701,-83.6894759,Georgia,Emory University Hospital,Comprehensive Stroke Center,-84.32186,33.792320000000004,63.87633505,964,2018,"Census Tract 1803.02, Barrow County, Georgia",180302,13,13,13013180302,5905,2688,3217,40.3,876,5592.0,0.0,46.0,347.0,0.0,52.0,5147.0,179.0,325.0,4907.0,26972.0,5748.0,726.0,526.0,672.0,551.0,648.0,464.0,168.0,317.0,5905,5510,395,13,13,180302,510.636458,71230.39599999998,92
608,27707,28008,GA,13021013102,1.965,32.794183399999994,-83.6900122,Georgia,Grady Memorial Hospital,Comprehensive Stroke Center,-84.38242,33.752320000000005,124.3121503,1772,2018,"Census Tract 131.02, Bibb County, Georgia",13102,13,21,13021013102,4435,2078,2357,31.2,418,4382.0,15.0,75.0,3946.0,34.0,0.0,312.0,0.0,0.0,312.0,16513.0,4315.0,824.0,419.0,534.0,268.0,271.0,185.0,71.0,150.0,4368,3777,591,13,21,13102,2256.997455,132041.88500000007,95
609,27708,28009,GA,13297110800,49.553999999999995,33.676208100000004,-83.6901009,Georgia,Emory University Hospital,Comprehensive Stroke Center,-84.32186,33.792320000000004,59.94573088,1014,2018,"Census Tract 1108, Walton County, Georgia",110800,13,297,13297110800,6739,3481,3258,38.3,1166,6565.0,92.0,0.0,1731.0,0.0,242.0,4500.0,58.0,428.0,4363.0,25649.0,6527.0,933.0,479.0,906.0,560.0,643.0,460.0,289.0,447.0,6643,6004,639,13,297,110800,135.9930581,70769.40599999999,84
610,27710,28011,GA,13153021201,12.739,32.5213601,-83.6922974,Georgia,Grady Memorial Hospital,Comprehensive Stroke Center,-84.38242,33.752320000000005,150.94538880000002,1564,2018,"Census Tract 212.01, Houston County, Georgia",21201,13,153,13153021201,9716,4812,4904,36.1,964,9393.0,232.0,426.0,1920.0,0.0,0.0,6815.0,213.0,347.0,6545.0,36847.0,9526.0,833.0,410.0,902.0,862.0,827.0,888.0,318.0,1268.0,9485,8939,546,13,153,21201,762.697229,163670.2400000001,111
611,27711,28012,GA,13287970200,120.92200000000001,31.7202498,-83.693961,Florida,Tallahassee Memorial Hospital,Comprehensive Stroke Center,-84.26194,30.45625,150.2539729,1354,2018,"Census Tract 9702, Turner County, Georgia",970200,13,287,13287970200,5110,2418,2692,37.7,914,5083.0,0.0,0.0,2955.0,0.0,0.0,2128.0,0.0,49.0,2101.0,20522.0,4988.0,857.0,477.0,684.0,342.0,554.0,272.0,11.0,117.0,5041,4365,676,13,287,970200,42.25864607,162307.11999999997,158
612,27712,28013,GA,13021012400,1.7280000000000002,32.83842,-83.6940133,Georgia,Grady Memorial Hospital,Comprehensive Stroke Center,-84.38242,33.752320000000005,119.9371174,1778,2018,"Census Tract 124, Bibb County, Georgia",12400,13,21,13021012400,4597,2065,2532,30.5,562,4375.0,0.0,0.0,4259.0,0.0,0.0,116.0,42.0,0.0,116.0,14180.0,4330.0,876.0,533.0,545.0,323.0,201.0,97.0,18.0,82.0,4546,3646,900,13,21,12400,2660.3009260000003,128704.10600000001,104
613,27714,28015,GA,13153021113,9.762,32.574135600000005,-83.69560729999999,Georgia,Grady Memorial Hospital,Comprehensive Stroke Center,-84.38242,33.752320000000005,145.52882119999998,1563,2018,"Census Tract 211.13, Houston County, Georgia",21113,13,153,13153021113,19267,9131,10136,37.8,1591,18763.0,0.0,1199.0,4237.0,0.0,522.0,12805.0,207.0,1120.0,12131.0,43870.0,18970.0,1926.0,910.0,871.0,1877.0,1532.0,1915.0,649.0,3182.0,18968,16782,2186,13,153,21113,1973.673428,158636.47300000011,104
614,27715,28016,GA,13021012102,2.847,32.882673499999996,-83.69579870000001,Georgia,Grady Memorial Hospital,Comprehensive Stroke Center,-84.38242,33.752320000000005,115.71837620000001,978,2018,"Census Tract 121.02, Bibb County, Georgia",12102,13,21,13021012102,5219,2553,2666,33.9,836,5004.0,0.0,400.0,2128.0,0.0,19.0,2457.0,69.0,199.0,2277.0,28776.0,5021.0,839.0,336.0,428.0,463.0,805.0,322.0,154.0,353.0,5205,4578,627,13,21,12102,1833.1577100000002,124216.748,96
615,27717,28018,GA,13013180203,2.1830000000000003,33.984387,-83.6972806,Georgia,Emory University Hospital,Comprehensive Stroke Center,-84.32186,33.792320000000004,61.57947958,959,2018,"Census Tract 1802.03, Barrow County, Georgia",180203,13,13,13013180203,3519,1670,1849,31.1,452,3330.0,0.0,208.0,949.0,0.0,60.0,2113.0,134.0,535.0,1638.0,19370.0,3391.0,472.0,365.0,511.0,441.0,246.0,79.0,10.0,30.0,3519,2708,811,13,13,180203,1612.001832,68510.76699999998,99
616,27719,28020,GA,13311950202,24.865,34.6314669,-83.6975405,Georgia,WellStar Kennestone Regional Medical Center,Comprehensive Stroke Center,-84.55109,33.969758,107.5260467,1550,2018,"Census Tract 9502.02, White County, Georgia",950202,13,311,13311950202,3375,1825,1550,51.9,891,3317.0,46.0,75.0,10.0,0.0,0.0,3186.0,28.0,102.0,3084.0,26538.0,3345.0,485.0,344.0,468.0,386.0,377.0,340.0,110.0,212.0,3375,2900,475,13,311,950202,135.732958,123706.111,144
617,27720,28021,GA,13139000102,30.732,34.3155904,-83.6980085,Georgia,Emory University Hospital,Comprehensive Stroke Center,-84.32186,33.792320000000004,81.77062689,337,2018,"Census Tract 1.02, Hall County, Georgia",102,13,139,13139000102,3467,1856,1611,42.9,607,3456.0,0.0,0.0,128.0,0.0,63.0,3265.0,0.0,409.0,2919.0,27107.0,3456.0,498.0,250.0,480.0,409.0,383.0,237.0,89.0,287.0,3467,3063,404,13,139,102,112.81400490000001,90181.83699999994,76
618,27721,28022,GA,13021013504,13.530999999999999,32.7236718,-83.6983483,Georgia,Grady Memorial Hospital,Comprehensive Stroke Center,-84.38242,33.752320000000005,130.6914473,985,2018,"Census Tract 135.04, Bibb County, Georgia",13504,13,21,13021013504,8812,4569,4243,43.6,1921,8662.0,4.0,181.0,2149.0,15.0,38.0,6275.0,63.0,162.0,6165.0,33302.0,8649.0,982.0,499.0,973.0,704.0,1219.0,745.0,345.0,667.0,8736,7501,1235,13,21,13504,651.2452886,140355.45200000005,99
619,27722,28023,GA,13021013503,5.412000000000001,32.7534454,-83.69872690000001,Georgia,Grady Memorial Hospital,Comprehensive Stroke Center,-84.38242,33.752320000000005,127.7963158,984,2018,"Census Tract 135.03, Bibb County, Georgia",13503,13,21,13021013503,2516,1264,1252,32.4,294,2385.0,0.0,165.0,738.0,0.0,220.0,1262.0,90.0,486.0,1071.0,29500.0,2454.0,271.0,123.0,243.0,288.0,301.0,162.0,10.0,176.0,2516,1999,517,13,21,13503,464.8928307,139465.57800000007,98
620,27724,28025,GA,13071970400,28.750999999999998,31.201727500000004,-83.70088359999998,Florida,Tallahassee Memorial Hospital,Comprehensive Stroke Center,-84.26194,30.45625,98.54990912,879,2018,"Census Tract 9704, Colquitt County, Georgia",970400,13,71,13071970400,3448,1728,1720,33.9,373,3427.0,0.0,0.0,862.0,0.0,192.0,2373.0,21.0,968.0,1602.0,20843.0,3146.0,448.0,320.0,433.0,349.0,141.0,94.0,65.0,114.0,3180,2230,950,13,71,970400,119.92626340000001,109111.086,119
621,27725,28026,GA,13159010500,234.657,33.260034999999995,-83.701531,Georgia,Emory University Hospital,Comprehensive Stroke Center,-84.32186,33.792320000000004,82.49883338,1574,2018,"Census Tract 105, Jasper County, Georgia",10500,13,159,13159010500,8365,3978,4387,43.4,1538,8225.0,0.0,36.0,2298.0,0.0,25.0,5866.0,71.0,142.0,5749.0,22510.0,8068.0,1305.0,771.0,926.0,852.0,980.0,384.0,170.0,361.0,8276,7342,934,13,159,10500,35.64777526,93209.67399999998,119
622,27726,28027,GA,13021013202,1.815,32.8067378,-83.70338740000001,Georgia,Grady Memorial Hospital,Comprehensive Stroke Center,-84.38242,33.752320000000005,122.47355729999998,1785,2018,"Census Tract 132.02, Bibb County, Georgia",13202,13,21,13021013202,2294,981,1313,26.8,202,2216.0,0.0,35.0,1780.0,0.0,141.0,260.0,30.0,242.0,189.0,12880.0,2153.0,539.0,331.0,218.0,214.0,145.0,2.0,27.0,52.0,2294,1622,672,13,21,13202,1263.9118460000002,129943.333,91
623,27727,28028,GA,13153020109,5.172000000000001,32.6394885,-83.7037366,Georgia,Grady Memorial Hospital,Comprehensive Stroke Center,-84.38242,33.752320000000005,138.699671,1561,2018,"Census Tract 201.09, Houston County, Georgia",20109,13,153,13153020109,9334,4754,4580,35.4,1277,9151.0,17.0,646.0,3104.0,0.0,125.0,5259.0,121.0,473.0,4928.0,38679.0,9272.0,1167.0,417.0,549.0,649.0,1278.0,821.0,263.0,1185.0,9245,8398,847,13,153,20109,1804.717711,149415.19800000006,99
624,27729,28030,GA,13021013101,3.279,32.781574,-83.7040885,Georgia,Grady Memorial Hospital,Comprehensive Stroke Center,-84.38242,33.752320000000005,124.8430101,1786,2018,"Census Tract 131.01, Bibb County, Georgia",13101,13,21,13021013101,5226,1996,3230,24.1,598,4873.0,0.0,0.0,3809.0,0.0,18.0,1046.0,212.0,397.0,698.0,17089.0,5085.0,857.0,382.0,558.0,418.0,276.0,73.0,41.0,102.0,5226,4593,633,13,21,13101,1593.778591,132184.19600000003,101
625,27730,28031,GA,13021012200,1.445,32.853688,-83.70456300000001,Georgia,Grady Memorial Hospital,Comprehensive Stroke Center,-84.38242,33.752320000000005,117.9779668,1783,2018,"Census Tract 122, Bibb County, Georgia",12200,13,21,13021012200,2640,1154,1486,31.6,214,2439.0,13.0,3.0,1529.0,0.0,0.0,894.0,103.0,33.0,861.0,15977.0,2542.0,491.0,198.0,274.0,145.0,140.0,134.0,12.0,109.0,2640,2063,577,13,21,12200,1826.9896190000002,127755.773,102
626,27731,28032,GA,13081010500,61.351000000000006,31.861098300000002,-83.7047528,Florida,Tallahassee Memorial Hospital,Comprehensive Stroke Center,-84.26194,30.45625,164.5684272,1655,2018,"Census Tract 105, Crisp County, Georgia",10500,13,81,13081010500,1470,707,763,53.1,345,1464.0,0.0,0.0,237.0,0.0,0.0,1227.0,0.0,61.0,1166.0,21274.0,1461.0,173.0,184.0,280.0,165.0,106.0,64.0,44.0,83.0,1470,1224,246,13,81,10500,23.96048964,182039.18399999992,156
627,27732,28033,GA,13021013407,3.056,32.9023451,-83.70776540000001,Georgia,Grady Memorial Hospital,Comprehensive Stroke Center,-84.38242,33.752320000000005,113.2807825,979,2018,"Census Tract 134.07, Bibb County, Georgia",13407,13,21,13021013407,5212,2352,2860,32.3,654,5034.0,0.0,211.0,2227.0,0.0,0.0,2596.0,101.0,135.0,2507.0,27798.0,5120.0,487.0,291.0,686.0,497.0,475.0,287.0,112.0,430.0,5197,4648,549,13,21,13407,1705.497382,121910.374,85
628,27733,28034,GA,13139000702,10.777999999999999,34.2661661,-83.70796170000001,Georgia,Emory University Hospital,Comprehensive Stroke Center,-84.32186,33.792320000000004,77.31049399,1883,2018,"Census Tract 7.02, Hall County, Georgia",702,13,139,13139000702,5179,2630,2549,30.6,438,4944.0,7.0,22.0,437.0,10.0,526.0,3942.0,176.0,2887.0,1692.0,21826.0,5120.0,459.0,321.0,811.0,389.0,448.0,193.0,92.0,137.0,5179,4037,1142,13,139,702,480.51586569999995,88351.90699999993,81
629,27735,28036,GA,13297110700,24.848000000000003,33.755180200000005,-83.70816140000001,Georgia,Emory University Hospital,Comprehensive Stroke Center,-84.32186,33.792320000000004,56.99526747,1016,2018,"Census Tract 1107, Walton County, Georgia",110700,13,297,13297110700,8320,4382,3938,38.9,1148,8138.0,0.0,0.0,1850.0,0.0,32.0,6256.0,84.0,209.0,6095.0,23265.0,7658.0,1212.0,438.0,1139.0,751.0,759.0,468.0,263.0,344.0,7838,6267,1571,13,297,110700,334.8358017,66943.67799999999,94
630,27736,28037,GA,13081010100,33.023,32.0061367,-83.70865429999999,Florida,Tallahassee Memorial Hospital,Comprehensive Stroke Center,-84.26194,30.45625,179.7436084,1650,2018,"Census Tract 101, Crisp County, Georgia",10100,13,81,13081010100,3971,1937,2034,40.7,862,3824.0,0.0,1.0,1327.0,0.0,27.0,2469.0,95.0,119.0,2419.0,16054.0,3765.0,814.0,531.0,519.0,492.0,244.0,150.0,18.0,89.0,3823,3105,718,13,81,10100,120.24952309999999,197630.04899999985,169
631,27739,28040,GA,13021012101,1.808,32.8672455,-83.7104126,Georgia,Grady Memorial Hospital,Comprehensive Stroke Center,-84.38242,33.752320000000005,116.41420009999999,977,2018,"Census Tract 121.01, Bibb County, Georgia",12101,13,21,13021012101,2576,1027,1549,31.9,370,2478.0,0.0,122.0,872.0,0.0,0.0,1484.0,91.0,155.0,1329.0,20022.0,2174.0,601.0,88.0,270.0,161.0,173.0,80.0,52.0,300.0,2576,2276,300,13,21,12101,1424.778761,124077.71499999998,91
632,27744,28045,GA,13013180206,2.7,34.020047,-83.7160751,Georgia,Emory University Hospital,Comprehensive Stroke Center,-84.32186,33.792320000000004,61.45753097,962,2018,"Census Tract 1802.06, Barrow County, Georgia",180206,13,13,13013180206,2905,1449,1456,37.2,328,2785.0,0.0,0.0,28.0,0.0,193.0,2564.0,71.0,249.0,2508.0,27288.0,2848.0,377.0,220.0,332.0,480.0,259.0,202.0,41.0,130.0,2905,2309,596,13,13,180206,1075.925926,68478.33699999998,87
633,27746,28047,GA,13013180204,5.817,33.9679563,-83.7177095,Georgia,Emory University Hospital,Comprehensive Stroke Center,-84.32186,33.792320000000004,59.19037006,960,2018,"Census Tract 1802.04, Barrow County, Georgia",180204,13,13,13013180204,2933,1219,1714,35.9,404,2845.0,70.0,38.0,1074.0,0.0,102.0,1561.0,85.0,496.0,1169.0,20120.0,2777.0,510.0,253.0,378.0,241.0,229.0,144.0,35.0,118.0,2796,2091,705,13,13,180204,504.21179299999994,67660.77399999998,101
634,27747,28048,GA,13153021202,8.506,32.4866561,-83.7177715,Georgia,Grady Memorial Hospital,Comprehensive Stroke Center,-84.38242,33.752320000000005,153.4639525,1565,2018,"Census Tract 212.02, Houston County, Georgia",21202,13,153,13153021202,5661,2639,3022,33.2,905,5388.0,0.0,14.0,1812.0,0.0,11.0,3551.0,121.0,149.0,3413.0,25660.0,5480.0,844.0,519.0,522.0,564.0,672.0,270.0,179.0,372.0,5650,5163,487,13,153,21202,665.530214,166005.4280000001,98
635,27750,28051,GA,13021013201,4.332,32.8287995,-83.71883259999998,Georgia,Grady Memorial Hospital,Comprehensive Stroke Center,-84.38242,33.752320000000005,119.6313942,1784,2018,"Census Tract 132.01, Bibb County, Georgia",13201,13,21,13021013201,6382,2866,3516,30.0,542,6211.0,0.0,53.0,5460.0,0.0,0.0,698.0,87.0,252.0,516.0,24029.0,6298.0,1029.0,447.0,507.0,777.0,686.0,278.0,45.0,96.0,6382,5588,794,13,21,13201,1473.22253,126090.759,85
636,27754,28055,GA,13159010200,57.527,33.411165999999994,-83.7217933,Georgia,Emory University Hospital,Comprehensive Stroke Center,-84.32186,33.792320000000004,69.92190539,1573,2018,"Census Tract 102, Jasper County, Georgia",10200,13,159,13159010200,2862,1388,1474,40.7,392,2779.0,8.0,0.0,136.0,0.0,99.0,2536.0,56.0,137.0,2498.0,22182.0,2835.0,423.0,246.0,383.0,223.0,231.0,153.0,62.0,131.0,2862,2436,426,13,159,10200,49.75055191,79375.67400000009,102
637,27755,28056,GA,13311950100,77.929,34.7380006,-83.7219387,Georgia,WellStar Kennestone Regional Medical Center,Comprehensive Stroke Center,-84.55109,33.969758,114.37293009999999,1346,2018,"Census Tract 9501, White County, Georgia",950100,13,311,13311950100,2352,1242,1110,58.5,897,2298.0,0.0,39.0,38.0,1.0,0.0,2220.0,47.0,0.0,2220.0,30754.0,2333.0,230.0,180.0,389.0,259.0,207.0,210.0,122.0,321.0,2352,2031,321,13,311,950100,30.18131889,131816.26199999996,173
638,27757,28058,GA,13021013411,6.932,32.9279788,-83.723857,Georgia,Grady Memorial Hospital,Comprehensive Stroke Center,-84.38242,33.752320000000005,110.0797896,983,2018,"Census Tract 134.11, Bibb County, Georgia",13411,13,21,13021013411,4104,1838,2266,33.4,432,3985.0,0.0,245.0,1058.0,0.0,40.0,2642.0,81.0,355.0,2347.0,45201.0,4066.0,443.0,159.0,265.0,321.0,457.0,320.0,158.0,964.0,4083,3858,225,13,21,13411,592.0369302,121446.254,78
639,27760,28061,GA,13297110100,48.068999999999996,33.8877829,-83.72684770000001,Georgia,Emory University Hospital,Comprehensive Stroke Center,-84.32186,33.792320000000004,56.08150027,1011,2018,"Census Tract 1101, Walton County, Georgia",110100,13,297,13297110100,9446,4705,4741,44.6,1747,9283.0,0.0,42.0,561.0,0.0,730.0,7950.0,74.0,652.0,7674.0,31867.0,9291.0,1100.0,692.0,916.0,905.0,1112.0,750.0,355.0,966.0,9446,8379,1067,13,297,110100,196.5091847,65040.16899999999,106
640,27764,28065,GA,13021013408,3.4619999999999997,32.9061383,-83.7280424,Georgia,Grady Memorial Hospital,Comprehensive Stroke Center,-84.38242,33.752320000000005,111.89117379999999,980,2018,"Census Tract 134.08, Bibb County, Georgia",13408,13,21,13021013408,4409,2078,2331,43.6,646,4296.0,33.0,278.0,886.0,0.0,0.0,3099.0,86.0,112.0,2987.0,46467.0,4382.0,231.0,254.0,289.0,358.0,512.0,402.0,153.0,957.0,4403,4136,267,13,21,13408,1273.541306,120889.85099999998,87
641,27765,28066,GA,13021013603,17.502,32.7607529,-83.7301667,Georgia,Grady Memorial Hospital,Comprehensive Stroke Center,-84.38242,33.752320000000005,125.65026129999998,986,2018,"Census Tract 136.03, Bibb County, Georgia",13603,13,21,13021013603,5064,2945,2119,40.5,445,4795.0,0.0,0.0,1434.0,0.0,0.0,3361.0,184.0,368.0,2999.0,30563.0,4005.0,665.0,283.0,320.0,237.0,418.0,337.0,157.0,351.0,4094,3673,421,13,21,13603,289.3383613,137732.5380000001,94
642,27768,28069,GA,13157010102,21.967,34.0889284,-83.7335429,Georgia,Emory University Hospital,Comprehensive Stroke Center,-84.32186,33.792320000000004,63.565706000000006,1567,2018,"Census Tract 101.02, Jackson County, Georgia",10102,13,157,13157010102,7210,3638,3572,41.0,1167,6801.0,9.0,204.0,171.0,3.0,33.0,6381.0,328.0,382.0,6027.0,30013.0,7123.0,750.0,637.0,824.0,572.0,680.0,454.0,178.0,978.0,7200,6625,575,13,157,10102,328.21960210000003,69959.03299999998,71
643,27770,28071,GA,13093970100,117.19,32.2290836,-83.73489359999999,Georgia,Grady Memorial Hospital,Comprehensive Stroke Center,-84.38242,33.752320000000005,179.4454462,1850,2018,"Census Tract 9701, Dooly County, Georgia",970100,13,93,13093970100,5099,3128,1971,43.8,927,5037.0,0.0,2.0,2498.0,0.0,183.0,2354.0,31.0,329.0,2214.0,21801.0,3822.0,654.0,383.0,666.0,483.0,307.0,282.0,61.0,170.0,3863,3319,544,13,93,970100,43.51053844,193794.35700000013,110
644,27771,28072,GA,13217100202,38.736999999999995,33.5909078,-83.73600019999999,Georgia,Emory University Hospital,Comprehensive Stroke Center,-84.32186,33.792320000000004,58.73372954,260,2018,"Census Tract 1002.02, Newton County, Georgia",100202,13,217,13217100202,5410,2549,2861,45.4,968,5339.0,0.0,0.0,244.0,0.0,26.0,5069.0,17.0,166.0,4903.0,37388.0,5351.0,548.0,289.0,679.0,377.0,495.0,476.0,298.0,815.0,5405,5076,329,13,217,100202,139.65975680000003,63724.464000000036,82
645,27773,28074,GA,13297110400,13.017000000000001,33.8216969,-83.7373362,Georgia,Emory University Hospital,Comprehensive Stroke Center,-84.32186,33.792320000000004,54.22084697,1013,2018,"Census Tract 1104, Walton County, Georgia",110400,13,297,13297110400,6515,2855,3660,32.7,679,6340.0,0.0,88.0,3130.0,0.0,92.0,3030.0,43.0,32.0,3009.0,21913.0,6135.0,788.0,798.0,736.0,783.0,528.0,327.0,40.0,103.0,6357,5359,998,13,297,110400,500.499347,62698.15500000003,119
646,27775,28076,GA,13321950400,170.083,31.4797339,-83.7398355,Florida,Tallahassee Memorial Hospital,Comprehensive Stroke Center,-84.26194,30.45625,123.95111969999999,1844,2018,"Census Tract 9504, Worth County, Georgia",950400,13,321,13321950400,4172,1970,2202,39.9,776,3971.0,0.0,0.0,914.0,0.0,0.0,3057.0,41.0,32.0,3025.0,22876.0,4012.0,640.0,437.0,538.0,423.0,368.0,215.0,132.0,183.0,4172,3379,793,13,321,950400,24.52920045,134465.51200000008,140
647,27776,28077,GA,13139000201,48.278999999999996,34.4340971,-83.7400205,Georgia,Emory University Hospital,Comprehensive Stroke Center,-84.32186,33.792320000000004,89.15988991,1027,2018,"Census Tract 2.01, Hall County, Georgia",201,13,139,13139000201,6123,3396,2727,36.8,751,6027.0,21.0,52.0,49.0,20.0,0.0,5885.0,0.0,1307.0,4613.0,25794.0,6027.0,441.0,402.0,1222.0,650.0,452.0,455.0,180.0,389.0,6105,5111,994,13,139,201,126.8253278,99224.24899999995,76
648,27780,28081,GA,13013180303,10.922,34.0419614,-83.7434344,Georgia,Emory University Hospital,Comprehensive Stroke Center,-84.32186,33.792320000000004,60.23184439,965,2018,"Census Tract 1803.03, Barrow County, Georgia",180303,13,13,13013180303,5845,2921,2924,33.2,618,5755.0,0.0,410.0,149.0,0.0,30.0,5166.0,35.0,717.0,4449.0,25910.0,5780.0,678.0,339.0,695.0,696.0,563.0,302.0,193.0,159.0,5845,4781,1064,13,13,180303,535.1583959,66184.82699999999,86
649,27782,28083,GA,13013180205,4.206,33.989684600000004,-83.74496009999999,Georgia,Emory University Hospital,Comprehensive Stroke Center,-84.32186,33.792320000000004,57.68042832,961,2018,"Census Tract 1802.05, Barrow County, Georgia",180205,13,13,13013180205,4404,2060,2344,35.2,631,4060.0,13.0,165.0,871.0,0.0,82.0,2929.0,293.0,334.0,2677.0,21948.0,4330.0,612.0,339.0,603.0,574.0,404.0,143.0,37.0,193.0,4404,3714,690,13,13,180205,1047.075606,64048.390000000014,93
650,27783,28084,GA,13021013410,9.874,32.8833081,-83.7479733,Georgia,Grady Memorial Hospital,Comprehensive Stroke Center,-84.38242,33.752320000000005,113.0465923,982,2018,"Census Tract 134.10, Bibb County, Georgia",13410,13,21,13021013410,5683,2756,2927,49.8,1655,5680.0,29.0,50.0,816.0,0.0,17.0,4768.0,3.0,0.0,4768.0,46282.0,5609.0,470.0,259.0,303.0,508.0,778.0,452.0,296.0,1116.0,5609,5472,137,13,21,13410,575.5519546,120605.844,79
651,27784,28085,GA,13225040101,19.14,32.5705626,-83.7481556,Georgia,Grady Memorial Hospital,Comprehensive Stroke Center,-84.38242,33.752320000000005,143.8001801,285,2018,"Census Tract 401.01, Peach County, Georgia",40101,13,225,13225040101,1606,782,824,43.7,209,1601.0,6.0,6.0,230.0,0.0,0.0,1359.0,5.0,40.0,1319.0,43304.0,1599.0,206.0,74.0,76.0,123.0,135.0,167.0,75.0,235.0,1590,1505,85,13,225,40101,83.90804598,155131.71700000012,95
652,27786,28087,GA,13013180503,8.899,33.926120399999995,-83.74886670000001,Georgia,Emory University Hospital,Comprehensive Stroke Center,-84.32186,33.792320000000004,55.06078724,970,2018,"Census Tract 1805.03, Barrow County, Georgia",180503,13,13,13013180503,5671,2575,3096,34.2,494,5565.0,0.0,147.0,858.0,0.0,153.0,4407.0,65.0,586.0,4028.0,33373.0,5630.0,552.0,370.0,451.0,527.0,517.0,572.0,280.0,367.0,5671,5165,506,13,13,180503,637.2626137999999,62367.60100000001,101
653,27790,28091,GA,13139001202,18.407,34.2250528,-83.75122009999998,Georgia,Emory University Hospital,Comprehensive Stroke Center,-84.32186,33.792320000000004,71.29244859999999,1889,2018,"Census Tract 12.02, Hall County, Georgia",1202,13,139,13139001202,6054,3004,3050,30.6,513,5865.0,51.0,249.0,521.0,0.0,214.0,4830.0,25.0,3151.0,1969.0,21282.0,5879.0,630.0,544.0,932.0,566.0,512.0,155.0,64.0,154.0,6054,4989,1065,13,139,1202,328.8966154,83475.03899999995,81
654,27792,28093,GA,13139000701,11.469000000000001,34.286890299999996,-83.752028,Georgia,Emory University Hospital,Comprehensive Stroke Center,-84.32186,33.792320000000004,76.01505955,1882,2018,"Census Tract 7.01, Hall County, Georgia",701,13,139,13139000701,7078,3468,3610,35.1,538,6894.0,0.0,34.0,2187.0,0.0,681.0,3992.0,146.0,3083.0,1682.0,21100.0,7020.0,912.0,513.0,1043.0,695.0,633.0,297.0,55.0,99.0,7078,4740,2338,13,139,701,617.1418607,85375.28499999995,75
655,27798,28099,GA,13071970600,79.434,31.0873618,-83.75371159999999,Florida,Tallahassee Memorial Hospital,Comprehensive Stroke Center,-84.26194,30.45625,85.22134428,884,2018,"Census Tract 9706, Colquitt County, Georgia",970600,13,71,13071970600,6379,3256,3123,35.6,683,6028.0,57.0,74.0,155.0,0.0,795.0,4947.0,97.0,1421.0,4394.0,24603.0,6040.0,617.0,692.0,717.0,605.0,322.0,291.0,95.0,665.0,6379,5017,1362,13,71,970600,80.30566256,92557.21800000001,97
656,27801,28102,GA,13071970701,16.045,31.135590899999997,-83.75625809999998,Florida,Tallahassee Memorial Hospital,Comprehensive Stroke Center,-84.26194,30.45625,89.52490062,1500,2018,"Census Tract 9707.01, Colquitt County, Georgia",970701,13,71,13071970701,6873,3206,3667,34.5,1239,6437.0,58.0,169.0,1931.0,0.0,97.0,4182.0,217.0,491.0,3968.0,21093.0,6441.0,741.0,554.0,1164.0,636.0,618.0,220.0,109.0,252.0,6699,5428,1271,13,71,970701,428.3577438,95236.44300000001,108
657,27804,28105,GA,13093970300,165.99400000000003,32.1044464,-83.759272,Alabama,Southeast Health,Comprehensive Stroke Center,-85.36301,31.21588,181.2173626,1849,2018,"Census Tract 9703, Dooly County, Georgia",970300,13,93,13093970300,6613,3294,3319,44.3,1216,6444.0,0.0,0.0,3251.0,0.0,209.0,2984.0,120.0,339.0,2854.0,19350.0,6529.0,1170.0,859.0,758.0,624.0,619.0,370.0,258.0,240.0,6593,5663,930,13,93,970300,39.83878935,207763.31600000005,179
658,27807,28108,GA,13081010400,6.82,31.9464943,-83.7618149,Florida,Tallahassee Memorial Hospital,Comprehensive Stroke Center,-84.26194,30.45625,171.9643958,1654,2018,"Census Tract 104, Crisp County, Georgia",10400,13,81,13081010400,6323,2792,3531,32.3,688,6192.0,0.0,202.0,3095.0,7.0,50.0,2838.0,86.0,199.0,2689.0,15408.0,6233.0,948.0,891.0,555.0,309.0,550.0,128.0,1.0,359.0,6323,5101,1222,13,81,10400,927.1260997000002,186514.5919999998,164
659,27809,28110,GA,13281960200,73.094,34.868866,-83.7651901,Tennessee,The University of Tennessee Medical Center,Comprehensive Stroke Center,-83.94502,35.94016,119.97510990000002,1348,2018,"Census Tract 9602, Towns County, Georgia",960200,13,281,13281960200,3121,1544,1577,56.3,1174,3056.0,0.0,30.0,0.0,0.0,0.0,3026.0,0.0,0.0,3026.0,23417.0,3056.0,498.0,355.0,506.0,349.0,428.0,173.0,45.0,193.0,3121,2833,288,13,281,960200,42.698443100000006,194466.62799999994,271
660,27810,28111,GA,13225040102,31.98,32.6482374,-83.7655583,Georgia,Grady Memorial Hospital,Comprehensive Stroke Center,-84.38242,33.752320000000005,135.286282,286,2018,"Census Tract 401.02, Peach County, Georgia",40102,13,225,13225040102,10667,4912,5755,42.8,1896,10538.0,26.0,192.0,2541.0,31.0,79.0,7669.0,113.0,253.0,7527.0,31289.0,10651.0,1175.0,984.0,1088.0,944.0,1422.0,1043.0,256.0,786.0,10595,9322,1273,13,225,40102,333.55222010000006,147811.40900000004,95
661,27813,28114,GA,13157010103,18.147000000000002,34.142557399999994,-83.7676734,Georgia,Emory University Hospital,Comprehensive Stroke Center,-84.32186,33.792320000000004,64.28447178,1568,2018,"Census Tract 101.03, Jackson County, Georgia",10103,13,157,13157010103,6363,3111,3252,37.1,809,6142.0,0.0,62.0,274.0,0.0,102.0,5704.0,181.0,600.0,5302.0,32249.0,6275.0,509.0,546.0,596.0,578.0,585.0,480.0,187.0,784.0,6363,5860,503,13,157,10103,350.6364688,71218.80399999999,62
662,27818,28119,GA,13217100201,53.341,33.512291499999996,-83.7720387,Georgia,Emory University Hospital,Comprehensive Stroke Center,-84.32186,33.792320000000004,59.7143333,259,2018,"Census Tract 1002.01, Newton County, Georgia",100201,13,217,13217100201,6618,3237,3381,36.3,906,6486.0,23.0,0.0,968.0,0.0,35.0,5460.0,11.0,128.0,5397.0,28419.0,6462.0,893.0,489.0,661.0,487.0,571.0,468.0,236.0,580.0,6590,6013,577,13,217,100201,124.06966499999999,64593.134000000035,90
663,27823,28124,GA,13071970702,1.3030000000000002,31.169762,-83.77670440000001,Florida,Tallahassee Memorial Hospital,Comprehensive Stroke Center,-84.26194,30.45625,91.72459001,1501,2018,"Census Tract 9707.02, Colquitt County, Georgia",970702,13,71,13071970702,2565,1251,1314,38.3,302,2535.0,7.0,1.0,1303.0,9.0,315.0,900.0,11.0,563.0,674.0,12414.0,2546.0,659.0,328.0,342.0,150.0,68.0,101.0,0.0,64.0,2565,2015,550,13,71,970702,1968.534152,96914.95800000001,119
664,27826,28127,GA,13275960400,68.25,30.9401436,-83.78024920000001,Florida,Tallahassee Memorial Hospital,Comprehensive Stroke Center,-84.26194,30.45625,70.76395088,1815,2018,"Census Tract 9604, Thomas County, Georgia",960400,13,275,13275960400,2372,1101,1271,41.9,419,2298.0,0.0,0.0,494.0,0.0,10.0,1794.0,28.0,90.0,1707.0,21784.0,2311.0,294.0,278.0,351.0,257.0,223.0,159.0,41.0,94.0,2372,1768,604,13,275,960400,34.75457875,75505.54200000004,82
665,27828,28129,GA,13013180501,10.312000000000001,33.9555895,-83.7805108,Georgia,Emory University Hospital,Comprehensive Stroke Center,-84.32186,33.792320000000004,53.25957984,968,2018,"Census Tract 1805.01, Barrow County, Georgia",180501,13,13,13013180501,6310,3457,2853,32.6,523,6117.0,0.0,200.0,641.0,0.0,303.0,4973.0,103.0,540.0,4713.0,35000.0,6146.0,592.0,370.0,439.0,559.0,785.0,633.0,178.0,364.0,6310,5668,642,13,13,180501,611.9084562,60149.243,100
666,27829,28130,GA,13153021300,30.726,32.4519598,-83.7811319,Georgia,Grady Memorial Hospital,Comprehensive Stroke Center,-84.38242,33.752320000000005,154.7541478,1208,2018,"Census Tract 213, Houston County, Georgia",21300,13,153,13153021300,3974,1824,2150,42.2,856,3848.0,0.0,144.0,1719.0,0.0,26.0,1959.0,84.0,27.0,1958.0,23208.0,3774.0,612.0,343.0,544.0,507.0,362.0,231.0,42.0,205.0,3820,3247,573,13,153,21300,129.33671809999998,168349.83900000015,104
667,27831,28132,GA,13139000600,11.004000000000001,34.3259493,-83.7827161,Georgia,Emory University Hospital,Comprehensive Stroke Center,-84.32186,33.792320000000004,77.33764759,1611,2018,"Census Tract 6, Hall County, Georgia",600,13,139,13139000600,5291,2153,3138,44.2,1282,5159.0,3.0,185.0,638.0,0.0,153.0,4180.0,132.0,1205.0,3193.0,26985.0,4940.0,552.0,491.0,654.0,753.0,472.0,462.0,81.0,272.0,4940,4178,762,13,139,600,480.8251545,81984.73699999995,58
668,27838,28139,GA,13013180107,7.416,34.014992299999996,-83.78958420000001,Georgia,Emory University Hospital,Comprehensive Stroke Center,-84.32186,33.792320000000004,55.07796751,957,2018,"Census Tract 1801.07, Barrow County, Georgia",180107,13,13,13013180107,4061,2127,1934,36.7,468,3944.0,0.0,427.0,53.0,0.0,99.0,3365.0,72.0,495.0,3014.0,24690.0,4010.0,507.0,362.0,571.0,500.0,439.0,222.0,45.0,196.0,4061,3082,979,13,13,180107,547.5997842999999,59639.420000000006,78
669,27840,28141,GA,13021013409,4.87,32.8782504,-83.79197190000001,Georgia,Grady Memorial Hospital,Comprehensive Stroke Center,-84.38242,33.752320000000005,111.4489548,981,2018,"Census Tract 134.09, Bibb County, Georgia",13409,13,21,13021013409,4132,2092,2040,34.7,632,4091.0,29.0,286.0,1485.0,0.0,203.0,2088.0,27.0,348.0,1986.0,29846.0,3918.0,420.0,256.0,356.0,534.0,526.0,220.0,62.0,392.0,3984,3700,284,13,21,13409,848.4599589,120856.69999999997,87
670,27845,28146,GA,13071970300,18.075,31.227007699999998,-83.79372140000001,Florida,Tallahassee Memorial Hospital,Comprehensive Stroke Center,-84.26194,30.45625,96.47836590000001,885,2018,"Census Tract 9703, Colquitt County, Georgia",970300,13,71,13071970300,5565,2808,2757,33.8,976,5565.0,0.0,0.0,3216.0,0.0,312.0,2037.0,0.0,617.0,1732.0,17488.0,5383.0,1039.0,415.0,807.0,519.0,300.0,48.0,13.0,171.0,5565,4236,1329,13,71,970300,307.88381739999994,103266.27500000001,123
671,27850,28151,GA,13297110602,34.434,33.7181055,-83.79556059999999,Georgia,Emory University Hospital,Comprehensive Stroke Center,-84.32186,33.792320000000004,49.45097020000001,1544,2018,"Census Tract 1106.02, Walton County, Georgia",110602,13,297,13297110602,5505,2721,2784,40.6,827,5369.0,0.0,124.0,122.0,0.0,0.0,5123.0,89.0,69.0,5098.0,33232.0,5458.0,704.0,274.0,484.0,339.0,555.0,436.0,168.0,584.0,5505,5198,307,13,297,110602,159.8710577,56356.943000000014,92
672,27852,28153,GA,13139001201,14.536,34.2281553,-83.79723680000001,Georgia,Emory University Hospital,Comprehensive Stroke Center,-84.32186,33.792320000000004,68.45154338,1888,2018,"Census Tract 12.01, Hall County, Georgia",1201,13,139,13139001201,7042,3784,3258,28.1,487,6940.0,0.0,60.0,561.0,0.0,233.0,6086.0,57.0,3882.0,2437.0,22155.0,6705.0,848.0,410.0,984.0,869.0,502.0,236.0,41.0,175.0,6750,4951,1799,13,139,1201,484.45239410000005,78037.56499999996,70
673,27853,28154,GA,13021013604,26.052,32.7730825,-83.79724279999999,Georgia,Grady Memorial Hospital,Comprehensive Stroke Center,-84.38242,33.752320000000005,121.5238612,987,2018,"Census Tract 136.04, Bibb County, Georgia",13604,13,21,13021013604,5252,2494,2758,43.3,1056,5118.0,0.0,0.0,1734.0,0.0,0.0,3384.0,100.0,182.0,3202.0,30750.0,5101.0,551.0,443.0,487.0,595.0,796.0,358.0,163.0,330.0,5236,4653,583,13,21,13604,201.5968064,133798.55100000006,94
674,27854,28155,GA,13275961100,107.37100000000001,30.743521,-83.7994187,Florida,Tallahassee Memorial Hospital,Comprehensive Stroke Center,-84.26194,30.45625,54.60516466,1824,2018,"Census Tract 9611, Thomas County, Georgia",961100,13,275,13275961100,2519,1140,1379,45.7,509,2487.0,0.0,0.0,1036.0,0.0,0.0,1451.0,14.0,180.0,1271.0,23138.0,2501.0,345.0,227.0,379.0,308.0,233.0,84.0,22.0,158.0,2519,2089,430,13,275,961100,23.46071099,62893.905999999944,72
675,27857,28158,GA,13071970800,2.524,31.1633109,-83.80011529999999,Florida,Tallahassee Memorial Hospital,Comprehensive Stroke Center,-84.26194,30.45625,89.98819376,880,2018,"Census Tract 9708, Colquitt County, Georgia",970800,13,71,13071970800,2941,1668,1273,33.7,246,2679.0,0.0,13.0,1063.0,0.0,331.0,1272.0,226.0,934.0,883.0,23750.0,2905.0,292.0,176.0,493.0,446.0,199.0,119.0,43.0,138.0,2941,2294,647,13,71,970800,1165.213946,96751.60900000001,120
676,27860,28161,GA,13013180108,7.82,33.976853999999996,-83.8023847,Georgia,Emory University Hospital,Comprehensive Stroke Center,-84.32186,33.792320000000004,52.23382344,958,2018,"Census Tract 1801.08, Barrow County, Georgia",180108,13,13,13013180108,2889,1416,1473,31.8,219,2730.0,10.0,84.0,249.0,0.0,14.0,2373.0,60.0,86.0,2287.0,26146.0,2790.0,346.0,258.0,251.0,262.0,314.0,218.0,61.0,154.0,2889,2339,550,13,13,180108,369.4373402,57060.48400000002,85
677,27861,28162,GA,13311950201,36.602,34.563655100000005,-83.8028277,Georgia,WellStar Kennestone Regional Medical Center,Comprehensive Stroke Center,-84.55109,33.969758,95.33481638,1549,2018,"Census Tract 9502.01, White County, Georgia",950201,13,311,13311950201,9327,4434,4893,37.3,1402,9139.0,116.0,34.0,269.0,0.0,71.0,8649.0,97.0,308.0,8412.0,20791.0,8880.0,1637.0,969.0,1304.0,803.0,726.0,452.0,249.0,453.0,9256,7775,1481,13,311,950201,254.8221409,107294.35799999998,142
678,27863,28164,GA,13297110503,7.499,33.826925200000005,-83.80417750000001,Georgia,Emory University Hospital,Comprehensive Stroke Center,-84.32186,33.792320000000004,48.08580429,1537,2018,"Census Tract 1105.03, Walton County, Georgia",110503,13,297,13297110503,3836,1912,1924,39.1,518,3724.0,0.0,45.0,273.0,0.0,58.0,3348.0,39.0,88.0,3273.0,37906.0,3763.0,457.0,113.0,309.0,288.0,410.0,361.0,192.0,416.0,3836,3593,243,13,297,110503,511.5348713,52527.49900000003,104
679,27865,28166,GA,13207050302,57.06399999999999,32.9817732,-83.8062902,Georgia,Grady Memorial Hospital,Comprehensive Stroke Center,-84.38242,33.752320000000005,100.88838359999998,203,2018,"Census Tract 503.02, Monroe County, Georgia",50302,13,207,13207050302,6620,3376,3244,38.5,920,6456.0,0.0,176.0,544.0,0.0,80.0,5656.0,53.0,112.0,5624.0,36780.0,6403.0,662.0,433.0,713.0,514.0,680.0,615.0,256.0,1033.0,6514,6221,293,13,207,50302,116.0100939,111721.95899999999,74
680,27867,28168,GA,13139000800,1.8419999999999999,34.29878370000001,-83.80796629999999,Georgia,Emory University Hospital,Comprehensive Stroke Center,-84.32186,33.792320000000004,73.53606655,1609,2018,"Census Tract 8, Hall County, Georgia",800,13,139,13139000800,4047,1761,2286,26.7,480,3894.0,6.0,54.0,1322.0,0.0,234.0,2278.0,87.0,1689.0,881.0,16639.0,3369.0,776.0,285.0,570.0,232.0,297.0,53.0,69.0,55.0,4033,2949,1084,13,139,800,2197.068404,78499.03599999996,69
681,27868,28169,GA,13013180103,11.758,34.079139500000004,-83.8083173,Georgia,Emory University Hospital,Comprehensive Stroke Center,-84.32186,33.792320000000004,57.15256768,953,2018,"Census Tract 1801.03, Barrow County, Georgia",180103,13,13,13013180103,5395,2624,2771,39.1,864,5347.0,32.0,316.0,379.0,0.0,91.0,4529.0,12.0,540.0,4066.0,35192.0,5299.0,656.0,312.0,451.0,347.0,414.0,366.0,272.0,724.0,5395,4860,535,13,13,180103,458.8365368,64976.77300000003,69
682,27869,28170,GA,13297110601,14.152000000000001,33.7788689,-83.8087537,Georgia,Emory University Hospital,Comprehensive Stroke Center,-84.32186,33.792320000000004,47.54534583,1543,2018,"Census Tract 1106.01, Walton County, Georgia",110601,13,297,13297110601,4820,2143,2677,43.6,655,4722.0,0.0,71.0,539.0,7.0,58.0,4047.0,44.0,160.0,3911.0,39365.0,4766.0,425.0,240.0,411.0,458.0,528.0,446.0,263.0,492.0,4820,4531,289,13,297,110601,340.5879028,55476.424999999996,99
683,27870,28171,GA,13021013605,7.644,32.872083399999994,-83.8098329,Georgia,Grady Memorial Hospital,Comprehensive Stroke Center,-84.38242,33.752320000000005,111.2385857,988,2018,"Census Tract 136.05, Bibb County, Georgia",13605,13,21,13021013605,5803,2827,2976,37.3,736,5482.0,0.0,53.0,2709.0,0.0,0.0,2720.0,286.0,122.0,2598.0,28521.0,5753.0,626.0,501.0,831.0,490.0,678.0,562.0,227.0,425.0,5803,5518,285,13,21,13605,759.1575092,122057.58699999998,83
684,27873,28174,GA,13139001302,8.343,34.17866179999999,-83.81321949999999,Georgia,Emory University Hospital,Comprehensive Stroke Center,-84.32186,33.792320000000004,63.60267148,1891,2018,"Census Tract 13.02, Hall County, Georgia",1302,13,139,13139001302,5365,2792,2573,39.8,775,5241.0,0.0,135.0,148.0,0.0,25.0,4933.0,83.0,772.0,4197.0,32312.0,5312.0,491.0,324.0,555.0,487.0,511.0,328.0,266.0,643.0,5365,4784,581,13,139,1302,643.0540573,74708.58599999997,84
685,27877,28178,GA,13139000203,24.162,34.478657500000004,-83.8147118,Georgia,WellStar Kennestone Regional Medical Center,Comprehensive Stroke Center,-84.55109,33.969758,88.26267292,338,2018,"Census Tract 2.03, Hall County, Georgia",203,13,139,13139000203,4170,2026,2144,45.2,890,4060.0,6.0,0.0,0.0,0.0,12.0,4042.0,20.0,78.0,3967.0,26926.0,4050.0,573.0,325.0,533.0,502.0,444.0,317.0,170.0,280.0,4170,3658,512,13,139,203,172.5850509,100576.17599999999,108
686,27878,28179,GA,13013180105,6.296,34.04053820000001,-83.81550209999999,Georgia,Emory University Hospital,Comprehensive Stroke Center,-84.32186,33.792320000000004,54.31998252,955,2018,"Census Tract 1801.05, Barrow County, Georgia",180105,13,13,13013180105,2785,1416,1369,37.8,289,2667.0,0.0,259.0,94.0,0.0,44.0,2270.0,97.0,236.0,2119.0,32012.0,2755.0,318.0,128.0,300.0,263.0,325.0,247.0,93.0,192.0,2785,2275,510,13,13,180105,442.3443456,58729.77900000002,77
687,27883,28184,GA,13021013606,28.218000000000004,32.8310216,-83.8204855,Georgia,Grady Memorial Hospital,Comprehensive Stroke Center,-84.38242,33.752320000000005,114.8058653,989,2018,"Census Tract 136.06, Bibb County, Georgia",13606,13,21,13021013606,5984,2588,3396,50.7,998,5857.0,0.0,260.0,1853.0,0.0,0.0,3744.0,0.0,25.0,3719.0,32951.0,5808.0,793.0,467.0,531.0,739.0,680.0,438.0,183.0,906.0,5984,5516,468,13,21,13606,212.0632221,124926.06199999999,96
688,27890,28191,GA,13225040200,50.242,32.5580892,-83.82422,Georgia,Grady Memorial Hospital,Comprehensive Stroke Center,-84.38242,33.752320000000005,142.31715459999998,1678,2018,"Census Tract 402, Peach County, Georgia",40200,13,225,13225040200,4402,2303,2099,35.2,544,4368.0,0.0,0.0,2025.0,0.0,710.0,1633.0,18.0,984.0,1359.0,16692.0,4386.0,830.0,412.0,562.0,216.0,227.0,214.0,163.0,216.0,4385,3622,763,13,225,40200,87.61593886,157836.07300000012,110
689,27895,28196,GA,13217100300,13.318,33.5794198,-83.82893680000001,Georgia,Emory University Hospital,Comprehensive Stroke Center,-84.32186,33.792320000000004,51.44528641,868,2018,"Census Tract 1003, Newton County, Georgia",100300,13,217,13217100300,9870,4375,5495,32.8,1225,9407.0,0.0,48.0,4178.0,0.0,0.0,5181.0,319.0,602.0,4627.0,24552.0,9720.0,1288.0,813.0,1143.0,738.0,916.0,434.0,232.0,823.0,9864,8655,1209,13,217,100300,741.1022676,56144.64400000004,93
690,27900,28201,GA,13139000500,6.675,34.352899799999996,-83.83205809999998,Georgia,Emory University Hospital,Comprehensive Stroke Center,-84.32186,33.792320000000004,76.88046206,1608,2018,"Census Tract 5, Hall County, Georgia",500,13,139,13139000500,7835,3660,4175,38.5,1266,7750.0,0.0,99.0,695.0,0.0,0.0,6956.0,85.0,1307.0,5649.0,30181.0,7835.0,819.0,451.0,1122.0,786.0,608.0,709.0,361.0,846.0,7835,6802,1033,13,139,500,1173.782772,85272.88999999994,83
691,27904,28205,GA,13139000900,2.698,34.3105542,-83.8335506,Georgia,Emory University Hospital,Comprehensive Stroke Center,-84.32186,33.792320000000004,73.05527934,1614,2018,"Census Tract 9, Hall County, Georgia",900,13,139,13139000900,5934,2806,3128,35.4,944,5602.0,0.0,19.0,645.0,0.0,83.0,4855.0,264.0,1286.0,3852.0,32255.0,5798.0,412.0,358.0,680.0,650.0,581.0,503.0,165.0,689.0,5934,5348,586,13,139,900,2199.406968,79084.84099999996,77
692,27906,28207,GA,13013180104,3.17,34.00580789999999,-83.8339347,Georgia,Emory University Hospital,Comprehensive Stroke Center,-84.32186,33.792320000000004,50.96538223,954,2018,"Census Tract 1801.04, Barrow County, Georgia",180104,13,13,13013180104,1906,966,940,35.1,201,1768.0,0.0,24.0,287.0,0.0,48.0,1409.0,113.0,150.0,1307.0,25043.0,1881.0,300.0,110.0,192.0,198.0,252.0,66.0,31.0,57.0,1906,1535,371,13,13,180104,601.2618297,56091.597000000016,88
693,27908,28209,GA,13139001101,1.568,34.2842334,-83.8350468,Georgia,Emory University Hospital,Comprehensive Stroke Center,-84.32186,33.792320000000004,70.69734464,1886,2018,"Census Tract 11.01, Hall County, Georgia",1101,13,139,13139001101,5724,3494,2230,26.0,257,5522.0,62.0,0.0,372.0,0.0,722.0,4366.0,119.0,4917.0,371.0,18698.0,5578.0,601.0,475.0,985.0,588.0,171.0,194.0,60.0,31.0,5661,3132,2529,13,139,1101,3650.5102039999997,75833.45299999995,64
694,27910,28211,GA,13139000204,15.460999999999999,34.409035700000004,-83.8363425,Georgia,Emory University Hospital,Comprehensive Stroke Center,-84.32186,33.792320000000004,81.77328417,1878,2018,"Census Tract 2.04, Hall County, Georgia",204,13,139,13139000204,4130,1993,2137,43.1,637,4038.0,0.0,56.0,83.0,0.0,53.0,3846.0,71.0,341.0,3558.0,33299.0,4109.0,406.0,404.0,383.0,305.0,377.0,389.0,68.0,615.0,4130,3883,247,13,139,204,267.1237307,94479.72799999994,93
695,27913,28214,GA,13311950203,59.048,34.679348499999996,-83.8371598,Georgia,WellStar Kennestone Regional Medical Center,Comprehensive Stroke Center,-84.55109,33.969758,102.5317232,1551,2018,"Census Tract 9502.03, White County, Georgia",950203,13,311,13311950203,5434,2612,2822,53.5,1642,5381.0,0.0,21.0,41.0,0.0,295.0,5024.0,13.0,158.0,4866.0,26941.0,5328.0,735.0,429.0,705.0,793.0,563.0,402.0,213.0,308.0,5344,4796,548,13,311,950203,92.02682563,118272.884,154
696,27916,28217,GA,13139001301,12.093,34.2294701,-83.84054609999998,Georgia,Emory University Hospital,Comprehensive Stroke Center,-84.32186,33.792320000000004,65.78726115,1890,2018,"Census Tract 13.01, Hall County, Georgia",1301,13,139,13139001301,7259,3782,3477,34.2,727,6875.0,77.0,370.0,501.0,0.0,401.0,5526.0,188.0,2596.0,3424.0,26988.0,7063.0,535.0,446.0,1143.0,599.0,751.0,448.0,162.0,506.0,7259,5625,1634,13,139,1301,600.2646159,71407.09,69
697,27920,28221,GA,13013180106,4.774,34.023731899999994,-83.84240340000001,Georgia,Emory University Hospital,Comprehensive Stroke Center,-84.32186,33.792320000000004,51.23557687,956,2018,"Census Tract 1801.06, Barrow County, Georgia",180106,13,13,13013180106,2689,1296,1393,35.9,312,2616.0,0.0,21.0,371.0,0.0,8.0,2216.0,51.0,207.0,2131.0,27985.0,2667.0,294.0,200.0,365.0,291.0,300.0,170.0,123.0,139.0,2689,2291,398,13,13,180106,563.2593212999999,56605.33400000001,85
698,27922,28223,GA,13297110505,8.978,33.867832799999995,-83.844188,Georgia,Emory University Hospital,Comprehensive Stroke Center,-84.32186,33.792320000000004,45.00355606,1539,2018,"Census Tract 1105.05, Walton County, Georgia",110505,13,297,13297110505,4510,2308,2202,37.6,448,4390.0,65.0,0.0,685.0,10.0,22.0,3608.0,79.0,120.0,3520.0,34124.0,4462.0,271.0,266.0,446.0,513.0,522.0,329.0,73.0,504.0,4510,4056,454,13,297,110505,502.339051,52665.02500000003,119
699,27923,28224,GA,13297110508,8.517000000000001,33.811335299999996,-83.84473790000001,Georgia,Emory University Hospital,Comprehensive Stroke Center,-84.32186,33.792320000000004,44.2311949,1542,2018,"Census Tract 1105.08, Walton County, Georgia",110508,13,297,13297110508,5507,2581,2926,39.4,1138,5444.0,0.0,104.0,581.0,0.0,0.0,4759.0,16.0,369.0,4448.0,30765.0,5438.0,482.0,374.0,530.0,618.0,551.0,334.0,153.0,509.0,5507,5067,440,13,297,110508,646.5891746,50246.14800000003,103
700,27926,28227,GA,13139001603,13.432,34.165313,-83.8473567,Georgia,Emory University Hospital,Comprehensive Stroke Center,-84.32186,33.792320000000004,60.285512100000005,1610,2018,"Census Tract 16.03, Hall County, Georgia",1603,13,139,13139001603,5504,2608,2896,37.7,598,5281.0,0.0,159.0,274.0,0.0,138.0,4710.0,162.0,825.0,4023.0,32569.0,5421.0,549.0,200.0,624.0,431.0,432.0,396.0,162.0,637.0,5498,4652,846,13,139,1603,409.7677189,69371.25099999999,71
701,27931,28232,GA,13139001003,2.18,34.2885249,-83.8537311,Georgia,Emory University Hospital,Comprehensive Stroke Center,-84.32186,33.792320000000004,69.98608603,1884,2018,"Census Tract 10.03, Hall County, Georgia",1003,13,139,13139001003,8023,3920,4103,24.7,301,7801.0,0.0,20.0,804.0,0.0,489.0,6488.0,121.0,6186.0,979.0,21095.0,7823.0,555.0,572.0,1518.0,590.0,596.0,153.0,37.0,47.0,8023,4766,3257,13,139,1003,3680.275229,75490.76699999992,75
702,27932,28233,GA,13207050102,97.302,33.0928896,-83.8541616,Georgia,Grady Memorial Hospital,Comprehensive Stroke Center,-84.38242,33.752320000000005,88.10811906,201,2018,"Census Tract 501.02, Monroe County, Georgia",50102,13,207,13207050102,4223,2254,1969,43.0,856,4165.0,22.0,0.0,1334.0,0.0,21.0,2788.0,45.0,304.0,2492.0,21425.0,4144.0,646.0,395.0,465.0,297.0,528.0,171.0,53.0,176.0,4157,3437,720,13,207,50102,43.40095784,99465.10500000007,78
703,27933,28234,GA,13081010201,77.455,31.891284499999998,-83.8548337,Alabama,Southeast Health,Comprehensive Stroke Center,-85.36301,31.21588,161.59583940000002,1651,2018,"Census Tract 102.01, Crisp County, Georgia",10201,13,81,13081010201,4693,2336,2357,40.9,832,4530.0,0.0,17.0,2355.0,0.0,0.0,2158.0,136.0,6.0,2152.0,21024.0,4404.0,661.0,744.0,422.0,446.0,592.0,163.0,64.0,115.0,4431,3874,557,13,81,10201,60.59002001,184045.2680000001,171
704,27935,28236,GA,13139001102,2.16,34.264958899999996,-83.85665340000001,Georgia,Emory University Hospital,Comprehensive Stroke Center,-84.32186,33.792320000000004,67.78183641,1887,2018,"Census Tract 11.02, Hall County, Georgia",1102,13,139,13139001102,4295,2134,2161,31.0,386,4059.0,20.0,247.0,79.0,0.0,356.0,3357.0,184.0,3215.0,702.0,23680.0,4243.0,318.0,331.0,718.0,554.0,341.0,208.0,22.0,110.0,4277,3168,1109,13,139,1102,1988.4259260000001,73421.02699999997,73
705,27936,28237,GA,13291000203,61.001999999999995,34.799864299999996,-83.8579903,Georgia,WellStar Kennestone Regional Medical Center,Comprehensive Stroke Center,-84.55109,33.969758,111.99162759999999,1195,2018,"Census Tract 2.03, Union County, Georgia",203,13,291,13291000203,2272,1038,1234,58.2,710,2244.0,0.0,14.0,26.0,0.0,0.0,2204.0,8.0,3.0,2201.0,26409.0,2252.0,340.0,252.0,263.0,204.0,321.0,161.0,62.0,169.0,2272,2118,154,13,291,203,37.2446805,139878.24399999995,169
706,27941,28243,GA,13225040400,21.497,32.4937605,-83.86240550000001,Georgia,Grady Memorial Hospital,Comprehensive Stroke Center,-84.38242,33.752320000000005,147.77753959999998,1676,2018,"Census Tract 404, Peach County, Georgia",40400,13,225,13225040400,5428,2628,2800,22.2,754,5365.0,0.0,54.0,4644.0,0.0,9.0,658.0,25.0,29.0,644.0,18632.0,3525.0,1117.0,265.0,526.0,356.0,366.0,164.0,27.0,228.0,5428,4759,669,13,225,40400,252.5003489,159763.72100000017,115
707,27942,28244,GA,13139001608,6.2379999999999995,34.127041,-83.8636662,Georgia,Emory University Hospital,Comprehensive Stroke Center,-84.32186,33.792320000000004,56.32044267,1937,2018,"Census Tract 16.08, Hall County, Georgia",1608,13,139,13139001608,6337,3025,3312,47.6,1920,6216.0,0.0,37.0,141.0,0.0,19.0,6019.0,92.0,196.0,5842.0,43638.0,6294.0,543.0,261.0,457.0,570.0,687.0,434.0,407.0,1192.0,6323,6065,258,13,139,1608,1015.8704710000001,62421.373999999996,73
708,27945,28247,GA,13217100700,5.9110000000000005,33.561941,-83.8645761,Georgia,Emory University Hospital,Comprehensive Stroke Center,-84.32186,33.792320000000004,49.50902557,866,2018,"Census Tract 1007, Newton County, Georgia",100700,13,217,13217100700,6536,3287,3249,30.8,740,6371.0,0.0,45.0,3926.0,0.0,279.0,2121.0,52.0,716.0,1984.0,17634.0,6374.0,1312.0,537.0,831.0,626.0,393.0,266.0,79.0,182.0,6526,5758,768,13,217,100700,1105.73507,55069.21100000004,82
709,27947,28249,GA,13135050608,33.16,33.9488348,-83.8698801,Georgia,Emory University Hospital,Comprehensive Stroke Center,-84.32186,33.792320000000004,45.27956271,315,2018,"Census Tract 506.08, Gwinnett County, Georgia",50608,13,135,13135050608,20000,9245,10755,33.9,1679,19089.0,0.0,370.0,5299.0,0.0,776.0,12644.0,693.0,2542.0,11075.0,29947.0,19760.0,2484.0,1312.0,1731.0,1629.0,1829.0,1640.0,464.0,2081.0,19948,17342,2606,13,135,50608,603.1363087999999,52339.82300000002,87
710,27954,28256,GA,13217100400,4.195,33.614335,-83.8725984,Georgia,Emory University Hospital,Comprehensive Stroke Center,-84.32186,33.792320000000004,46.09051032,1800,2018,"Census Tract 1004, Newton County, Georgia",100400,13,217,13217100400,3337,1604,1733,29.6,630,3242.0,0.0,110.0,1194.0,0.0,11.0,1927.0,46.0,203.0,1753.0,17221.0,2669.0,650.0,296.0,475.0,177.0,325.0,129.0,69.0,82.0,3118,2601,517,13,217,100400,795.4707986000001,50551.126000000026,78
711,27956,28258,GA,13135050609,11.446,34.093299200000004,-83.8739185,Georgia,Emory University Hospital,Comprehensive Stroke Center,-84.32186,33.792320000000004,53.19203893,316,2018,"Census Tract 506.09, Gwinnett County, Georgia",50609,13,135,13135050609,14027,6827,7200,33.9,1141,13071.0,14.0,489.0,2317.0,0.0,501.0,9750.0,600.0,1169.0,9135.0,39041.0,13671.0,1756.0,567.0,719.0,734.0,1024.0,880.0,351.0,2207.0,14027,12280,1747,13,135,50609,1225.493622,61804.25,75
712,27958,28260,GA,13281960100,31.627,34.9465734,-83.8740885,Tennessee,The University of Tennessee Medical Center,Comprehensive Stroke Center,-83.94502,35.94016,110.4251106,1350,2018,"Census Tract 9601, Towns County, Georgia",960100,13,281,13281960100,4487,2208,2279,41.9,1266,4381.0,46.0,0.0,113.0,0.0,58.0,4164.0,57.0,127.0,4095.0,15272.0,3730.0,1091.0,604.0,506.0,444.0,298.0,275.0,31.0,171.0,4442,3939,503,13,281,960100,141.87245080000002,170246.6879999999,216
713,27959,28261,GA,13139001403,4.265,34.2421794,-83.87494079999999,Georgia,Emory University Hospital,Comprehensive Stroke Center,-84.32186,33.792320000000004,64.76111794,1892,2018,"Census Tract 14.03, Hall County, Georgia",1403,13,139,13139001403,4433,2038,2395,33.9,711,4136.0,0.0,108.0,512.0,0.0,152.0,3364.0,225.0,1374.0,2158.0,27684.0,4335.0,474.0,320.0,597.0,575.0,525.0,325.0,84.0,174.0,4433,3370,1063,13,139,1403,1039.390387,70761.78799999999,70
714,27960,28262,GA,13081010202,40.477,31.997709399999998,-83.8756608,Alabama,Southeast Health,Comprehensive Stroke Center,-85.36301,31.21588,165.6344451,1652,2018,"Census Tract 102.02, Crisp County, Georgia",10202,13,81,13081010202,2895,1295,1600,42.6,599,2863.0,0.0,0.0,1788.0,0.0,8.0,1067.0,25.0,25.0,1042.0,18731.0,2888.0,631.0,216.0,422.0,188.0,283.0,69.0,0.0,183.0,2895,2381,514,13,81,10202,71.52209897,190166.8120000001,166
715,27961,28263,GA,13217100100,46.453,33.6660206,-83.8756944,Georgia,Emory University Hospital,Comprehensive Stroke Center,-84.32186,33.792320000000004,43.65780898,867,2018,"Census Tract 1001, Newton County, Georgia",100100,13,217,13217100100,11422,5746,5676,43.7,2148,10926.0,8.0,176.0,3327.0,0.0,0.0,7415.0,257.0,193.0,7248.0,27415.0,10668.0,1037.0,1077.0,1598.0,769.0,1022.0,650.0,371.0,1296.0,10818,9347,1471,13,217,100100,245.88293540000004,50514.93100000001,86
716,27962,28264,GA,13139001004,1.974,34.30211129999999,-83.87665229999999,Georgia,Emory University Hospital,Comprehensive Stroke Center,-84.32186,33.792320000000004,69.91031669,1885,2018,"Census Tract 10.04, Hall County, Georgia",1004,13,139,13139001004,3080,1498,1582,31.4,417,2828.0,6.0,78.0,402.0,0.0,35.0,2307.0,219.0,599.0,1708.0,30673.0,3047.0,354.0,244.0,352.0,548.0,371.0,234.0,90.0,170.0,3080,2614,466,13,139,1004,1560.283688,76349.38899999992,80
717,27964,28266,GA,13275960300,55.208,30.9826875,-83.8778142,Florida,Tallahassee Memorial Hospital,Comprehensive Stroke Center,-84.26194,30.45625,68.99240056,1819,2018,"Census Tract 9603, Thomas County, Georgia",960300,13,275,13275960300,2247,1150,1097,41.4,350,2189.0,51.0,0.0,508.0,0.0,14.0,1616.0,15.0,83.0,1547.0,23571.0,2204.0,248.0,216.0,307.0,222.0,231.0,129.0,38.0,79.0,2247,1986,261,13,275,960300,40.7006231,73295.80000000002,91
718,27966,28268,GA,13217100800,48.714,33.460769899999995,-83.87827390000001,Georgia,Emory University Hospital,Comprehensive Stroke Center,-84.32186,33.792320000000004,55.19411163,865,2018,"Census Tract 1008, Newton County, Georgia",100800,13,217,13217100800,10533,5043,5490,34.8,1194,9943.0,0.0,22.0,2393.0,0.0,1.0,7527.0,493.0,279.0,7278.0,25317.0,10384.0,1401.0,615.0,1252.0,923.0,808.0,763.0,291.0,557.0,10533,9018,1515,13,217,100800,216.22120950000001,61360.15099999999,98
719,27968,28270,GA,13139000400,7.162999999999999,34.3416194,-83.8787322,Georgia,Emory University Hospital,Comprehensive Stroke Center,-84.32186,33.792320000000004,73.38783538,1613,2018,"Census Tract 4, Hall County, Georgia",400,13,139,13139000400,6034,2616,3418,42.5,1072,5903.0,0.0,91.0,452.0,0.0,0.0,5360.0,58.0,1297.0,4063.0,30778.0,5961.0,550.0,411.0,746.0,508.0,660.0,450.0,209.0,785.0,6034,5419,615,13,139,400,842.3844757999999,86485.07800000002,110
720,27971,28273,GA,13297110504,5.233,33.8447857,-83.8801225,Georgia,Emory University Hospital,Comprehensive Stroke Center,-84.32186,33.792320000000004,41.30832671,1538,2018,"Census Tract 1105.04, Walton County, Georgia",110504,13,297,13297110504,5219,2574,2645,34.3,744,5081.0,0.0,143.0,480.0,0.0,206.0,4252.0,116.0,680.0,3695.0,28164.0,5163.0,490.0,347.0,532.0,547.0,622.0,286.0,98.0,303.0,5171,4625,546,13,297,110504,997.3246704,45583.807000000015,114
721,27972,28274,GA,13297110603,11.613,33.7440845,-83.8813045,Georgia,Emory University Hospital,Comprehensive Stroke Center,-84.32186,33.792320000000004,41.16001479,1545,2018,"Census Tract 1106.03, Walton County, Georgia",110603,13,297,13297110603,4984,2492,2492,36.8,631,4854.0,0.0,103.0,221.0,0.0,142.0,4388.0,76.0,255.0,4275.0,25514.0,4930.0,655.0,430.0,571.0,442.0,499.0,352.0,144.0,293.0,4984,4234,750,13,297,110603,429.17420130000005,49796.78400000002,83
722,27975,28277,GA,13321950200,63.922,31.5900678,-83.8835889,Florida,Tallahassee Memorial Hospital,Comprehensive Stroke Center,-84.26194,30.45625,130.7937862,1848,2018,"Census Tract 9502, Worth County, Georgia",950200,13,321,13321950200,7253,3380,3873,32.0,1166,7209.0,73.0,0.0,2204.0,0.0,0.0,4932.0,0.0,3.0,4929.0,25533.0,7083.0,835.0,784.0,732.0,537.0,770.0,409.0,281.0,449.0,7127,6187,940,13,321,950200,113.4664122,145698.06200000006,152
723,27977,28279,GA,13135050610,12.627,34.0426001,-83.88533000000001,Georgia,Emory University Hospital,Comprehensive Stroke Center,-84.32186,33.792320000000004,48.99215904,317,2018,"Census Tract 506.10, Gwinnett County, Georgia",50610,13,135,13135050610,17307,8486,8821,38.5,1646,16789.0,51.0,1187.0,3187.0,0.0,94.0,12270.0,494.0,1313.0,11215.0,45785.0,17283.0,1522.0,823.0,1175.0,897.0,1332.0,1128.0,582.0,3320.0,17307,16376,931,13,135,50610,1370.6343550000001,53690.549000000035,87
724,27978,28280,GA,13035150100,86.45,33.3108755,-83.8855166,Georgia,Emory University Hospital,Comprehensive Stroke Center,-84.32186,33.792320000000004,67.0333916,13,2018,"Census Tract 1501, Butts County, Georgia",150100,13,35,13035150100,8252,3947,4305,40.5,1424,8143.0,0.0,35.0,720.0,60.0,0.0,7328.0,57.0,264.0,7170.0,26592.0,8191.0,1194.0,812.0,848.0,823.0,810.0,629.0,122.0,605.0,8252,7259,993,13,35,150100,95.45401966,81000.90300000002,113
725,27979,28281,GA,13139001404,7.072,34.210029600000006,-83.8855597,Georgia,Emory University Hospital,Comprehensive Stroke Center,-84.32186,33.792320000000004,61.41181429,1893,2018,"Census Tract 14.04, Hall County, Georgia",1404,13,139,13139001404,5372,2780,2592,33.2,584,5091.0,0.0,57.0,548.0,5.0,361.0,4120.0,231.0,1596.0,3056.0,26368.0,5279.0,721.0,299.0,617.0,685.0,631.0,321.0,103.0,211.0,5372,4302,1070,13,139,1404,759.6153846,65452.37399999993,63
726,27983,28285,GA,13217100600,11.235,33.5514224,-83.8899947,Georgia,Emory University Hospital,Comprehensive Stroke Center,-84.32186,33.792320000000004,48.14530035,864,2018,"Census Tract 1006, Newton County, Georgia",100600,13,217,13217100600,6156,2803,3353,38.2,700,5687.0,17.0,110.0,2895.0,0.0,12.0,2653.0,375.0,255.0,2482.0,23226.0,6024.0,922.0,575.0,616.0,604.0,723.0,300.0,69.0,241.0,6156,5100,1056,13,217,100600,547.9305741000001,52524.77900000004,79
727,27984,28286,GA,13079070201,87.051,32.7256566,-83.89012690000001,Georgia,Grady Memorial Hospital,Comprehensive Stroke Center,-84.38242,33.752320000000005,122.76184359999999,1009,2018,"Census Tract 702.01, Crawford County, Georgia",70201,13,79,13079070201,5452,2901,2551,47.6,1021,5343.0,0.0,0.0,288.0,0.0,17.0,5038.0,61.0,87.0,4994.0,25822.0,5404.0,876.0,381.0,667.0,655.0,667.0,340.0,138.0,266.0,5429,4893,536,13,79,70201,62.62995256,136415.5680000001,98
728,27985,28287,GA,13321950600,99.916,31.382339399999996,-83.89020490000001,Florida,Tallahassee Memorial Hospital,Comprehensive Stroke Center,-84.26194,30.45625,108.64795009999999,1847,2018,"Census Tract 9506, Worth County, Georgia",950600,13,321,13321950600,1992,1149,843,50.8,496,1992.0,4.0,0.0,172.0,0.0,12.0,1804.0,0.0,112.0,1704.0,28526.0,1992.0,149.0,211.0,297.0,205.0,258.0,219.0,38.0,103.0,1992,1668,324,13,321,950600,19.93674687,121819.06800000001,132
729,27986,28288,GA,13139000303,10.495999999999999,34.4377292,-83.8927751,Georgia,WellStar Kennestone Regional Medical Center,Comprehensive Stroke Center,-84.55109,33.969758,79.84850485,1879,2018,"Census Tract 3.03, Hall County, Georgia",303,13,139,13139000303,2532,1143,1389,47.4,832,2515.0,0.0,44.0,0.0,0.0,162.0,2309.0,0.0,162.0,2309.0,39375.0,2488.0,199.0,113.0,316.0,178.0,196.0,201.0,96.0,492.0,2505,2442,63,13,139,303,241.23475609999997,90917.58199999997,118
730,27989,28291,GA,13297110507,11.215,33.796768,-83.8951252,Georgia,Emory University Hospital,Comprehensive Stroke Center,-84.32186,33.792320000000004,39.5215155,1541,2018,"Census Tract 1105.07, Walton County, Georgia",110507,13,297,13297110507,8060,3649,4411,37.7,1156,7514.0,0.0,140.0,1463.0,0.0,0.0,5911.0,421.0,312.0,5599.0,31213.0,7884.0,832.0,496.0,695.0,814.0,723.0,849.0,184.0,541.0,7990,7243,747,13,297,110507,718.6803388,48032.553000000014,94
731,27996,28298,GA,13135050726,12.065999999999999,33.8864735,-83.8976037,Georgia,Emory University Hospital,Comprehensive Stroke Center,-84.32186,33.792320000000004,40.63339671,322,2018,"Census Tract 507.26, Gwinnett County, Georgia",50726,13,135,13135050726,9743,5080,4663,36.7,1031,9676.0,52.0,339.0,2831.0,0.0,72.0,6382.0,0.0,909.0,5545.0,31429.0,9676.0,1128.0,542.0,884.0,817.0,1047.0,610.0,266.0,1004.0,9743,8627,1116,13,135,50726,807.4755511,44633.86700000002,100
732,28001,28303,GA,13139001604,5.559,34.157265100000004,-83.9013077,Georgia,Emory University Hospital,Comprehensive Stroke Center,-84.32186,33.792320000000004,56.11656325,1933,2018,"Census Tract 16.04, Hall County, Georgia",1604,13,139,13139001604,7728,3878,3850,36.4,740,7318.0,10.0,144.0,423.0,0.0,96.0,6645.0,342.0,863.0,5878.0,34427.0,7660.0,725.0,487.0,929.0,493.0,732.0,671.0,240.0,930.0,7728,6832,896,13,139,1604,1390.17809,62502.018,65
733,28003,28305,GA,13225040301,12.344000000000001,32.5719945,-83.90276379999999,Georgia,Grady Memorial Hospital,Comprehensive Stroke Center,-84.38242,33.752320000000005,138.34153080000002,1679,2018,"Census Tract 403.01, Peach County, Georgia",40301,13,225,13225040301,2855,1403,1452,34.5,408,2667.0,0.0,19.0,1204.0,0.0,225.0,1219.0,156.0,650.0,927.0,23761.0,2823.0,317.0,214.0,458.0,284.0,273.0,203.0,25.0,91.0,2855,2487,368,13,225,40301,231.286455,149875.75899999996,113
734,28006,28308,GA,13139001605,6.537000000000001,34.123910200000005,-83.9041433,Georgia,Emory University Hospital,Comprehensive Stroke Center,-84.32186,33.792320000000004,53.32444352,1934,2018,"Census Tract 16.05, Hall County, Georgia",1605,13,139,13139001605,5186,2556,2630,38.7,612,4943.0,11.0,83.0,267.0,0.0,95.0,4487.0,72.0,628.0,3997.0,36931.0,5015.0,647.0,437.0,298.0,294.0,646.0,304.0,182.0,717.0,5181,4673,508,13,139,1605,793.3302738,61359.12500000001,66
735,28007,28309,GA,13071970200,68.219,31.291081,-83.904598,Florida,Tallahassee Memorial Hospital,Comprehensive Stroke Center,-84.26194,30.45625,98.66223213,882,2018,"Census Tract 9702, Colquitt County, Georgia",970200,13,71,13071970200,2661,1169,1492,37.4,482,2586.0,0.0,0.0,593.0,0.0,54.0,1939.0,44.0,59.0,1926.0,23261.0,2630.0,354.0,185.0,407.0,326.0,262.0,135.0,42.0,60.0,2661,2070,591,13,71,970200,39.00672833,108567.98400000004,121
736,28008,28310,GA,13291000205,48.66,34.86954,-83.9061542,Georgia,WellStar Kennestone Regional Medical Center,Comprehensive Stroke Center,-84.55109,33.969758,116.092372,1197,2018,"Census Tract 2.05, Union County, Georgia",205,13,291,13291000205,6623,3493,3130,47.0,1796,6580.0,53.0,38.0,90.0,0.0,19.0,6380.0,24.0,242.0,6157.0,26080.0,6138.0,827.0,612.0,933.0,1019.0,634.0,610.0,30.0,359.0,6157,5279,878,13,291,205,136.107686,146144.26499999993,184
737,28011,28313,GA,13135050607,10.763,34.0124649,-83.90969040000002,Georgia,Emory University Hospital,Comprehensive Stroke Center,-84.32186,33.792320000000004,45.27169310000001,314,2018,"Census Tract 506.07, Gwinnett County, Georgia",50607,13,135,13135050607,19036,8887,10149,37.7,2002,18234.0,0.0,551.0,5236.0,0.0,634.0,11813.0,712.0,2484.0,9873.0,40581.0,18863.0,1314.0,1347.0,1237.0,1409.0,2672.0,1443.0,516.0,2589.0,19036,16651,2385,13,135,50607,1768.6518629999998,48780.98900000002,75
738,28013,28315,GA,13139001002,6.1979999999999995,34.271413200000005,-83.9111431,Georgia,Emory University Hospital,Comprehensive Stroke Center,-84.32186,33.792320000000004,65.28987681,1639,2018,"Census Tract 10.02, Hall County, Georgia",1002,13,139,13139001002,7630,4070,3560,37.7,1517,7452.0,0.0,349.0,183.0,0.0,703.0,6217.0,46.0,3687.0,3233.0,23750.0,7498.0,870.0,369.0,1503.0,580.0,718.0,534.0,150.0,499.0,7630,6536,1094,13,139,1002,1231.0422720000001,75443.38299999991,100
739,28015,28317,GA,13275960500,36.98,30.9038269,-83.91160550000001,Florida,Tallahassee Memorial Hospital,Comprehensive Stroke Center,-84.26194,30.45625,59.90882649,1823,2018,"Census Tract 9605, Thomas County, Georgia",960500,13,275,13275960500,6799,3092,3707,38.7,1221,6657.0,0.0,0.0,1836.0,0.0,0.0,4821.0,142.0,191.0,4630.0,26902.0,6701.0,861.0,504.0,807.0,933.0,556.0,417.0,133.0,652.0,6755,5878,877,13,275,960500,183.85613850000001,64593.808,88
740,28017,28319,GA,13321950500,62.603,31.501511400000002,-83.91282220000001,Florida,Tallahassee Memorial Hospital,Comprehensive Stroke Center,-84.26194,30.45625,120.5901094,1845,2018,"Census Tract 9505, Worth County, Georgia",950500,13,321,13321950500,4157,2003,2154,43.1,644,4009.0,0.0,35.0,1878.0,5.0,85.0,2006.0,148.0,23.0,1983.0,22904.0,4126.0,817.0,324.0,513.0,510.0,444.0,85.0,156.0,246.0,4126,3182,944,13,321,950500,66.40256857,133754.43800000002,146
741,28019,28321,GA,13139001402,5.353,34.2401354,-83.915252,Georgia,Emory University Hospital,Comprehensive Stroke Center,-84.32186,33.792320000000004,62.27297605,1612,2018,"Census Tract 14.02, Hall County, Georgia",1402,13,139,13139001402,5623,2799,2824,39.6,965,5513.0,0.0,11.0,228.0,0.0,283.0,4991.0,66.0,1171.0,4071.0,28888.0,5545.0,691.0,381.0,733.0,608.0,589.0,359.0,177.0,665.0,5623,4773,850,13,139,1402,1050.439006,68477.46799999992,74
742,28021,28323,GA,13139000302,11.765,34.3217157,-83.91706500000001,Georgia,Emory University Hospital,Comprehensive Stroke Center,-84.32186,33.792320000000004,69.60568339,1607,2018,"Census Tract 3.02, Hall County, Georgia",302,13,139,13139000302,7612,3758,3854,37.6,1328,7386.0,0.0,68.0,75.0,0.0,40.0,7203.0,200.0,889.0,6354.0,26929.0,7565.0,706.0,618.0,1014.0,1139.0,623.0,343.0,237.0,669.0,7612,6369,1243,13,139,302,647.0038248999999,80846.29499999997,107
743,28025,28327,GA,13071970900,135.658,31.1435608,-83.9192441,Florida,Tallahassee Memorial Hospital,Comprehensive Stroke Center,-84.26194,30.45625,82.95765196,881,2018,"Census Tract 9709, Colquitt County, Georgia",970900,13,71,13071970900,6309,2980,3329,37.2,931,6276.0,79.0,70.0,320.0,0.0,1029.0,4778.0,22.0,1369.0,4528.0,22730.0,6298.0,689.0,474.0,1077.0,630.0,602.0,146.0,98.0,270.0,6291,4866,1425,13,71,970900,46.50665644,91836.14600000002,106
744,28026,28328,GA,13217100502,8.568,33.5958075,-83.9200147,Georgia,Emory University Hospital,Comprehensive Stroke Center,-84.32186,33.792320000000004,43.16439776,262,2018,"Census Tract 1005.02, Newton County, Georgia",100502,13,217,13217100502,8619,3941,4678,33.9,862,8373.0,86.0,18.0,5263.0,0.0,78.0,2928.0,177.0,1195.0,2201.0,27178.0,8530.0,916.0,519.0,1125.0,925.0,953.0,634.0,112.0,321.0,8585,7188,1397,13,217,100502,1005.9523810000001,48597.89300000001,77
745,28029,28331,GA,13139000305,13.158,34.4014596,-83.92028990000001,Georgia,WellStar Kennestone Regional Medical Center,Comprehensive Stroke Center,-84.55109,33.969758,75.32885928,1881,2018,"Census Tract 3.05, Hall County, Georgia",305,13,139,13139000305,4574,2202,2372,37.1,564,4346.0,0.0,49.0,15.0,0.0,0.0,4282.0,107.0,571.0,3711.0,32675.0,4453.0,504.0,314.0,443.0,463.0,599.0,386.0,101.0,333.0,4574,4071,503,13,139,305,347.621219,85878.54799999998,127
746,28032,28334,GA,13139001606,3.29,34.177203600000006,-83.92103399999999,Georgia,Emory University Hospital,Comprehensive Stroke Center,-84.32186,33.792320000000004,56.5183933,1935,2018,"Census Tract 16.06, Hall County, Georgia",1606,13,139,13139001606,3761,2001,1760,35.8,558,3638.0,18.0,65.0,412.0,0.0,219.0,2924.0,98.0,501.0,2678.0,36815.0,3646.0,324.0,294.0,313.0,385.0,640.0,507.0,76.0,199.0,3671,3168,503,13,139,1606,1143.161094,61557.148999999925,56
747,28033,28335,GA,13321950100,174.18900000000002,31.727669,-83.9217225,Florida,Tallahassee Memorial Hospital,Comprehensive Stroke Center,-84.26194,30.45625,144.6525378,1846,2018,"Census Tract 9501, Worth County, Georgia",950100,13,321,13321950100,3082,1538,1544,46.6,662,2751.0,0.0,35.0,498.0,0.0,0.0,2218.0,281.0,261.0,2172.0,20918.0,3032.0,465.0,291.0,484.0,303.0,262.0,154.0,50.0,149.0,3082,2475,607,13,321,950100,17.69342496,165050.36399999988,167
748,28040,28342,GA,13093970200,109.447,32.1761692,-83.9267073,Alabama,Southeast Health,Comprehensive Stroke Center,-85.36301,31.21588,172.8518994,1851,2018,"Census Tract 9702, Dooly County, Georgia",970200,13,93,13093970200,2193,1107,1086,39.8,414,2083.0,8.0,13.0,1009.0,0.0,146.0,907.0,92.0,266.0,853.0,18224.0,2114.0,376.0,253.0,212.0,226.0,141.0,77.0,36.0,54.0,2132,1569,563,13,93,970200,20.03709558,205944.51200000005,171
749,28043,28345,GA,13275961000,78.711,30.7611482,-83.9287808,Florida,Tallahassee Memorial Hospital,Comprehensive Stroke Center,-84.26194,30.45625,46.51010842,1818,2018,"Census Tract 9610, Thomas County, Georgia",961000,13,275,13275961000,4221,2125,2096,43.2,672,4173.0,0.0,0.0,848.0,0.0,128.0,3197.0,6.0,415.0,2910.0,28595.0,3877.0,403.0,314.0,458.0,502.0,408.0,389.0,93.0,358.0,3991,3554,437,13,275,961000,53.62655791,54474.57499999997,80
750,28044,28346,GA,13135050546,7.944,33.934821,-83.9310572,Georgia,Emory University Hospital,Comprehensive Stroke Center,-84.32186,33.792320000000004,39.46532928,308,2018,"Census Tract 505.46, Gwinnett County, Georgia",50546,13,135,13135050546,17735,8349,9386,33.4,1151,16998.0,33.0,858.0,9244.0,0.0,160.0,6703.0,485.0,2357.0,5093.0,31830.0,17483.0,2047.0,777.0,1377.0,1355.0,1302.0,1225.0,626.0,1750.0,17735,14871,2864,13,135,50546,2232.502518,45052.74100000004,86
751,28054,28356,GA,13187960101,39.961999999999996,34.488220500000004,-83.93699670000001,Georgia,WellStar Kennestone Regional Medical Center,Comprehensive Stroke Center,-84.55109,33.969758,80.67713277,180,2018,"Census Tract 9601.01, Lumpkin County, Georgia",960101,13,187,13187960101,7049,3319,3730,46.5,1234,6915.0,0.0,35.0,96.0,0.0,359.0,6425.0,27.0,493.0,6291.0,26716.0,6942.0,820.0,922.0,744.0,715.0,1038.0,252.0,194.0,427.0,7049,5879,1170,13,187,960101,176.3925729,91231.70499999997,143
752,28055,28357,GA,13225040302,15.079,32.5202415,-83.9373314,Georgia,Grady Memorial Hospital,Comprehensive Stroke Center,-84.38242,33.752320000000005,142.8173418,1677,2018,"Census Tract 403.02, Peach County, Georgia",40302,13,225,13225040302,2008,924,1084,37.4,259,1956.0,0.0,0.0,1299.0,0.0,59.0,598.0,34.0,62.0,595.0,15116.0,1960.0,359.0,264.0,259.0,130.0,129.0,69.0,8.0,39.0,1976,1501,475,13,225,40302,133.1653293,159040.46800000017,123
753,28056,28358,GA,13297110506,13.142000000000001,33.790276,-83.937431,Georgia,Emory University Hospital,Comprehensive Stroke Center,-84.32186,33.792320000000004,35.602712200000006,1540,2018,"Census Tract 1105.06, Walton County, Georgia",110506,13,297,13297110506,5543,2805,2738,44.5,772,5332.0,0.0,163.0,517.0,0.0,30.0,4622.0,132.0,106.0,4575.0,33402.0,5464.0,620.0,373.0,457.0,528.0,592.0,415.0,274.0,596.0,5543,5087,456,13,297,110506,421.77750719999995,38983.02300000004,91
754,28058,28360,GA,13139001501,5.659,34.206985499999995,-83.9405434,Georgia,Emory University Hospital,Comprehensive Stroke Center,-84.32186,33.792320000000004,57.93617578,1894,2018,"Census Tract 15.01, Hall County, Georgia",1501,13,139,13139001501,5041,2564,2477,49.2,938,4907.0,9.0,58.0,224.0,0.0,43.0,4573.0,41.0,124.0,4492.0,32225.0,4948.0,653.0,285.0,514.0,541.0,610.0,350.0,119.0,658.0,5041,4533,508,13,139,1501,890.7934264,64956.74399999994,71
755,28059,28361,GA,13135050731,5.972,33.834557200000006,-83.9410421,Georgia,Emory University Hospital,Comprehensive Stroke Center,-84.32186,33.792320000000004,35.5683716,327,2018,"Census Tract 507.31, Gwinnett County, Georgia",50731,13,135,13135050731,10432,4895,5537,35.5,1257,9716.0,0.0,324.0,5152.0,0.0,272.0,3968.0,675.0,1115.0,3368.0,30463.0,10381.0,1269.0,838.0,869.0,1034.0,961.0,881.0,257.0,687.0,10422,9253,1169,13,135,50731,1746.818486,40098.74500000003,106
756,28064,28366,GA,13193000100,77.998,32.444587,-83.9443888,Georgia,Grady Memorial Hospital,Comprehensive Stroke Center,-84.38242,33.752320000000005,150.6890214,187,2018,"Census Tract 1, Macon County, Georgia",100,13,193,13193000100,2101,876,1225,37.0,363,1992.0,0.0,0.0,1412.0,0.0,6.0,574.0,65.0,38.0,536.0,19067.0,2002.0,260.0,291.0,281.0,167.0,160.0,92.0,24.0,64.0,2065,1778,287,13,193,100,26.93658812,164473.73800000016,119
757,28067,28369,GA,13187960102,103.632,34.648331400000004,-83.94628859999999,Georgia,WellStar Kennestone Regional Medical Center,Comprehensive Stroke Center,-84.55109,33.969758,93.62258218,181,2018,"Census Tract 9601.02, Lumpkin County, Georgia",960102,13,187,13187960102,6928,3928,3000,41.3,1462,6685.0,86.0,0.0,261.0,35.0,0.0,6303.0,193.0,131.0,6172.0,28410.0,6878.0,944.0,585.0,798.0,976.0,1067.0,660.0,153.0,396.0,6910,6428,482,13,187,960102,66.85193763,117317.85,142
758,28073,28375,GA,13207050301,153.523,32.919117699999994,-83.9483254,Georgia,Grady Memorial Hospital,Comprehensive Stroke Center,-84.38242,33.752320000000005,100.86090779999999,202,2018,"Census Tract 503.01, Monroe County, Georgia",50301,13,207,13207050301,5006,2415,2591,45.5,1034,4962.0,7.0,0.0,963.0,0.0,48.0,3944.0,0.0,127.0,3865.0,30028.0,4932.0,550.0,452.0,702.0,385.0,626.0,361.0,120.0,490.0,4980,4449,531,13,207,50301,32.60749204,108736.00500000002,82
759,28076,28378,GA,13135050727,6.447,33.910331299999996,-83.9496452,Georgia,Emory University Hospital,Comprehensive Stroke Center,-84.32186,33.792320000000004,36.84997245,323,2018,"Census Tract 507.27, Gwinnett County, Georgia",50727,13,135,13135050727,11412,5336,6076,39.0,1224,11158.0,0.0,520.0,3237.0,0.0,177.0,7224.0,136.0,523.0,6943.0,41537.0,11294.0,1231.0,433.0,807.0,741.0,1144.0,1036.0,337.0,1693.0,11412,10887,525,13,135,50727,1770.1256399999997,42224.15800000002,96
760,28079,28381,GA,13217100501,7.317,33.5973475,-83.9504958,Georgia,Emory University Hospital,Comprehensive Stroke Center,-84.32186,33.792320000000004,40.65876316,261,2018,"Census Tract 1005.01, Newton County, Georgia",100501,13,217,13217100501,15399,7066,8333,34.8,1311,14926.0,40.0,50.0,11301.0,0.0,214.0,3321.0,372.0,940.0,2553.0,27595.0,15253.0,1934.0,1205.0,1625.0,1943.0,1426.0,601.0,677.0,937.0,15386,13915,1471,13,217,100501,2104.551046,45472.943000000014,82
761,28082,28384,GA,13135050605,7.972,34.045476,-83.9507936,Georgia,Emory University Hospital,Comprehensive Stroke Center,-84.32186,33.792320000000004,44.33857348,312,2018,"Census Tract 506.05, Gwinnett County, Georgia",50605,13,135,13135050605,14539,7192,7347,36.0,1585,13892.0,0.0,828.0,2827.0,0.0,246.0,9991.0,473.0,1842.0,8395.0,32705.0,14335.0,1399.0,649.0,1493.0,1602.0,1580.0,1180.0,418.0,1506.0,14539,13404,1135,13,135,50605,1823.7581539999999,49300.315000000024,73
762,28083,28385,GA,13135050606,14.9,34.090450399999995,-83.95092840000001,Georgia,Emory University Hospital,Comprehensive Stroke Center,-84.32186,33.792320000000004,47.63917288,313,2018,"Census Tract 506.06, Gwinnett County, Georgia",50606,13,135,13135050606,25421,12539,12882,34.9,2432,24396.0,7.0,3475.0,4887.0,0.0,142.0,15885.0,667.0,2001.0,14401.0,36217.0,23816.0,2818.0,875.0,1922.0,1954.0,1848.0,1493.0,565.0,4069.0,24211,22321,1890,13,135,50606,1706.1073829999998,53328.587999999996,74
763,28085,28387,GA,13135050724,9.966000000000001,33.8763664,-83.95321390000001,Georgia,Emory University Hospital,Comprehensive Stroke Center,-84.32186,33.792320000000004,35.3737449,320,2018,"Census Tract 507.24, Gwinnett County, Georgia",50724,13,135,13135050724,18619,8699,9920,37.4,2132,17898.0,34.0,1312.0,7638.0,0.0,536.0,8378.0,632.0,1219.0,7622.0,37456.0,18104.0,1553.0,1140.0,1529.0,1348.0,1806.0,1764.0,654.0,2468.0,18619,16887,1732,13,135,50724,1868.252057,38305.004000000015,112
764,28086,28388,GA,13135050545,5.1339999999999995,33.962843,-83.9535016,Georgia,Emory University Hospital,Comprehensive Stroke Center,-84.32186,33.792320000000004,38.97642696,307,2018,"Census Tract 505.45, Gwinnett County, Georgia",50545,13,135,13135050545,13762,6865,6897,29.9,744,12919.0,74.0,606.0,6223.0,0.0,828.0,5188.0,708.0,2823.0,3509.0,29811.0,13585.0,1370.0,709.0,1524.0,873.0,1743.0,1141.0,122.0,788.0,13757,11487,2270,13,135,50545,2680.560966,42464.36799999999,78
765,28087,28389,GA,13139001607,5.629,34.1482896,-83.95506850000001,Georgia,Emory University Hospital,Comprehensive Stroke Center,-84.32186,33.792320000000004,52.03937808,1936,2018,"Census Tract 16.07, Hall County, Georgia",1607,13,139,13139001607,5729,2983,2746,42.3,836,5508.0,157.0,107.0,462.0,0.0,57.0,4725.0,196.0,689.0,4149.0,30297.0,5672.0,691.0,360.0,642.0,489.0,615.0,340.0,256.0,618.0,5729,4845,884,13,139,1607,1017.765145,58871.00499999993,69
766,28088,28390,GA,13247060102,26.656999999999996,33.725989399999996,-83.9555275,Georgia,Emory University Hospital,Comprehensive Stroke Center,-84.32186,33.792320000000004,34.72704325,1326,2018,"Census Tract 601.02, Rockdale County, Georgia",60102,13,247,13247060102,5171,2266,2905,41.2,724,5117.0,45.0,37.0,2248.0,0.0,0.0,2787.0,6.0,259.0,2640.0,33245.0,5101.0,504.0,357.0,543.0,473.0,631.0,526.0,168.0,354.0,5171,4740,431,13,247,60102,193.98281880000002,37969.82000000004,81
767,28092,28394,GA,13247060306,5.58,33.6400053,-83.9572557,Georgia,Emory University Hospital,Comprehensive Stroke Center,-84.32186,33.792320000000004,37.78296084,1334,2018,"Census Tract 603.06, Rockdale County, Georgia",60306,13,247,13247060306,2918,1459,1459,39.3,304,2799.0,0.0,0.0,2122.0,0.0,0.0,677.0,102.0,40.0,655.0,40151.0,2901.0,288.0,115.0,270.0,323.0,355.0,303.0,74.0,411.0,2918,2780,138,13,247,60306,522.9390681,42608.488,75
768,28093,28395,GA,13193000400,110.01899999999999,32.3149482,-83.95751240000001,Georgia,Grady Memorial Hospital,Comprehensive Stroke Center,-84.38242,33.752320000000005,164.27887719999998,190,2018,"Census Tract 4, Macon County, Georgia",400,13,193,13193000400,4802,2228,2574,41.3,789,4802.0,0.0,17.0,2475.0,0.0,320.0,1990.0,0.0,321.0,1899.0,18708.0,4732.0,699.0,386.0,590.0,448.0,452.0,242.0,31.0,171.0,4732,3624,1108,13,193,400,43.64700643,183898.03900000005,122
769,28094,28396,GA,13035150200,38.061,33.290355100000006,-83.95822059999999,Georgia,Grady Memorial Hospital,Comprehensive Stroke Center,-84.38242,33.752320000000005,64.64000453,14,2018,"Census Tract 1502, Butts County, Georgia",150200,13,35,13035150200,7935,3959,3976,35.3,1240,7677.0,0.0,20.0,3506.0,0.0,0.0,4151.0,140.0,104.0,4047.0,21891.0,7466.0,1593.0,602.0,660.0,1053.0,869.0,343.0,149.0,233.0,7584,6802,782,13,35,150200,208.4811224,72136.17799999999,76
770,28095,28397,GA,13079070202,88.436,32.6250125,-83.9589909,Georgia,Grady Memorial Hospital,Comprehensive Stroke Center,-84.38242,33.752320000000005,131.11394199999998,1010,2018,"Census Tract 702.02, Crawford County, Georgia",70202,13,79,13079070202,3118,1612,1506,41.7,468,3034.0,0.0,25.0,949.0,0.0,4.0,2056.0,36.0,66.0,1994.0,18783.0,3054.0,571.0,301.0,326.0,292.0,248.0,173.0,68.0,54.0,3118,2691,427,13,79,70202,35.2571351,141609.27900000004,104
771,28097,28399,GA,13217100902,4.957,33.5552376,-83.9594348,Georgia,Emory University Hospital,Comprehensive Stroke Center,-84.32186,33.792320000000004,42.67466375,264,2018,"Census Tract 1009.02, Newton County, Georgia",100902,13,217,13217100902,5753,3059,2694,34.4,615,5323.0,110.0,255.0,2370.0,0.0,14.0,2574.0,352.0,295.0,2465.0,26931.0,5648.0,723.0,437.0,530.0,653.0,502.0,366.0,85.0,308.0,5753,4913,840,13,217,100902,1160.580997,49639.231000000014,93
772,28099,28401,GA,13135050548,7.646,34.002094799999995,-83.9599354,Georgia,Emory University Hospital,Comprehensive Stroke Center,-84.32186,33.792320000000004,40.76874352,310,2018,"Census Tract 505.48, Gwinnett County, Georgia",50548,13,135,13135050548,11282,6323,4959,36.4,1047,10780.0,27.0,615.0,2708.0,21.0,473.0,6936.0,367.0,1976.0,5691.0,33323.0,9142.0,1334.0,561.0,964.0,848.0,1146.0,780.0,333.0,1291.0,9261,8176,1085,13,135,50548,1475.542767,45473.42499999998,75
773,28100,28402,GA,13275960600,3.3960000000000004,30.8484722,-83.96010799999999,Florida,Tallahassee Memorial Hospital,Comprehensive Stroke Center,-84.26194,30.45625,52.22773955,1816,2018,"Census Tract 9606, Thomas County, Georgia",960600,13,275,13275960600,5367,2681,2686,41.7,1132,5168.0,0.0,5.0,1502.0,0.0,126.0,3535.0,148.0,190.0,3492.0,26316.0,5270.0,749.0,458.0,708.0,600.0,476.0,478.0,217.0,363.0,5321,4575,746,13,275,960600,1580.3886929999999,56171.372,101
774,28102,28404,GA,13139000304,12.145999999999999,34.385726299999995,-83.9609193,Georgia,WellStar Kennestone Regional Medical Center,Comprehensive Stroke Center,-84.55109,33.969758,71.33959658,1880,2018,"Census Tract 3.04, Hall County, Georgia",304,13,139,13139000304,3798,1886,1912,40.8,612,3741.0,8.0,7.0,128.0,0.0,33.0,3565.0,46.0,313.0,3261.0,26493.0,3717.0,489.0,203.0,576.0,255.0,395.0,189.0,128.0,436.0,3753,3396,357,13,139,304,312.6955376,87998.45099999996,129
775,28106,28408,GA,13275960900,2.667,30.824012100000004,-83.96390699999999,Florida,Tallahassee Memorial Hospital,Comprehensive Stroke Center,-84.26194,30.45625,49.78478645,1817,2018,"Census Tract 9609, Thomas County, Georgia",960900,13,275,13275960900,3464,1545,1919,46.5,866,3223.0,0.0,9.0,1609.0,0.0,1.0,1604.0,146.0,36.0,1575.0,21958.0,3218.0,769.0,260.0,254.0,313.0,333.0,184.0,42.0,268.0,3326,2827,499,13,275,960900,1298.8376449999998,54171.65600000001,91
776,28107,28409,GA,13135050730,3.92,33.841632399999995,-83.96396290000001,Georgia,Emory University Hospital,Comprehensive Stroke Center,-84.32186,33.792320000000004,33.58338588,326,2018,"Census Tract 507.30, Gwinnett County, Georgia",50730,13,135,13135050730,7258,3723,3535,34.9,595,7028.0,148.0,296.0,3503.0,0.0,481.0,2600.0,119.0,970.0,2075.0,33301.0,7124.0,1148.0,250.0,647.0,500.0,751.0,862.0,175.0,515.0,7258,6170,1088,13,135,50730,1851.530612,39174.68900000002,111
777,28114,28416,GA,13207050101,46.728,33.1360293,-83.970327,Georgia,Grady Memorial Hospital,Comprehensive Stroke Center,-84.38242,33.752320000000005,78.36126057,200,2018,"Census Tract 501.01, Monroe County, Georgia",50101,13,207,13207050101,5591,2744,2847,46.8,1226,5550.0,0.0,63.0,1011.0,0.0,168.0,4308.0,0.0,41.0,4308.0,24007.0,5484.0,1002.0,439.0,697.0,345.0,473.0,304.0,225.0,648.0,5525,4531,994,13,207,50101,119.6498887,85383.08400000003,62
778,28126,28428,GA,13217100901,24.406999999999996,33.5203743,-83.97421429999999,Georgia,Emory University Hospital,Comprehensive Stroke Center,-84.32186,33.792320000000004,44.15441053,263,2018,"Census Tract 1009.01, Newton County, Georgia",100901,13,217,13217100901,10647,4739,5908,37.4,1205,10321.0,0.0,266.0,4710.0,84.0,183.0,5078.0,236.0,223.0,5006.0,29229.0,10548.0,1307.0,690.0,1124.0,1134.0,1158.0,819.0,255.0,661.0,10647,9672,975,13,217,100901,436.2273118,49566.872999999985,97
779,28127,28429,GA,13135050522,1.78,33.9386476,-83.9750628,Georgia,Emory University Hospital,Comprehensive Stroke Center,-84.32186,33.792320000000004,35.96037292,443,2018,"Census Tract 505.22, Gwinnett County, Georgia",50522,13,135,13135050522,4850,2562,2288,35.9,736,4659.0,9.0,163.0,1454.0,33.0,977.0,2023.0,179.0,2072.0,1220.0,25836.0,4827.0,539.0,438.0,550.0,645.0,347.0,282.0,69.0,279.0,4850,3426,1424,13,135,50522,2724.719101,40275.17799999999,83
780,28130,28432,GA,13117130104,8.058,34.2724243,-83.9775636,Georgia,Emory University Hospital,Comprehensive Stroke Center,-84.32186,33.792320000000004,62.02420678,1386,2018,"Census Tract 1301.04, Forsyth County, Georgia",130104,13,117,13117130104,4057,1898,2159,43.1,695,4036.0,0.0,0.0,38.0,0.0,27.0,3971.0,0.0,181.0,3817.0,40451.0,4018.0,360.0,231.0,464.0,321.0,325.0,415.0,212.0,610.0,4057,3788,269,13,117,130104,503.4748076,74549.01500000001,106
781,28131,28433,GA,13247060305,6.415,33.6579388,-83.9777256,Georgia,Emory University Hospital,Comprehensive Stroke Center,-84.32186,33.792320000000004,35.20572383,1332,2018,"Census Tract 603.05, Rockdale County, Georgia",60305,13,247,13247060305,5103,2568,2535,34.5,394,5003.0,0.0,52.0,3155.0,0.0,129.0,1667.0,78.0,496.0,1323.0,27185.0,5075.0,450.0,381.0,643.0,414.0,581.0,403.0,123.0,217.0,5072,4026,1046,13,247,60305,795.4793453,38763.73300000001,66
782,28133,28435,GA,13117130103,8.293,34.3195206,-83.9788647,Georgia,WellStar Kennestone Regional Medical Center,Comprehensive Stroke Center,-84.55109,33.969758,65.50135396,1385,2018,"Census Tract 1301.03, Forsyth County, Georgia",130103,13,117,13117130103,4331,2203,2128,35.2,294,4209.0,0.0,0.0,6.0,0.0,84.0,4119.0,54.0,794.0,3409.0,28092.0,4247.0,550.0,166.0,597.0,345.0,512.0,285.0,83.0,419.0,4325,3257,1068,13,117,130103,522.2476788,72555.845,92
783,28139,28441,GA,13135050547,4.011,34.014953799999994,-83.98251040000001,Georgia,Emory University Hospital,Comprehensive Stroke Center,-84.32186,33.792320000000004,39.93633352,309,2018,"Census Tract 505.47, Gwinnett County, Georgia",50547,13,135,13135050547,8978,4439,4539,34.5,761,8581.0,0.0,886.0,1660.0,0.0,214.0,5821.0,225.0,757.0,5213.0,37486.0,8806.0,937.0,538.0,576.0,612.0,1111.0,750.0,216.0,1121.0,8941,8364,577,13,135,50547,2238.344552,45269.16999999999,77
784,28145,28447,GA,13117130503,5.2989999999999995,34.2151771,-83.9867899,Georgia,Emory University Hospital,Comprehensive Stroke Center,-84.32186,33.792320000000004,56.19749142,805,2018,"Census Tract 1305.03, Forsyth County, Georgia",130503,13,117,13117130503,2736,1336,1400,43.8,416,2682.0,0.0,64.0,0.0,0.0,11.0,2607.0,13.0,57.0,2574.0,40726.0,2695.0,320.0,149.0,201.0,243.0,244.0,152.0,168.0,595.0,2736,2414,322,13,117,130503,516.3238347,73352.40000000001,115
785,28148,28450,GA,13135050105,5.562,34.118562299999994,-83.98861020000001,Georgia,Emory University Hospital,Comprehensive Stroke Center,-84.32186,33.792320000000004,47.52216941,457,2018,"Census Tract 501.05, Gwinnett County, Georgia",50105,13,135,13135050105,4485,2113,2372,33.6,441,4207.0,45.0,129.0,891.0,0.0,778.0,2364.0,149.0,1624.0,1617.0,23072.0,4356.0,632.0,377.0,563.0,447.0,324.0,183.0,99.0,155.0,4485,3343,1142,13,135,50105,806.364617,51486.56699999992,73
786,28151,28453,GA,13135050728,11.366,33.805868100000005,-83.99163759999999,Georgia,Emory University Hospital,Comprehensive Stroke Center,-84.32186,33.792320000000004,30.616048499999998,324,2018,"Census Tract 507.28, Gwinnett County, Georgia",50728,13,135,13135050728,14255,6371,7884,38.1,1391,13633.0,0.0,587.0,9632.0,0.0,1.0,3413.0,340.0,363.0,3051.0,34922.0,13890.0,1124.0,885.0,1158.0,1646.0,1510.0,1574.0,642.0,1063.0,14255,12737,1518,13,135,50728,1254.179131,34149.765,98
787,28155,28457,GA,13135050543,2.56,33.9140864,-83.9929366,Georgia,Emory University Hospital,Comprehensive Stroke Center,-84.32186,33.792320000000004,33.30154925,305,2018,"Census Tract 505.43, Gwinnett County, Georgia",50543,13,135,13135050543,7165,3868,3297,36.3,775,6899.0,33.0,766.0,2791.0,0.0,363.0,2946.0,151.0,451.0,2850.0,32169.0,7050.0,871.0,476.0,634.0,535.0,966.0,581.0,158.0,676.0,7165,6203,962,13,135,50543,2798.828125,38132.18700000003,81
788,28157,28459,GA,13247060308,3.075,33.6747182,-83.9945052,Georgia,Emory University Hospital,Comprehensive Stroke Center,-84.32186,33.792320000000004,33.02216417,1328,2018,"Census Tract 603.08, Rockdale County, Georgia",60308,13,247,13247060308,8619,3692,4927,29.6,962,7925.0,11.0,0.0,5270.0,276.0,285.0,2083.0,460.0,717.0,1892.0,23778.0,8069.0,1119.0,554.0,976.0,664.0,797.0,535.0,94.0,387.0,8352,6701,1651,13,247,60308,2802.926829,37029.51800000001,73
789,28158,28460,GA,13207050200,41.475,33.0454572,-83.995521,Georgia,Grady Memorial Hospital,Comprehensive Stroke Center,-84.38242,33.752320000000005,86.26662046,500,2018,"Census Tract 502, Monroe County, Georgia",50200,13,207,13207050200,5570,2811,2759,37.3,700,5378.0,23.0,12.0,2408.0,0.0,9.0,2926.0,133.0,47.0,2900.0,23861.0,4748.0,939.0,437.0,450.0,502.0,507.0,248.0,121.0,356.0,4807,4271,536,13,207,50200,134.2977697,94980.08500000004,69
790,28159,28461,GA,13151070402,35.512,33.4103021,-83.9955835,Georgia,Emory University Hospital,Comprehensive Stroke Center,-84.32186,33.792320000000004,52.08078458,1200,2018,"Census Tract 704.02, Henry County, Georgia",70402,13,151,13151070402,12372,6057,6315,33.1,1183,12064.0,0.0,116.0,1347.0,0.0,20.0,10581.0,219.0,439.0,10227.0,34685.0,12224.0,1369.0,601.0,1043.0,1047.0,1538.0,1210.0,373.0,873.0,12366,11105,1261,13,151,70402,348.38927689999997,62903.353999999985,103
791,28160,28462,GA,13135050721,4.479,33.851212,-83.9958167,Georgia,Emory University Hospital,Comprehensive Stroke Center,-84.32186,33.792320000000004,30.8829338,355,2018,"Census Tract 507.21, Gwinnett County, Georgia",50721,13,135,13135050721,8895,4115,4780,38.8,1380,8581.0,0.0,271.0,4120.0,0.0,575.0,3615.0,207.0,989.0,3223.0,31106.0,8570.0,1016.0,448.0,1102.0,795.0,982.0,756.0,391.0,581.0,8736,7842,894,13,135,50721,1985.9343600000002,34080.039,104
792,28162,28464,GA,13247060307,5.5760000000000005,33.6144706,-83.9966108,Georgia,Emory University Hospital,Comprehensive Stroke Center,-84.32186,33.792320000000004,36.03169807,1322,2018,"Census Tract 603.07, Rockdale County, Georgia",60307,13,247,13247060307,10652,4738,5914,42.7,1388,10234.0,6.0,412.0,7602.0,0.0,30.0,2184.0,295.0,703.0,1728.0,35452.0,10529.0,1132.0,737.0,693.0,1008.0,1457.0,861.0,185.0,1195.0,10610,9470,1140,13,247,60307,1910.329986,41674.78699999999,84
793,28164,28466,GA,13275960700,22.307,30.891147999999998,-83.99713340000001,Florida,Tallahassee Memorial Hospital,Comprehensive Stroke Center,-84.26194,30.45625,54.48452662,1820,2018,"Census Tract 9607, Thomas County, Georgia",960700,13,275,13275960700,6969,3395,3574,31.5,712,6488.0,0.0,30.0,4031.0,16.0,19.0,2392.0,349.0,96.0,2352.0,15479.0,6758.0,1508.0,625.0,862.0,396.0,310.0,288.0,69.0,295.0,6899,5701,1198,13,275,960700,312.41314389999997,57739.678,97
794,28167,28469,GA,13217100903,6.647,33.565532899999994,-83.99938,Georgia,Emory University Hospital,Comprehensive Stroke Center,-84.32186,33.792320000000004,39.07664699,265,2018,"Census Tract 1009.03, Newton County, Georgia",100903,13,217,13217100903,6197,3149,3048,38.1,614,6108.0,39.0,45.0,3314.0,0.0,149.0,2561.0,28.0,491.0,2300.0,29872.0,6136.0,793.0,329.0,695.0,810.0,613.0,542.0,125.0,390.0,6183,5346,837,13,217,100903,932.3002857999999,46035.920000000006,106
795,28168,28470,GA,13135050527,2.299,34.008653499999994,-83.99971690000001,Georgia,Emory University Hospital,Comprehensive Stroke Center,-84.32186,33.792320000000004,38.25683824,289,2018,"Census Tract 505.27, Gwinnett County, Georgia",50527,13,135,13135050527,6667,3298,3369,38.7,693,6368.0,0.0,1152.0,1251.0,0.0,11.0,3954.0,248.0,729.0,3264.0,33962.0,6545.0,685.0,543.0,464.0,536.0,671.0,481.0,219.0,769.0,6657,5934,723,13,135,50527,2899.9565030000003,44603.975999999995,74
796,28173,28475,GA,13135050521,2.148,33.9427489,-84.0019305,Georgia,Emory University Hospital,Comprehensive Stroke Center,-84.32186,33.792320000000004,33.98101868,352,2018,"Census Tract 505.21, Gwinnett County, Georgia",50521,13,135,13135050521,6010,3083,2927,34.2,654,5494.0,9.0,381.0,1422.0,0.0,805.0,2877.0,405.0,1718.0,2075.0,26739.0,5856.0,776.0,455.0,586.0,619.0,411.0,399.0,61.0,583.0,5967,4707,1260,13,135,50521,2797.951583,37074.17600000001,70
797,28175,28477,GA,13135050720,4.066,33.87906160000001,-84.00252979999999,Georgia,Emory University Hospital,Comprehensive Stroke Center,-84.32186,33.792320000000004,31.08440471,444,2018,"Census Tract 507.20, Gwinnett County, Georgia",50720,13,135,13135050720,7091,3180,3911,42.0,1340,6767.0,0.0,290.0,1686.0,0.0,544.0,4247.0,207.0,943.0,3812.0,30654.0,6941.0,890.0,408.0,761.0,717.0,611.0,513.0,108.0,935.0,7086,6363,723,13,135,50720,1743.9744219999998,34504.350000000006,94
798,28178,28480,GA,13135050523,2.952,33.9793794,-84.00443979999999,Georgia,Emory University Hospital,Comprehensive Stroke Center,-84.32186,33.792320000000004,35.95480566,716,2018,"Census Tract 505.23, Gwinnett County, Georgia",50523,13,135,13135050523,7652,3298,4354,30.8,689,7372.0,133.0,226.0,3037.0,0.0,350.0,3626.0,280.0,1187.0,2758.0,27448.0,7561.0,611.0,211.0,1051.0,1036.0,867.0,448.0,74.0,574.0,7511,6140,1371,13,135,50523,2592.140921,40052.51199999999,56
799,28179,28481,GA,13135050520,2.154,33.951591,-84.005563,Georgia,Emory University Hospital,Comprehensive Stroke Center,-84.32186,33.792320000000004,34.18371881,351,2018,"Census Tract 505.20, Gwinnett County, Georgia",50520,13,135,13135050520,5352,2597,2755,34.3,854,5102.0,0.0,219.0,1912.0,0.0,610.0,2361.0,160.0,1309.0,1719.0,26203.0,5114.0,601.0,402.0,727.0,642.0,588.0,302.0,62.0,365.0,5204,4098,1106,13,135,50520,2484.679666,36934.20700000001,71
800,28180,28482,GA,13135050528,2.076,34.0230891,-84.0060567,Georgia,Emory University Hospital,Comprehensive Stroke Center,-84.32186,33.792320000000004,38.83622006,290,2018,"Census Tract 505.28, Gwinnett County, Georgia",50528,13,135,13135050528,4887,2385,2502,41.0,609,4586.0,0.0,660.0,828.0,0.0,28.0,3070.0,243.0,411.0,2782.0,39954.0,4829.0,549.0,244.0,486.0,289.0,419.0,477.0,98.0,876.0,4887,4425,462,13,135,50528,2354.046243,45087.68899999999,76
801,28181,28483,GA,13139001502,8.89,34.156521600000005,-84.0069645,Georgia,Emory University Hospital,Comprehensive Stroke Center,-84.32186,33.792320000000004,49.78767026,1932,2018,"Census Tract 15.02, Hall County, Georgia",1502,13,139,13139001502,4107,2083,2024,51.2,952,4026.0,0.0,69.0,110.0,0.0,14.0,3833.0,53.0,169.0,3694.0,33728.0,4031.0,512.0,324.0,442.0,414.0,324.0,368.0,153.0,673.0,4107,3819,288,13,139,1502,461.9797525,54440.82999999993,80
802,28183,28485,GA,13135050106,9.291,34.0820605,-84.00915079999999,Georgia,Emory University Hospital,Comprehensive Stroke Center,-84.32186,33.792320000000004,43.22853205,439,2018,"Census Tract 501.06, Gwinnett County, Georgia",50106,13,135,13135050106,12743,6175,6568,34.3,1071,12310.0,9.0,1169.0,2158.0,0.0,825.0,8149.0,215.0,3526.0,5508.0,28108.0,12525.0,1874.0,824.0,1203.0,931.0,1247.0,851.0,260.0,1279.0,12722,10049,2673,13,135,50106,1371.5423529999998,48417.75699999994,71
803,28186,28488,GA,13247060101,10.815,33.732534799999996,-84.011111,Georgia,Emory University Hospital,Comprehensive Stroke Center,-84.32186,33.792320000000004,29.54201474,1333,2018,"Census Tract 601.01, Rockdale County, Georgia",60101,13,247,13247060101,3397,1773,1624,44.7,689,3365.0,0.0,0.0,890.0,0.0,29.0,2446.0,27.0,345.0,2279.0,30016.0,3392.0,409.0,292.0,419.0,303.0,496.0,263.0,92.0,204.0,3397,3063,334,13,247,60101,314.10078589999995,33506.59800000001,70
804,28189,28491,GA,13085970201,21.694000000000003,34.3796384,-84.0131745,Georgia,WellStar Kennestone Regional Medical Center,Comprehensive Stroke Center,-84.55109,33.969758,67.28027363,1658,2018,"Census Tract 9702.01, Dawson County, Georgia",970201,13,85,13085970201,7600,3754,3846,43.7,1379,7446.0,0.0,17.0,57.0,0.0,0.0,7372.0,133.0,496.0,6876.0,34364.0,7487.0,875.0,658.0,720.0,635.0,933.0,515.0,146.0,1238.0,7588,6891,697,13,85,970201,350.32727939999995,75516.79400000002,119
805,28191,28493,GA,13291000102,48.048,34.9415564,-84.0140724,Tennessee,The University of Tennessee Medical Center,Comprehensive Stroke Center,-83.94502,35.94016,110.9709937,1193,2018,"Census Tract 1.02, Union County, Georgia",102,13,291,13291000102,5043,2306,2737,57.9,1958,4849.0,91.0,70.0,14.0,0.0,0.0,4674.0,132.0,248.0,4426.0,20909.0,4942.0,710.0,646.0,762.0,472.0,319.0,318.0,148.0,369.0,5004,4394,610,13,291,102,104.9575425,159208.72700000004,196
806,28193,28495,GA,13095011600,39.049,31.4939655,-84.0151627,Florida,Tallahassee Memorial Hospital,Comprehensive Stroke Center,-84.26194,30.45625,117.44081809999999,1466,2018,"Census Tract 116, Dougherty County, Georgia",11600,13,95,13095011600,1817,991,826,38.1,306,1807.0,0.0,2.0,656.0,0.0,13.0,1136.0,0.0,68.0,1081.0,29133.0,1709.0,176.0,120.0,228.0,135.0,263.0,96.0,56.0,112.0,1655,1403,252,13,95,11600,46.53128121,134501.98699999996,148
807,28195,28497,GA,13117130102,5.309,34.2789643,-84.0161734,Georgia,WellStar Kennestone Regional Medical Center,Comprehensive Stroke Center,-84.55109,33.969758,60.09495870000001,1384,2018,"Census Tract 1301.02, Forsyth County, Georgia",130102,13,117,13117130102,2504,1314,1190,44.1,351,2477.0,0.0,10.0,31.0,0.0,0.0,2436.0,20.0,14.0,2422.0,34408.0,2497.0,267.0,144.0,275.0,216.0,167.0,268.0,111.0,329.0,2504,2351,153,13,117,130102,471.6519118,67616.11999999998,80
808,28196,28498,GA,13135050208,2.765,34.045449,-84.0163276,Georgia,Emory University Hospital,Comprehensive Stroke Center,-84.32186,33.792320000000004,39.8319327,1142,2018,"Census Tract 502.08, Gwinnett County, Georgia",50208,13,135,13135050208,7514,3412,4102,35.3,394,7328.0,0.0,1099.0,1863.0,0.0,487.0,3879.0,126.0,1516.0,2866.0,37943.0,7419.0,681.0,221.0,640.0,877.0,981.0,989.0,257.0,629.0,7502,6409,1093,13,135,50208,2717.540687,44493.19499999997,64
809,28198,28500,GA,13135050544,3.858,33.9214008,-84.0177848,Georgia,Emory University Hospital,Comprehensive Stroke Center,-84.32186,33.792320000000004,31.57203684,306,2018,"Census Tract 505.44, Gwinnett County, Georgia",50544,13,135,13135050544,12708,5767,6941,37.6,1377,12052.0,82.0,2441.0,3611.0,0.0,368.0,5550.0,587.0,2481.0,3667.0,31565.0,12639.0,1553.0,675.0,1081.0,1037.0,1076.0,1084.0,200.0,1439.0,12708,10860,1848,13,135,50544,3293.9346809999997,35721.15000000002,74
810,28199,28501,GA,13247060309,3.22,33.68762720000001,-84.01943059999999,Georgia,Emory University Hospital,Comprehensive Stroke Center,-84.32186,33.792320000000004,30.33527686,1323,2018,"Census Tract 603.09, Rockdale County, Georgia",60309,13,247,13247060309,6066,2788,3278,28.6,560,5961.0,0.0,88.0,3499.0,0.0,77.0,2297.0,0.0,1037.0,1337.0,21893.0,5961.0,734.0,463.0,884.0,449.0,472.0,296.0,136.0,277.0,6066,5137,929,13,247,60309,1883.850932,33524.65400000001,66
811,28201,28503,GA,13247060407,2.2840000000000003,33.5656211,-84.0202011,Georgia,Emory University Hospital,Comprehensive Stroke Center,-84.32186,33.792320000000004,37.61310232,1331,2018,"Census Tract 604.07, Rockdale County, Georgia",60407,13,247,13247060407,3225,1628,1597,39.0,471,3205.0,0.0,56.0,1076.0,0.0,7.0,2066.0,0.0,63.0,2003.0,30331.0,3197.0,302.0,372.0,256.0,270.0,364.0,182.0,168.0,244.0,3225,2795,430,13,247,60407,1411.996497,43184.07099999999,103
812,28207,28509,GA,13135050719,2.266,33.843227500000005,-84.024743,Georgia,Emory University Hospital,Comprehensive Stroke Center,-84.32186,33.792320000000004,28.08112754,344,2018,"Census Tract 507.19, Gwinnett County, Georgia",50719,13,135,13135050719,5895,2825,3070,33.4,339,5614.0,0.0,130.0,3196.0,0.0,22.0,2266.0,170.0,978.0,1442.0,28324.0,5784.0,721.0,356.0,570.0,745.0,742.0,158.0,216.0,242.0,5882,4950,932,13,135,50719,2601.500441,31528.496999999992,101
813,28208,28510,GA,13275960200,79.403,30.967838,-84.02523149999999,Florida,Tallahassee Memorial Hospital,Comprehensive Stroke Center,-84.26194,30.45625,61.08135085,1822,2018,"Census Tract 9602, Thomas County, Georgia",960200,13,275,13275960200,4143,1973,2170,45.4,702,3979.0,0.0,23.0,495.0,0.0,0.0,3461.0,98.0,18.0,3450.0,25774.0,4077.0,602.0,339.0,484.0,512.0,487.0,224.0,87.0,211.0,4143,3130,1013,13,275,960200,52.17686989,69116.40899999999,105
814,28209,28511,GA,13135050103,8.258,34.134310600000006,-84.02586070000001,Georgia,Emory University Hospital,Comprehensive Stroke Center,-84.32186,33.792320000000004,46.77001248,345,2018,"Census Tract 501.03, Gwinnett County, Georgia",50103,13,135,13135050103,11526,5680,5846,35.0,1110,11162.0,36.0,417.0,1334.0,0.0,630.0,8745.0,216.0,2560.0,7063.0,36213.0,11279.0,966.0,658.0,1042.0,1043.0,1611.0,1009.0,230.0,1119.0,11427,9342,2085,13,135,50103,1395.737467,52227.53499999993,84
815,28210,28512,GA,13247060406,4.171,33.5830604,-84.02630309999999,Georgia,Emory University Hospital,Comprehensive Stroke Center,-84.32186,33.792320000000004,35.91275064,1325,2018,"Census Tract 604.06, Rockdale County, Georgia",60406,13,247,13247060406,5659,2658,3001,46.3,1092,5509.0,0.0,306.0,2290.0,0.0,175.0,2738.0,133.0,308.0,2608.0,29306.0,5642.0,756.0,359.0,688.0,560.0,533.0,407.0,175.0,699.0,5659,4902,757,13,247,60406,1356.748981,41810.22999999998,101
816,28213,28515,GA,13135050525,3.361,34.0152145,-84.02669,Georgia,Emory University Hospital,Comprehensive Stroke Center,-84.32186,33.792320000000004,36.83123602,718,2018,"Census Tract 505.25, Gwinnett County, Georgia",50525,13,135,13135050525,8460,4064,4396,39.2,817,8171.0,18.0,1436.0,1540.0,0.0,837.0,4340.0,201.0,1430.0,3787.0,35765.0,8354.0,804.0,473.0,754.0,766.0,812.0,1008.0,252.0,807.0,8460,7258,1202,13,135,50525,2517.1080039999997,42283.37499999997,62
817,28216,28518,GA,13135050718,4.726,33.8730451,-84.0283413,Georgia,Emory University Hospital,Comprehensive Stroke Center,-84.32186,33.792320000000004,28.60710051,438,2018,"Census Tract 507.18, Gwinnett County, Georgia",50718,13,135,13135050718,8602,4104,4498,43.8,1477,8391.0,0.0,1116.0,1712.0,0.0,368.0,5195.0,192.0,522.0,5041.0,36735.0,8424.0,970.0,718.0,731.0,564.0,909.0,827.0,301.0,1250.0,8424,8050,374,13,135,50718,1820.1438850000002,33786.340000000004,96
818,28217,28519,GA,13135050540,1.6880000000000002,33.9748309,-84.02848,Georgia,Emory University Hospital,Comprehensive Stroke Center,-84.32186,33.792320000000004,33.85920062,302,2018,"Census Tract 505.40, Gwinnett County, Georgia",50540,13,135,13135050540,7469,3461,4008,34.3,380,7099.0,12.0,412.0,2869.0,0.0,202.0,3604.0,285.0,1310.0,2508.0,32633.0,7384.0,689.0,554.0,599.0,663.0,769.0,713.0,90.0,755.0,7469,6346,1123,13,135,50540,4424.763033,38295.315,57
819,28218,28520,GA,13095011200,27.604,31.5895783,-84.02948070000001,Florida,Tallahassee Memorial Hospital,Comprehensive Stroke Center,-84.26194,30.45625,127.59712150000001,1463,2018,"Census Tract 112, Dougherty County, Georgia",11200,13,95,13095011200,4128,2338,1790,30.5,483,4075.0,42.0,0.0,2405.0,1.0,190.0,1437.0,40.0,312.0,1341.0,14083.0,3868.0,1037.0,382.0,477.0,294.0,220.0,166.0,43.0,87.0,4128,2813,1315,13,95,11200,149.5435444,140914.55600000007,158
820,28219,28521,GA,13135050549,1.526,34.0003405,-84.0299278,Georgia,Emory University Hospital,Comprehensive Stroke Center,-84.32186,33.792320000000004,35.51826394,311,2018,"Census Tract 505.49, Gwinnett County, Georgia",50549,13,135,13135050549,5351,2862,2489,38.1,458,5220.0,0.0,642.0,1203.0,0.0,176.0,3199.0,57.0,1072.0,2342.0,28056.0,5277.0,662.0,513.0,400.0,600.0,409.0,452.0,105.0,571.0,5351,4764,587,13,135,50549,3506.5530799999997,41394.77299999999,74
821,28221,28523,GA,13135050722,1.393,33.817370700000005,-84.0312365,Georgia,Emory University Hospital,Comprehensive Stroke Center,-84.32186,33.792320000000004,27.05349378,318,2018,"Census Tract 507.22, Gwinnett County, Georgia",50722,13,135,13135050722,3781,1929,1852,33.8,234,3588.0,0.0,332.0,1924.0,0.0,117.0,1215.0,115.0,652.0,787.0,29589.0,3703.0,471.0,203.0,301.0,391.0,284.0,253.0,106.0,264.0,3781,2895,886,13,135,50722,2714.285714,30963.76099999999,92
822,28223,28525,GA,13291000201,109.162,34.7530168,-84.0325153,Georgia,WellStar Kennestone Regional Medical Center,Comprehensive Stroke Center,-84.55109,33.969758,99.12025544,1194,2018,"Census Tract 2.01, Union County, Georgia",201,13,291,13291000201,2441,1189,1252,60.2,1032,2424.0,7.0,12.0,18.0,0.0,0.0,2387.0,17.0,23.0,2364.0,23635.0,2419.0,277.0,282.0,510.0,327.0,217.0,169.0,42.0,160.0,2423,2231,192,13,291,201,22.36126124,135932.41399999996,147
823,28224,28526,GA,13247060304,7.984,33.6579651,-84.03252509999999,Georgia,Emory University Hospital,Comprehensive Stroke Center,-84.32186,33.792320000000004,30.67851476,1330,2018,"Census Tract 603.04, Rockdale County, Georgia",60304,13,247,13247060304,5900,2840,3060,37.1,825,5759.0,0.0,126.0,3191.0,0.0,352.0,2090.0,70.0,944.0,1577.0,30708.0,5803.0,802.0,249.0,596.0,608.0,578.0,445.0,110.0,530.0,5900,4833,1067,13,247,60304,738.9779559,34062.806,65
824,28225,28527,GA,13247060404,5.933,33.6088016,-84.03332359999999,Georgia,Emory University Hospital,Comprehensive Stroke Center,-84.32186,33.792320000000004,33.61360872,1329,2018,"Census Tract 604.04, Rockdale County, Georgia",60404,13,247,13247060404,6483,2997,3486,40.9,1031,6185.0,0.0,198.0,2752.0,0.0,0.0,3235.0,199.0,147.0,3198.0,31026.0,6335.0,721.0,469.0,617.0,718.0,558.0,585.0,114.0,691.0,6483,5852,631,13,247,60404,1092.7018369999998,38570.08800000001,84
825,28230,28533,GA,13135050536,2.94,33.9556385,-84.0346568,Georgia,Emory University Hospital,Comprehensive Stroke Center,-84.32186,33.792320000000004,32.15977534,298,2018,"Census Tract 505.36, Gwinnett County, Georgia",50536,13,135,13135050536,5479,2750,2729,33.0,320,5170.0,0.0,762.0,1694.0,0.0,703.0,2011.0,204.0,1749.0,1143.0,30806.0,5364.0,401.0,203.0,525.0,860.0,520.0,343.0,185.0,188.0,5479,4103,1376,13,135,50536,1863.6054420000003,34965.37700000001,55
826,28231,28534,GA,13177020100,136.248,31.785216899999998,-84.0349941,Alabama,Southeast Health,Comprehensive Stroke Center,-85.36301,31.21588,141.0739659,656,2018,"Census Tract 201, Lee County, Georgia",20100,13,177,13177020100,6275,3097,3178,41.2,910,6174.0,0.0,131.0,817.0,38.0,0.0,5188.0,53.0,91.0,5097.0,33084.0,6184.0,708.0,295.0,689.0,722.0,887.0,459.0,246.0,451.0,6263,5661,602,13,177,20100,46.05572192,160003.66900000008,147
827,28236,28539,GA,13275960800,62.056000000000004,30.771162,-84.0384937,Florida,Tallahassee Memorial Hospital,Comprehensive Stroke Center,-84.26194,30.45625,40.96223896,1821,2018,"Census Tract 9608, Thomas County, Georgia",960800,13,275,13275960800,5341,2461,2880,40.6,916,5255.0,0.0,8.0,3095.0,0.0,6.0,2146.0,0.0,164.0,1988.0,22101.0,5084.0,656.0,634.0,527.0,410.0,476.0,173.0,69.0,568.0,5243,4609,634,13,275,960800,86.06742297,44639.13100000002,91
828,28237,28540,GA,13135050538,1.923,33.9818083,-84.0398225,Georgia,Emory University Hospital,Comprehensive Stroke Center,-84.32186,33.792320000000004,33.50325739,300,2018,"Census Tract 505.38, Gwinnett County, Georgia",50538,13,135,13135050538,7951,3813,4138,37.4,690,7762.0,0.0,1536.0,1699.0,0.0,105.0,4422.0,174.0,1027.0,3620.0,32955.0,7936.0,764.0,487.0,689.0,825.0,673.0,580.0,114.0,1043.0,7951,6063,1888,13,135,50538,4134.6853869999995,38818.554,65
829,28239,28542,GA,13135050709,7.6579999999999995,33.7842407,-84.04038359999998,Georgia,Emory University Hospital,Comprehensive Stroke Center,-84.32186,33.792320000000004,26.08386461,451,2018,"Census Tract 507.09, Gwinnett County, Georgia",50709,13,135,13135050709,13467,6429,7038,34.6,1041,13147.0,21.0,207.0,7912.0,16.0,1293.0,3698.0,189.0,2023.0,2692.0,30752.0,13336.0,1390.0,806.0,1221.0,1111.0,1339.0,881.0,367.0,1077.0,13422,11725,1697,13,135,50709,1758.5531469999999,29400.134,92
830,28241,28544,GA,13135050713,2.48,33.8953523,-84.0407,Georgia,Emory University Hospital,Comprehensive Stroke Center,-84.32186,33.792320000000004,28.421250099999998,343,2018,"Census Tract 507.13, Gwinnett County, Georgia",50713,13,135,13135050713,7611,3921,3690,39.5,839,7446.0,0.0,748.0,1342.0,0.0,615.0,4741.0,73.0,823.0,4431.0,46792.0,7508.0,607.0,393.0,441.0,386.0,852.0,523.0,398.0,1396.0,7611,6660,951,13,135,50713,3068.9516129999997,34017.06900000001,94
831,28244,28547,GA,13117130105,3.865,34.2607618,-84.0421364,Georgia,WellStar Kennestone Regional Medical Center,Comprehensive Stroke Center,-84.55109,33.969758,56.98078204,1387,2018,"Census Tract 1301.05, Forsyth County, Georgia",130105,13,117,13117130105,2628,1188,1440,39.4,383,2596.0,10.0,4.0,84.0,0.0,0.0,2498.0,6.0,421.0,2077.0,27352.0,2598.0,420.0,194.0,224.0,371.0,168.0,143.0,79.0,188.0,2628,2273,355,13,117,130105,679.9482536,64441.248999999996,81
832,28247,28550,GA,13135050213,6.706,34.0636681,-84.0444275,Georgia,Emory University Hospital,Comprehensive Stroke Center,-84.32186,33.792320000000004,39.54658807,1147,2018,"Census Tract 502.13, Gwinnett County, Georgia",50213,13,135,13135050213,12940,5864,7076,39.9,1258,12525.0,22.0,3457.0,1876.0,0.0,467.0,6703.0,274.0,944.0,6023.0,40970.0,12799.0,1478.0,775.0,759.0,559.0,865.0,623.0,429.0,2417.0,12940,11890,1050,13,135,50213,1929.61527,44353.87899999996,75
833,28249,28552,GA,13117130505,4.604,34.2186313,-84.044931,Georgia,Emory University Hospital,Comprehensive Stroke Center,-84.32186,33.792320000000004,53.76392308,807,2018,"Census Tract 1305.05, Forsyth County, Georgia",130505,13,117,13117130505,2572,1216,1356,49.3,731,2543.0,10.0,16.0,16.0,0.0,21.0,2480.0,29.0,188.0,2332.0,37989.0,2572.0,296.0,272.0,234.0,210.0,352.0,222.0,93.0,403.0,2572,2275,297,13,117,130505,558.6446568,66801.94799999996,104
834,28250,28553,GA,13135050725,1.9040000000000001,33.836939799999996,-84.04566870000001,Georgia,Emory University Hospital,Comprehensive Stroke Center,-84.32186,33.792320000000004,26.04569979,321,2018,"Census Tract 507.25, Gwinnett County, Georgia",50725,13,135,13135050725,6504,3048,3456,34.8,512,6374.0,0.0,225.0,3785.0,10.0,169.0,2185.0,118.0,818.0,1560.0,31384.0,6492.0,531.0,195.0,582.0,809.0,480.0,442.0,267.0,417.0,6504,5847,657,13,135,50725,3415.966387,28714.861999999994,85
835,28251,28554,GA,13151070203,34.97,33.4725208,-84.0466038,Georgia,Emory University Hospital,Comprehensive Stroke Center,-84.32186,33.792320000000004,43.70796351,1204,2018,"Census Tract 702.03, Henry County, Georgia",70203,13,151,13151070203,17104,8078,9026,38.3,2155,16142.0,65.0,29.0,3859.0,0.0,401.0,11788.0,828.0,616.0,11759.0,37449.0,16970.0,1438.0,1115.0,1410.0,1373.0,1556.0,1380.0,582.0,2488.0,17104,16240,864,13,151,70203,489.1049471,55052.43,107
836,28253,28556,GA,13035150300,59.18,33.259272499999994,-84.0482745,Georgia,Grady Memorial Hospital,Comprehensive Stroke Center,-84.38242,33.752320000000005,62.88445588,1450,2018,"Census Tract 1503, Butts County, Georgia",150300,13,35,13035150300,7563,4755,2808,38.3,915,7425.0,10.0,50.0,2557.0,0.0,185.0,4623.0,46.0,383.0,4440.0,20221.0,5051.0,1206.0,567.0,915.0,625.0,395.0,348.0,76.0,395.0,5144,4736,408,13,35,150300,127.79655290000001,67936.063,59
837,28254,28557,GA,13135050532,2.221,33.9245014,-84.0483998,Georgia,Emory University Hospital,Comprehensive Stroke Center,-84.32186,33.792320000000004,29.24590555,294,2018,"Census Tract 505.32, Gwinnett County, Georgia",50532,13,135,13135050532,8156,3951,4205,35.0,464,7644.0,9.0,1101.0,2763.0,0.0,546.0,3225.0,396.0,1496.0,2380.0,31867.0,7928.0,615.0,340.0,993.0,1071.0,824.0,676.0,272.0,514.0,8141,6758,1383,13,135,50532,3672.219721,31930.52299999999,80
838,28261,28564,GA,13247060201,4.881,33.7032625,-84.0517635,Georgia,Emory University Hospital,Comprehensive Stroke Center,-84.32186,33.792320000000004,26.905236600000002,1327,2018,"Census Tract 602.01, Rockdale County, Georgia",60201,13,247,13247060201,4631,2419,2212,28.6,363,4513.0,0.0,86.0,1109.0,0.0,248.0,3070.0,42.0,2508.0,921.0,21087.0,4100.0,452.0,288.0,746.0,250.0,402.0,144.0,30.0,173.0,4170,3023,1147,13,247,60201,948.7809875,30383.929,63
839,28262,28565,GA,13135050715,2.738,33.868658,-84.0524515,Georgia,Emory University Hospital,Comprehensive Stroke Center,-84.32186,33.792320000000004,26.33682198,353,2018,"Census Tract 507.15, Gwinnett County, Georgia",50715,13,135,13135050715,6032,2866,3166,36.3,645,5907.0,14.0,426.0,1532.0,0.0,414.0,3521.0,47.0,637.0,3277.0,34851.0,5939.0,552.0,402.0,522.0,472.0,539.0,642.0,121.0,636.0,6032,5161,871,13,135,50715,2203.067933,31116.719999999987,95
840,28263,28566,GA,13135050529,2.106,34.012268799999994,-84.05337420000001,Georgia,Emory University Hospital,Comprehensive Stroke Center,-84.32186,33.792320000000004,34.81164937,291,2018,"Census Tract 505.29, Gwinnett County, Georgia",50529,13,135,13135050529,4119,2028,2091,33.7,234,3892.0,0.0,555.0,699.0,0.0,24.0,2614.0,119.0,784.0,1854.0,34719.0,4011.0,327.0,193.0,336.0,507.0,538.0,246.0,123.0,434.0,4119,3421,698,13,135,50529,1955.840456,38927.52699999998,62
841,28266,28569,GA,13079070100,149.42600000000002,32.7611127,-84.05407890000001,Georgia,Grady Memorial Hospital,Comprehensive Stroke Center,-84.38242,33.752320000000005,114.111675,901,2018,"Census Tract 701, Crawford County, Georgia",70100,13,79,13079070100,3774,1786,1988,40.6,697,3650.0,0.0,0.0,1699.0,0.0,0.0,1951.0,42.0,7.0,1944.0,25556.0,3554.0,419.0,203.0,548.0,402.0,313.0,236.0,114.0,165.0,3631,2947,684,13,79,70100,25.25664878,127129.213,96
842,28267,28570,GA,13135050535,2.501,33.9446554,-84.05411640000001,Georgia,Emory University Hospital,Comprehensive Stroke Center,-84.32186,33.792320000000004,29.98724195,297,2018,"Census Tract 505.35, Gwinnett County, Georgia",50535,13,135,13135050535,7510,3826,3684,34.7,494,7376.0,126.0,1162.0,2635.0,0.0,1268.0,2185.0,123.0,2070.0,1409.0,27698.0,7469.0,487.0,647.0,835.0,1068.0,929.0,459.0,100.0,604.0,7508,5425,2083,13,135,50535,3002.7988800000003,33166.515,63
843,28268,28571,GA,13135050109,3.377,34.0948498,-84.0549488,Georgia,Emory University Hospital,Comprehensive Stroke Center,-84.32186,33.792320000000004,41.65233219,1141,2018,"Census Tract 501.09, Gwinnett County, Georgia",50109,13,135,13135050109,7803,3908,3895,37.0,526,7373.0,0.0,1636.0,1097.0,0.0,301.0,4339.0,317.0,966.0,3693.0,36069.0,7690.0,803.0,259.0,702.0,459.0,953.0,421.0,317.0,792.0,7793,6539,1254,13,135,50109,2310.630737,45934.68299999996,77
844,28269,28572,GA,13117130101,9.952,34.287392,-84.0556222,Georgia,WellStar Kennestone Regional Medical Center,Comprehensive Stroke Center,-84.55109,33.969758,57.7086725,1383,2018,"Census Tract 1301.01, Forsyth County, Georgia",130101,13,117,13117130101,4183,2103,2080,41.0,549,4183.0,0.0,105.0,56.0,0.0,11.0,4011.0,0.0,441.0,3614.0,39087.0,4183.0,419.0,168.0,485.0,331.0,336.0,384.0,133.0,662.0,4183,3847,336,13,117,130101,420.3175241,64650.68699999999,82
845,28270,28573,GA,13135050723,3.5660000000000003,33.8167527,-84.05647309999999,Georgia,Emory University Hospital,Comprehensive Stroke Center,-84.32186,33.792320000000004,24.72270227,319,2018,"Census Tract 507.23, Gwinnett County, Georgia",50723,13,135,13135050723,8148,4017,4131,40.7,1104,7904.0,0.0,785.0,5213.0,0.0,154.0,1752.0,225.0,491.0,1530.0,31767.0,8119.0,676.0,436.0,747.0,980.0,694.0,598.0,228.0,819.0,8139,7364,775,13,135,50723,2284.913068,28963.191999999992,88
846,28271,28574,GA,13261950800,112.55,31.968503000000002,-84.05667700000001,Alabama,Southeast Health,Comprehensive Stroke Center,-85.36301,31.21588,149.4492185,505,2018,"Census Tract 9508, Sumter County, Georgia",950800,13,261,13261950800,2546,1180,1366,48.2,477,2502.0,5.0,15.0,919.0,0.0,33.0,1530.0,29.0,133.0,1464.0,19816.0,2531.0,473.0,241.0,256.0,193.0,237.0,82.0,124.0,146.0,2543,2309,234,13,261,950800,22.62105731,172315.2960000001,155
847,28275,28578,GA,13135050530,1.37,33.997809100000005,-84.0579916,Georgia,Emory University Hospital,Comprehensive Stroke Center,-84.32186,33.792320000000004,33.39515047,292,2018,"Census Tract 505.30, Gwinnett County, Georgia",50530,13,135,13135050530,6321,3010,3311,38.5,568,6172.0,39.0,1662.0,1191.0,0.0,120.0,3160.0,92.0,634.0,2655.0,35313.0,6264.0,918.0,245.0,640.0,381.0,618.0,493.0,240.0,859.0,6321,5549,772,13,135,50530,4613.868613000001,38163.69699999999,64
848,28276,28579,GA,13205090200,121.82,31.207650899999997,-84.0580517,Florida,Tallahassee Memorial Hospital,Comprehensive Stroke Center,-84.26194,30.45625,85.55845006,196,2018,"Census Tract 902, Mitchell County, Georgia",90200,13,205,13205090200,3292,1568,1724,41.5,692,3202.0,9.0,0.0,864.0,0.0,0.0,2329.0,26.0,72.0,2276.0,20083.0,3132.0,495.0,310.0,514.0,271.0,305.0,109.0,78.0,75.0,3196,2644,552,13,205,90200,27.02347726,96670.08599999995,119
849,28279,28582,GA,13247060202,10.932,33.6500086,-84.0621864,Georgia,Emory University Hospital,Comprehensive Stroke Center,-84.32186,33.792320000000004,28.78241168,1321,2018,"Census Tract 602.02, Rockdale County, Georgia",60202,13,247,13247060202,10539,5012,5527,37.6,1393,9903.0,50.0,295.0,6201.0,0.0,137.0,3220.0,572.0,828.0,2690.0,29886.0,10406.0,981.0,696.0,1046.0,1293.0,1040.0,658.0,222.0,1072.0,10535,9540,995,13,247,60202,964.050494,34110.665,73
850,28280,28583,GA,13135050712,3.2,33.8954063,-84.0631293,Georgia,Emory University Hospital,Comprehensive Stroke Center,-84.32186,33.792320000000004,26.53626819,448,2018,"Census Tract 507.12, Gwinnett County, Georgia",50712,13,135,13135050712,7353,3801,3552,42.8,1230,7097.0,0.0,587.0,1315.0,0.0,26.0,5169.0,208.0,1332.0,3912.0,31978.0,7305.0,1291.0,396.0,615.0,538.0,457.0,654.0,184.0,1228.0,7353,7094,259,13,135,50712,2297.8125,31207.649999999994,93
851,28281,28584,GA,13187960201,58.645,34.4964512,-84.06322809999999,Georgia,WellStar Kennestone Regional Medical Center,Comprehensive Stroke Center,-84.55109,33.969758,73.71322941,1641,2018,"Census Tract 9602.01, Lumpkin County, Georgia",960201,13,187,13187960201,10716,4848,5868,32.0,1394,10525.0,117.0,61.0,89.0,0.0,80.0,10178.0,157.0,367.0,9900.0,22133.0,9516.0,2076.0,986.0,858.0,837.0,1178.0,523.0,153.0,688.0,10716,9847,869,13,187,960201,182.72657519999998,94345.83899999995,137
852,28282,28585,GA,13275960100,28.273000000000003,31.0461591,-84.0632762,Florida,Tallahassee Memorial Hospital,Comprehensive Stroke Center,-84.26194,30.45625,68.11059586,1814,2018,"Census Tract 9601, Thomas County, Georgia",960100,13,275,13275960100,1288,556,732,38.0,178,1209.0,0.0,0.0,596.0,0.0,49.0,564.0,56.0,133.0,548.0,16567.0,1235.0,215.0,160.0,187.0,113.0,55.0,43.0,10.0,56.0,1288,1030,258,13,275,960100,45.55583065,78174.03300000002,106
853,28285,28588,GA,13135050210,4.918,34.0401917,-84.0647787,Georgia,Emory University Hospital,Comprehensive Stroke Center,-84.32186,33.792320000000004,36.34712716,1144,2018,"Census Tract 502.10, Gwinnett County, Georgia",50210,13,135,13135050210,8093,3742,4351,35.3,608,7786.0,0.0,1899.0,1647.0,0.0,33.0,4207.0,274.0,666.0,3619.0,39236.0,7986.0,570.0,323.0,588.0,934.0,752.0,547.0,430.0,1240.0,8078,7117,961,13,135,50210,1645.5876369999999,41775.51699999998,55
854,28286,28589,GA,13135050107,5.995,34.1395971,-84.06558009999999,Georgia,Emory University Hospital,Comprehensive Stroke Center,-84.32186,33.792320000000004,45.22000592,1139,2018,"Census Tract 501.07, Gwinnett County, Georgia",50107,13,135,13135050107,8371,3878,4493,33.7,746,7942.0,0.0,689.0,1193.0,0.0,183.0,5877.0,366.0,1252.0,4950.0,42119.0,8308.0,792.0,342.0,424.0,433.0,807.0,720.0,222.0,1061.0,8371,7620,751,13,135,50107,1396.330275,51633.616999999926,100
855,28287,28590,GA,13135050729,1.037,33.8321801,-84.0658843,Georgia,Emory University Hospital,Comprehensive Stroke Center,-84.32186,33.792320000000004,24.10901642,325,2018,"Census Tract 507.29, Gwinnett County, Georgia",50729,13,135,13135050729,3510,1663,1847,34.8,321,3421.0,0.0,155.0,1826.0,0.0,148.0,1292.0,48.0,484.0,962.0,26590.0,3424.0,363.0,286.0,479.0,337.0,483.0,228.0,144.0,95.0,3510,2793,717,13,135,50729,3384.763742,26860.410000000003,79
856,28289,28592,GA,13089023315,8.999,33.7541928,-84.0660228,Georgia,Emory University Hospital,Comprehensive Stroke Center,-84.32186,33.792320000000004,24.07245501,1411,2018,"Census Tract 233.15, DeKalb County, Georgia",23315,13,89,13089023315,5655,2479,3176,38.9,643,5453.0,47.0,0.0,5001.0,0.0,33.0,372.0,157.0,95.0,366.0,31206.0,5606.0,672.0,339.0,494.0,505.0,602.0,393.0,151.0,608.0,5651,5160,491,13,89,23315,628.4031558999999,28447.478,85
857,28290,28593,GA,13135050511,4.927,33.9722386,-84.0663115,Georgia,Emory University Hospital,Comprehensive Stroke Center,-84.32186,33.792320000000004,30.93827453,442,2018,"Census Tract 505.11, Gwinnett County, Georgia",50511,13,135,13135050511,12864,6096,6768,35.7,1048,12092.0,422.0,2231.0,3790.0,1.0,847.0,4801.0,481.0,4512.0,2277.0,27963.0,12573.0,1284.0,596.0,1288.0,1037.0,1328.0,576.0,233.0,1100.0,12864,9857,3007,13,135,50511,2610.9194239999997,35312.662000000004,64
858,28294,28597,GA,13291000204,26.28,34.8519283,-84.0673616,Georgia,WellStar Kennestone Regional Medical Center,Comprehensive Stroke Center,-84.55109,33.969758,107.49010020000001,1196,2018,"Census Tract 2.04, Union County, Georgia",204,13,291,13291000204,3256,1585,1671,46.9,805,3171.0,0.0,39.0,0.0,0.0,0.0,3132.0,21.0,163.0,2990.0,24018.0,3192.0,462.0,282.0,656.0,360.0,310.0,145.0,190.0,230.0,3256,2621,635,13,291,204,123.89649920000001,138435.83499999993,173
859,28295,28598,GA,13135050534,1.746,33.9424502,-84.0688637,Georgia,Emory University Hospital,Comprehensive Stroke Center,-84.32186,33.792320000000004,28.72797578,296,2018,"Census Tract 505.34, Gwinnett County, Georgia",50534,13,135,13135050534,9215,4988,4227,30.8,691,8782.0,78.0,1418.0,2473.0,0.0,1130.0,3683.0,179.0,3086.0,2225.0,30065.0,8961.0,889.0,497.0,840.0,811.0,963.0,732.0,186.0,504.0,9215,7167,2048,13,135,50534,5277.777778,31616.86599999999,66
860,28297,28600,GA,13117130504,3.307,34.1963597,-84.07172890000001,Georgia,Emory University Hospital,Comprehensive Stroke Center,-84.32186,33.792320000000004,50.42443209,806,2018,"Census Tract 1305.04, Forsyth County, Georgia",130504,13,117,13117130504,4429,2333,2096,37.6,543,4344.0,0.0,164.0,332.0,0.0,56.0,3792.0,0.0,708.0,3267.0,32819.0,4344.0,538.0,235.0,380.0,548.0,426.0,338.0,133.0,558.0,4429,3921,508,13,117,130504,1339.280314,64626.359999999964,106
861,28299,28602,GA,13135050714,3.138,33.856170899999995,-84.0720875,Georgia,Emory University Hospital,Comprehensive Stroke Center,-84.32186,33.792320000000004,24.182903200000002,437,2018,"Census Tract 507.14, Gwinnett County, Georgia",50714,13,135,13135050714,5991,3177,2814,39.5,600,5661.0,9.0,603.0,1670.0,0.0,67.0,3312.0,253.0,385.0,3092.0,41205.0,5898.0,577.0,343.0,398.0,426.0,516.0,437.0,255.0,1012.0,5971,5423,548,13,135,50714,1909.1778199999999,29398.41799999999,89
862,28310,28613,GA,13247060405,17.58,33.5772136,-84.0785178,Georgia,Emory University Hospital,Comprehensive Stroke Center,-84.32186,33.792320000000004,32.83856144,1324,2018,"Census Tract 604.05, Rockdale County, Georgia",60405,13,247,13247060405,6692,3306,3386,46.3,1015,6449.0,0.0,72.0,3602.0,0.0,0.0,2775.0,182.0,394.0,2572.0,38107.0,6542.0,655.0,239.0,616.0,476.0,869.0,802.0,151.0,597.0,6692,5981,711,13,247,60405,380.65984069999996,37779.53700000001,90
863,28313,28616,GA,13135050531,2.8680000000000003,33.909942,-84.0797877,Georgia,Emory University Hospital,Comprehensive Stroke Center,-84.32186,33.792320000000004,25.92480617,293,2018,"Census Tract 505.31, Gwinnett County, Georgia",50531,13,135,13135050531,9628,4485,5143,27.6,561,9498.0,0.0,577.0,3006.0,0.0,1960.0,3955.0,48.0,3582.0,1914.0,31553.0,9546.0,973.0,379.0,666.0,928.0,731.0,717.0,152.0,706.0,9628,7306,2322,13,135,50531,3357.043236,28950.217999999993,82
864,28314,28617,GA,13089023303,7.396,33.7165568,-84.0804965,Georgia,Emory University Hospital,Comprehensive Stroke Center,-84.32186,33.792320000000004,23.88911248,513,2018,"Census Tract 233.03, DeKalb County, Georgia",23303,13,89,13089023303,6867,2702,4165,34.5,530,6621.0,0.0,346.0,5712.0,0.0,168.0,395.0,129.0,262.0,273.0,26554.0,6737.0,749.0,543.0,737.0,644.0,576.0,568.0,154.0,363.0,6867,5929,938,13,89,23303,928.4748513000001,27741.596999999994,66
865,28315,28618,GA,13135050416,2.187,33.791671799999996,-84.0805841,Georgia,Emory University Hospital,Comprehensive Stroke Center,-84.32186,33.792320000000004,22.34451628,347,2018,"Census Tract 504.16, Gwinnett County, Georgia",50416,13,135,13135050416,3726,1849,1877,32.9,252,3613.0,114.0,120.0,2155.0,0.0,579.0,645.0,47.0,759.0,600.0,32222.0,3659.0,349.0,82.0,482.0,306.0,570.0,255.0,69.0,261.0,3718,3111,607,13,135,50416,1703.703704,24689.505,71
866,28318,28621,GA,13117130507,2.454,34.1839445,-84.0827934,Georgia,Emory University Hospital,Comprehensive Stroke Center,-84.32186,33.792320000000004,48.73343057,809,2018,"Census Tract 1305.07, Forsyth County, Georgia",130507,13,117,13117130507,3137,1524,1613,44.6,726,3078.0,0.0,299.0,0.0,0.0,0.0,2779.0,17.0,172.0,2607.0,44375.0,3095.0,279.0,178.0,218.0,287.0,215.0,329.0,129.0,624.0,3137,3007,130,13,117,130507,1278.321108,54457.570999999974,100
867,28319,28622,GA,13151070403,21.805,33.3716809,-84.0830223,Georgia,Grady Memorial Hospital,Comprehensive Stroke Center,-84.38242,33.752320000000005,50.54976203,1963,2018,"Census Tract 704.03, Henry County, Georgia",70403,13,151,13151070403,10902,5403,5499,36.7,1230,10787.0,20.0,0.0,2111.0,0.0,141.0,8515.0,55.0,654.0,8002.0,27593.0,10816.0,1153.0,610.0,1454.0,888.0,897.0,796.0,482.0,597.0,10902,9495,1407,13,151,70403,499.9770695,56728.47300000001,58
868,28320,28623,GA,13261950100,97.66799999999999,32.1255116,-84.08311359999999,Alabama,Southeast Health,Comprehensive Stroke Center,-85.36301,31.21588,157.80741740000002,504,2018,"Census Tract 9501, Sumter County, Georgia",950100,13,261,13261950100,1033,473,560,39.5,182,1005.0,0.0,8.0,337.0,0.0,35.0,625.0,14.0,103.0,562.0,21724.0,1017.0,161.0,71.0,166.0,146.0,95.0,40.0,13.0,50.0,1033,842,191,13,261,950100,10.57664742,183555.45899999997,166
869,28335,28638,GA,13135050216,5.347,34.0143644,-84.088535,Georgia,Emory University Hospital,Comprehensive Stroke Center,-84.32186,33.792320000000004,32.74599808,1150,2018,"Census Tract 502.16, Gwinnett County, Georgia",50216,13,135,13135050216,10623,4731,5892,38.7,1004,10239.0,50.0,4255.0,1188.0,0.0,0.0,4746.0,264.0,1373.0,3508.0,33990.0,10503.0,1287.0,478.0,1145.0,612.0,1037.0,692.0,324.0,1448.0,10623,9209,1414,13,135,50216,1986.7215260000003,37296.426999999996,77
870,28337,28640,GA,13135050533,2.501,33.923928000000004,-84.0888083,Georgia,Emory University Hospital,Comprehensive Stroke Center,-84.32186,33.792320000000004,26.04224125,295,2018,"Census Tract 505.33, Gwinnett County, Georgia",50533,13,135,13135050533,8513,4186,4327,35.8,625,8362.0,39.0,2503.0,1154.0,0.0,2267.0,2399.0,126.0,3644.0,1093.0,26090.0,8457.0,871.0,398.0,1040.0,975.0,723.0,218.0,245.0,482.0,8513,6021,2492,13,135,50533,3403.838465,29033.136999999995,83
871,28339,28642,GA,13095000100,3.15,31.5729385,-84.0898677,Florida,Tallahassee Memorial Hospital,Comprehensive Stroke Center,-84.26194,30.45625,124.8924591,470,2018,"Census Tract 1, Dougherty County, Georgia",100,13,95,13095000100,4539,2069,2470,33.1,458,4296.0,8.0,0.0,3596.0,0.0,13.0,679.0,164.0,49.0,643.0,19898.0,4460.0,808.0,274.0,702.0,572.0,312.0,82.0,36.0,73.0,4539,3698,841,13,95,100,1440.952381,135481.6679999999,165
872,28340,28643,GA,13117130506,3.9810000000000003,34.2367847,-84.08991280000001,Georgia,WellStar Kennestone Regional Medical Center,Comprehensive Stroke Center,-84.55109,33.969758,51.84758267,808,2018,"Census Tract 1305.06, Forsyth County, Georgia",130506,13,117,13117130506,3793,2000,1793,35.9,379,3548.0,0.0,25.0,0.0,0.0,13.0,3510.0,194.0,346.0,3177.0,36792.0,3706.0,450.0,221.0,264.0,283.0,378.0,197.0,152.0,620.0,3793,3530,263,13,117,130506,952.7756845,57930.414999999986,78
873,28341,28644,GA,13135050212,6.356,34.0673101,-84.09082140000001,Georgia,Emory University Hospital,Comprehensive Stroke Center,-84.32186,33.792320000000004,37.23865145,1146,2018,"Census Tract 502.12, Gwinnett County, Georgia",50212,13,135,13135050212,13231,6389,6842,41.0,1165,12704.0,73.0,1906.0,899.0,0.0,259.0,9567.0,408.0,753.0,9038.0,43145.0,13069.0,1289.0,488.0,876.0,808.0,868.0,686.0,431.0,2860.0,13231,12762,469,13,135,50212,2081.6551289999998,41341.78699999995,80
874,28342,28645,GA,13117130205,6.484,34.276210299999995,-84.0914484,Georgia,WellStar Kennestone Regional Medical Center,Comprehensive Stroke Center,-84.55109,33.969758,54.34609401,670,2018,"Census Tract 1302.05, Forsyth County, Georgia",130205,13,117,13117130205,4354,2156,2198,32.6,462,4139.0,0.0,172.0,444.0,68.0,0.0,3455.0,127.0,804.0,2784.0,37667.0,4266.0,372.0,140.0,398.0,302.0,425.0,283.0,154.0,479.0,4328,4035,293,13,117,130205,671.4990746,61948.08999999999,71
875,28343,28646,GA,13117130204,6.581,34.316621399999995,-84.0919368,Georgia,WellStar Kennestone Regional Medical Center,Comprehensive Stroke Center,-84.55109,33.969758,57.21608001,669,2018,"Census Tract 1302.04, Forsyth County, Georgia",130204,13,117,13117130204,6310,3265,3045,32.4,689,6167.0,0.0,275.0,36.0,0.0,6.0,5850.0,80.0,404.0,5452.0,38112.0,6247.0,455.0,318.0,476.0,528.0,734.0,306.0,272.0,771.0,6310,4972,1338,13,117,130204,958.8208479,66840.95999999999,91
876,28344,28647,GA,13187960202,80.703,34.5934709,-84.09196329999999,Georgia,WellStar Kennestone Regional Medical Center,Comprehensive Stroke Center,-84.55109,33.969758,81.08038444,1640,2018,"Census Tract 9602.02, Lumpkin County, Georgia",960202,13,187,13187960202,7258,3456,3802,31.3,1247,6977.0,0.0,0.0,159.0,0.0,10.0,6808.0,205.0,526.0,6346.0,16169.0,6930.0,1710.0,965.0,1021.0,839.0,488.0,319.0,183.0,260.0,6981,5805,1176,13,187,960202,89.93469883,99960.94600000007,108
877,28348,28651,GA,13135050539,0.9009999999999999,33.944083500000005,-84.0930633,Georgia,Emory University Hospital,Comprehensive Stroke Center,-84.32186,33.792320000000004,27.046907899999997,301,2018,"Census Tract 505.39, Gwinnett County, Georgia",50539,13,135,13135050539,5634,2616,3018,31.7,296,5350.0,31.0,496.0,1941.0,0.0,964.0,1918.0,173.0,2385.0,656.0,25091.0,5489.0,581.0,417.0,724.0,623.0,530.0,272.0,97.0,220.0,5634,4251,1383,13,135,50539,6253.052164,30915.733999999993,66
878,28351,28654,GA,13089023316,2.043,33.7769524,-84.0942151,Georgia,Emory University Hospital,Comprehensive Stroke Center,-84.32186,33.792320000000004,21.15263799,1412,2018,"Census Tract 233.16, DeKalb County, Georgia",23316,13,89,13089023316,8529,4003,4526,39.5,713,8258.0,0.0,0.0,7858.0,0.0,40.0,360.0,97.0,107.0,286.0,32249.0,8332.0,1038.0,416.0,858.0,908.0,975.0,759.0,408.0,717.0,8480,7643,837,13,89,23316,4174.743025,22685.485000000004,72
879,28352,28655,GA,13135050427,2.8289999999999997,33.8811945,-84.09441559999999,Georgia,Emory University Hospital,Comprehensive Stroke Center,-84.32186,33.792320000000004,23.24620896,342,2018,"Census Tract 504.27, Gwinnett County, Georgia",50427,13,135,13135050427,6439,3175,3264,40.4,1118,6219.0,0.0,1020.0,963.0,0.0,288.0,3948.0,162.0,542.0,3726.0,32921.0,6193.0,744.0,322.0,407.0,762.0,556.0,541.0,248.0,712.0,6305,5631,674,13,135,50427,2276.069282,27442.839999999997,88
880,28356,28659,GA,13135050429,3.405,33.8546768,-84.0949602,Georgia,Emory University Hospital,Comprehensive Stroke Center,-84.32186,33.792320000000004,22.11477173,456,2018,"Census Tract 504.29, Gwinnett County, Georgia",50429,13,135,13135050429,7340,3660,3680,42.1,1188,7001.0,25.0,878.0,1290.0,0.0,624.0,4184.0,188.0,1343.0,3659.0,40293.0,7021.0,581.0,244.0,675.0,738.0,702.0,700.0,239.0,953.0,7340,6481,859,13,135,50429,2155.653451,24951.61,83
881,28359,28662,GA,13135050108,5.597,34.0994645,-84.0967614,Georgia,Emory University Hospital,Comprehensive Stroke Center,-84.32186,33.792320000000004,39.92112393,1140,2018,"Census Tract 501.08, Gwinnett County, Georgia",50108,13,135,13135050108,9954,4811,5143,40.0,750,9529.0,0.0,954.0,1019.0,0.0,44.0,7512.0,278.0,572.0,6997.0,57719.0,9807.0,781.0,382.0,530.0,230.0,743.0,804.0,436.0,2345.0,9954,9570,384,13,135,50108,1778.452743,47020.86899999996,81
882,28360,28663,GA,13151070202,21.378,33.5196188,-84.0968093,Georgia,Emory University Hospital,Comprehensive Stroke Center,-84.32186,33.792320000000004,36.75092889,339,2018,"Census Tract 702.02, Henry County, Georgia",70202,13,151,13151070202,11694,5886,5808,43.3,1394,10959.0,0.0,377.0,2189.0,0.0,108.0,8285.0,642.0,746.0,7889.0,39474.0,11414.0,1329.0,497.0,981.0,690.0,1090.0,1064.0,573.0,1745.0,11662,10889,773,13,151,70202,547.0109458,44507.529999999984,98
883,28361,28664,GA,13135050415,3.2560000000000002,33.815000500000004,-84.0972463,Georgia,Emory University Hospital,Comprehensive Stroke Center,-84.32186,33.792320000000004,20.9500955,454,2018,"Census Tract 504.15, Gwinnett County, Georgia",50415,13,135,13135050415,3628,1795,1833,51.6,884,3573.0,3.0,69.0,1775.0,0.0,3.0,1723.0,36.0,180.0,1631.0,37211.0,3609.0,332.0,290.0,464.0,244.0,564.0,364.0,146.0,424.0,3628,3309,319,13,135,50415,1114.250614,24448.372000000003,65
884,28362,28665,GA,13135050537,1.3719999999999999,33.9575913,-84.09745190000001,Georgia,Emory University Hospital,Comprehensive Stroke Center,-84.32186,33.792320000000004,27.69707746,299,2018,"Census Tract 505.37, Gwinnett County, Georgia",50537,13,135,13135050537,4630,2207,2423,27.1,291,4411.0,0.0,337.0,1885.0,0.0,733.0,1456.0,149.0,1552.0,645.0,28048.0,4560.0,400.0,321.0,379.0,579.0,446.0,260.0,93.0,164.0,4630,3328,1302,13,135,50537,3374.6355689999996,32565.860999999986,57
885,28366,28669,GA,13205090100,86.56200000000001,31.380497700000003,-84.1001067,Florida,Tallahassee Memorial Hospital,Comprehensive Stroke Center,-84.26194,30.45625,103.6305354,195,2018,"Census Tract 901, Mitchell County, Georgia",90100,13,205,13205090100,3598,1894,1704,35.1,498,3468.0,13.0,3.0,1038.0,0.0,0.0,2414.0,122.0,301.0,2113.0,22338.0,3578.0,502.0,258.0,382.0,333.0,263.0,242.0,33.0,95.0,3598,2892,706,13,205,90100,41.56558305,114185.03399999996,134
886,28370,28673,GA,13171970200,77.91199999999999,33.0288174,-84.10217809999999,Georgia,Grady Memorial Hospital,Comprehensive Stroke Center,-84.38242,33.752320000000005,84.37428613,1876,2018,"Census Tract 9702, Lamar County, Georgia",970200,13,171,13171970200,7512,3375,4137,36.0,1396,7110.0,4.0,29.0,2926.0,0.0,138.0,4013.0,262.0,173.0,4004.0,16302.0,6254.0,1747.0,827.0,817.0,529.0,605.0,444.0,163.0,267.0,7387,6511,876,13,171,970200,96.41646986,92082.06300000001,76
887,28371,28674,GA,13117130508,4.377,34.1569958,-84.1024558,Georgia,Emory University Hospital,Comprehensive Stroke Center,-84.32186,33.792320000000004,45.24758664,810,2018,"Census Tract 1305.08, Forsyth County, Georgia",130508,13,117,13117130508,5615,2942,2673,42.2,732,5299.0,0.0,243.0,129.0,0.0,38.0,4889.0,248.0,290.0,4623.0,47891.0,5547.0,545.0,267.0,322.0,286.0,493.0,286.0,157.0,1308.0,5615,5505,110,13,117,130508,1282.8421289999999,51054.760999999955,84
888,28377,28680,GA,13269950200,56.589,32.5590039,-84.1049705,Georgia,Grady Memorial Hospital,Comprehensive Stroke Center,-84.38242,33.752320000000005,134.8543845,1813,2018,"Census Tract 9502, Taylor County, Georgia",950200,13,269,13269950200,2529,1238,1291,39.5,515,2513.0,0.0,48.0,1011.0,0.0,172.0,1282.0,0.0,172.0,1282.0,20180.0,2483.0,341.0,222.0,412.0,180.0,217.0,118.0,24.0,66.0,2502,2094,408,13,269,950200,44.69066426,151070.417,122
889,28379,28682,GA,13095011000,22.021,31.474744899999997,-84.1052407,Florida,Tallahassee Memorial Hospital,Comprehensive Stroke Center,-84.26194,30.45625,113.90743290000002,459,2018,"Census Tract 110, Dougherty County, Georgia",11000,13,95,13095011000,2250,1100,1150,50.7,497,2090.0,0.0,9.0,761.0,0.0,103.0,1217.0,89.0,187.0,1164.0,26422.0,2179.0,324.0,134.0,277.0,255.0,178.0,221.0,75.0,138.0,2250,1767,483,13,95,11000,102.1751964,124393.25499999996,146
890,28380,28683,GA,13135050541,0.488,33.9477158,-84.10680740000001,Georgia,Emory University Hospital,Comprehensive Stroke Center,-84.32186,33.792320000000004,26.32525197,303,2018,"Census Tract 505.41, Gwinnett County, Georgia",50541,13,135,13135050541,5040,2534,2506,26.3,83,4522.0,0.0,340.0,1308.0,56.0,721.0,2097.0,372.0,2423.0,555.0,25907.0,4845.0,459.0,336.0,633.0,635.0,675.0,166.0,35.0,52.0,5040,3481,1559,13,135,50541,10327.86885,30678.19199999999,70
891,28383,28686,GA,13135050436,2.151,33.9067283,-84.1087112,Georgia,Emory University Hospital,Comprehensive Stroke Center,-84.32186,33.792320000000004,23.45566627,715,2018,"Census Tract 504.36, Gwinnett County, Georgia",50436,13,135,13135050436,8221,4089,4132,32.5,659,8069.0,24.0,1222.0,2594.0,60.0,1511.0,2658.0,152.0,2755.0,1394.0,24922.0,8205.0,920.0,666.0,970.0,1015.0,820.0,364.0,91.0,248.0,8206,6089,2117,13,135,50436,3821.943282,25655.009,80
892,28390,28694,GA,13291000101,28.933000000000003,34.9306532,-84.11118309999999,Tennessee,Erlanger Health System,Comprehensive Stroke Center,-85.29043,35.04872,108.4579696,1192,2018,"Census Tract 1.01, Union County, Georgia",101,13,291,13291000101,3140,1437,1703,56.4,1000,3116.0,0.0,0.0,0.0,0.0,6.0,3110.0,0.0,49.0,3067.0,20778.0,3116.0,430.0,430.0,541.0,382.0,221.0,194.0,20.0,145.0,3140,2819,321,13,291,101,108.5265959,137988.23300000012,200
893,28392,28696,GA,13135050428,2.911,33.8701482,-84.1123262,Georgia,Emory University Hospital,Comprehensive Stroke Center,-84.32186,33.792320000000004,21.23027689,450,2018,"Census Tract 504.28, Gwinnett County, Georgia",50428,13,135,13135050428,6201,3050,3151,40.2,833,5788.0,65.0,1266.0,1178.0,0.0,250.0,3029.0,413.0,586.0,2907.0,35760.0,6169.0,596.0,386.0,465.0,522.0,482.0,354.0,280.0,915.0,6201,5384,817,13,135,50428,2130.195809,25047.531,83
894,28393,28697,GA,13135050217,4.919,33.9949236,-84.1125779,Georgia,Emory University Hospital,Comprehensive Stroke Center,-84.32186,33.792320000000004,29.66113634,1151,2018,"Census Tract 502.17, Gwinnett County, Georgia",50217,13,135,13135050217,10131,4756,5375,40.6,1145,9815.0,0.0,3276.0,2679.0,0.0,13.0,3847.0,256.0,472.0,3471.0,33366.0,10061.0,1287.0,640.0,582.0,985.0,486.0,651.0,170.0,1940.0,10131,9279,852,13,135,50217,2059.564952,36486.346,76
895,28395,28699,GA,13135050215,2.8139999999999996,33.9656651,-84.1142632,Georgia,Emory University Hospital,Comprehensive Stroke Center,-84.32186,33.792320000000004,27.1765159,1149,2018,"Census Tract 502.15, Gwinnett County, Georgia",50215,13,135,13135050215,2785,1225,1560,33.6,128,2630.0,42.0,1157.0,467.0,0.0,19.0,945.0,147.0,297.0,676.0,38549.0,2777.0,247.0,88.0,275.0,213.0,301.0,264.0,71.0,334.0,2755,2220,535,13,135,50215,989.6943851999999,30963.608000000007,63
896,28396,28700,GA,13135050524,1.284,33.9358227,-84.1146941,Georgia,Emory University Hospital,Comprehensive Stroke Center,-84.32186,33.792320000000004,24.91638819,717,2018,"Census Tract 505.24, Gwinnett County, Georgia",50524,13,135,13135050524,6738,3462,3276,29.8,502,6364.0,172.0,388.0,950.0,0.0,1563.0,3291.0,260.0,4081.0,952.0,26088.0,6571.0,606.0,425.0,718.0,813.0,509.0,311.0,115.0,249.0,6693,4789,1904,13,135,50524,5247.663551,30638.930999999986,71
897,28397,28701,GA,13095010700,5.095,31.5563489,-84.11496509999999,Florida,Tallahassee Memorial Hospital,Comprehensive Stroke Center,-84.26194,30.45625,122.77241299999999,476,2018,"Census Tract 107, Dougherty County, Georgia",10700,13,95,13095010700,6038,2375,3663,23.2,333,5852.0,10.0,0.0,5347.0,26.0,20.0,449.0,52.0,53.0,431.0,13106.0,4649.0,1329.0,610.0,647.0,313.0,372.0,38.0,0.0,78.0,6038,4621,1417,13,95,10700,1185.083415,131872.04799999992,153
898,28399,28703,GA,13135050430,2.45,33.8325629,-84.1150149,Georgia,Emory University Hospital,Comprehensive Stroke Center,-84.32186,33.792320000000004,19.66454555,436,2018,"Census Tract 504.30, Gwinnett County, Georgia",50430,13,135,13135050430,5409,2447,2962,37.5,772,5151.0,42.0,589.0,1521.0,0.0,198.0,2801.0,160.0,373.0,2711.0,32780.0,5288.0,680.0,276.0,550.0,488.0,606.0,321.0,129.0,700.0,5409,4600,809,13,135,50430,2207.755102,22631.058999999994,61
899,28404,28708,GA,13117130611,2.38,34.1071083,-84.1158515,Georgia,Emory University Hospital,Comprehensive Stroke Center,-84.32186,33.792320000000004,39.77216635,823,2018,"Census Tract 1306.11, Forsyth County, Georgia",130611,13,117,13117130611,5332,2524,2808,37.7,460,5177.0,0.0,1060.0,26.0,0.0,131.0,3960.0,129.0,278.0,3813.0,49025.0,5302.0,697.0,226.0,235.0,183.0,340.0,250.0,145.0,1247.0,5332,5079,253,13,117,130611,2240.336134,45703.68399999995,102
900,28412,28716,GA,13117130409,3.4189999999999996,34.225344799999995,-84.1181123,Georgia,WellStar Kennestone Regional Medical Center,Comprehensive Stroke Center,-84.55109,33.969758,48.99122177,803,2018,"Census Tract 1304.09, Forsyth County, Georgia",130409,13,117,13117130409,3542,1886,1656,35.8,542,3419.0,0.0,60.0,42.0,0.0,83.0,3234.0,80.0,685.0,2632.0,29888.0,3469.0,428.0,219.0,373.0,461.0,410.0,282.0,60.0,374.0,3533,2985,548,13,117,130409,1035.975431,55371.598000000005,67
901,28414,28718,GA,13117130509,3.31,34.1836951,-84.1189816,Georgia,WellStar Kennestone Regional Medical Center,Comprehensive Stroke Center,-84.55109,33.969758,46.41011085,811,2018,"Census Tract 1305.09, Forsyth County, Georgia",130509,13,117,13117130509,3650,1909,1741,44.4,585,3587.0,25.0,144.0,182.0,0.0,8.0,3228.0,38.0,274.0,2970.0,37652.0,3604.0,394.0,219.0,455.0,267.0,425.0,235.0,122.0,697.0,3650,3165,485,13,117,130509,1102.719033,52450.40699999999,70
902,28415,28719,GA,13095011300,6.812,31.6186418,-84.1192483,Alabama,Southeast Health,Comprehensive Stroke Center,-85.36301,31.21588,126.41353629999999,1464,2018,"Census Tract 113, Dougherty County, Georgia",11300,13,95,13095011300,2849,1468,1381,47.8,817,2770.0,8.0,0.0,1416.0,0.0,12.0,1334.0,31.0,34.0,1312.0,18782.0,2403.0,541.0,335.0,320.0,211.0,302.0,137.0,15.0,220.0,2403,1996,407,13,95,11300,418.2325308,139408.97600000005,144
903,28421,28725,GA,13089023311,1.8980000000000001,33.7788055,-84.1200363,Georgia,Emory University Hospital,Comprehensive Stroke Center,-84.32186,33.792320000000004,18.75216741,1407,2018,"Census Tract 233.11, DeKalb County, Georgia",23311,13,89,13089023311,4794,2051,2743,38.3,520,4659.0,33.0,1.0,4300.0,0.0,151.0,174.0,70.0,203.0,174.0,33641.0,4721.0,516.0,216.0,474.0,487.0,532.0,379.0,157.0,538.0,4794,4119,675,13,89,23311,2525.816649,20814.322999999993,74
904,28426,28730,GA,13117130610,4.003,34.078296200000004,-84.1208267,Georgia,Emory University Hospital,Comprehensive Stroke Center,-84.32186,33.792320000000004,36.76501898,822,2018,"Census Tract 1306.10, Forsyth County, Georgia",130610,13,117,13117130610,4976,2448,2528,42.0,427,4921.0,0.0,1155.0,69.0,0.0,50.0,3647.0,49.0,228.0,3486.0,66818.0,4970.0,525.0,230.0,225.0,120.0,215.0,203.0,115.0,1419.0,4976,4741,235,13,117,130610,1243.067699,43537.92899999994,93
905,28428,28732,GA,13095010302,3.048,31.5940495,-84.12123670000001,Alabama,Southeast Health,Comprehensive Stroke Center,-85.36301,31.21588,125.31259209999999,435,2018,"Census Tract 103.02, Dougherty County, Georgia",10302,13,95,13095010302,6160,3167,2993,30.1,567,6119.0,22.0,0.0,5591.0,0.0,0.0,506.0,41.0,30.0,476.0,13956.0,5139.0,1255.0,661.0,731.0,415.0,277.0,139.0,26.0,74.0,5172,3948,1224,13,95,10302,2020.997375,136487.90200000003,138
906,28430,28734,GA,13247060403,14.717,33.6183551,-84.1219363,Georgia,Emory University Hospital,Comprehensive Stroke Center,-84.32186,33.792320000000004,26.75464039,1335,2018,"Census Tract 604.03, Rockdale County, Georgia",60403,13,247,13247060403,3956,1800,2156,43.4,745,3801.0,0.0,15.0,1799.0,0.0,43.0,1944.0,112.0,64.0,1923.0,32670.0,3902.0,314.0,344.0,326.0,397.0,366.0,407.0,52.0,433.0,3945,3337,608,13,247,60403,268.8047836,31260.171,73
907,28432,28736,GA,13193000200,134.361,32.3969354,-84.1229695,Georgia,Grady Memorial Hospital,Comprehensive Stroke Center,-84.38242,33.752320000000005,152.25947680000002,188,2018,"Census Tract 2, Macon County, Georgia",200,13,193,13193000200,1638,860,778,50.5,414,1619.0,27.0,46.0,794.0,0.0,0.0,752.0,19.0,7.0,752.0,19280.0,1558.0,286.0,162.0,203.0,176.0,94.0,116.0,22.0,88.0,1553,1314,239,13,193,200,12.19103758,168839.95000000004,136
908,28433,28737,GA,13089023418,19.533,33.669304100000005,-84.1234814,Georgia,Emory University Hospital,Comprehensive Stroke Center,-84.32186,33.792320000000004,22.89487086,512,2018,"Census Tract 234.18, DeKalb County, Georgia",23418,13,89,13089023418,17562,7794,9768,32.4,1146,17362.0,0.0,31.0,16183.0,0.0,3.0,1145.0,62.0,69.0,1145.0,31501.0,16907.0,1542.0,789.0,2709.0,1250.0,2593.0,1128.0,344.0,1120.0,17549,15174,2375,13,89,23418,899.0938412,28804.60999999999,62
909,28434,28738,GA,13135050526,1.0659999999999998,33.9365938,-84.1239429,Georgia,Emory University Hospital,Comprehensive Stroke Center,-84.32186,33.792320000000004,24.32026713,719,2018,"Census Tract 505.26, Gwinnett County, Georgia",50526,13,135,13135050526,4389,2366,2023,33.0,284,4329.0,0.0,485.0,819.0,0.0,1266.0,1759.0,25.0,2177.0,879.0,31074.0,4354.0,362.0,257.0,529.0,488.0,553.0,394.0,103.0,145.0,4389,3093,1296,13,135,50526,4117.2607880000005,28819.560999999987,62
910,28435,28739,GA,13089023313,1.882,33.735105600000004,-84.1246997,Georgia,Emory University Hospital,Comprehensive Stroke Center,-84.32186,33.792320000000004,19.33595643,1409,2018,"Census Tract 233.13, DeKalb County, Georgia",23313,13,89,13089023313,5524,2668,2856,31.1,428,5470.0,0.0,62.0,5034.0,0.0,271.0,103.0,19.0,208.0,55.0,26198.0,5489.0,740.0,437.0,509.0,583.0,388.0,424.0,164.0,359.0,5524,4801,723,13,89,23313,2935.175345,21696.364999999998,70
911,28436,28740,GA,13135050542,1.4069999999999998,33.9495818,-84.1250112,Georgia,Emory University Hospital,Comprehensive Stroke Center,-84.32186,33.792320000000004,25.2190121,304,2018,"Census Tract 505.42, Gwinnett County, Georgia",50542,13,135,13135050542,5054,2345,2709,31.8,407,4787.0,0.0,732.0,2444.0,0.0,587.0,1024.0,220.0,977.0,744.0,28610.0,5007.0,343.0,662.0,552.0,565.0,606.0,370.0,227.0,204.0,5054,4002,1052,13,135,50542,3592.039801,28741.504000000008,56
912,28440,28744,GA,13151070304,11.634,33.4293024,-84.1278719,Georgia,Grady Memorial Hospital,Comprehensive Stroke Center,-84.38242,33.752320000000005,42.91752147,1201,2018,"Census Tract 703.04, Henry County, Georgia",70304,13,151,13151070304,12206,5779,6427,33.1,1160,11450.0,0.0,138.0,7661.0,0.0,66.0,3585.0,642.0,558.0,3279.0,23285.0,11188.0,1907.0,1080.0,1249.0,996.0,1533.0,849.0,207.0,437.0,11302,10196,1106,13,151,70304,1049.166237,48944.164999999986,67
913,28443,28747,GA,13193000300,78.28399999999999,32.2614341,-84.1290875,Alabama,Southeast Health,Comprehensive Stroke Center,-85.36301,31.21588,164.655552,189,2018,"Census Tract 3, Macon County, Georgia",300,13,193,13193000300,4939,3378,1561,35.6,588,4804.0,0.0,0.0,3420.0,1.0,16.0,1367.0,87.0,203.0,1180.0,21250.0,3116.0,507.0,337.0,317.0,433.0,220.0,144.0,51.0,144.0,3164,2479,685,13,193,300,63.09079761,193324.449,183
914,28445,28749,GA,13095000200,1.8730000000000002,31.5784225,-84.1295184,Alabama,Southeast Health,Comprehensive Stroke Center,-85.36301,31.21588,124.0074432,460,2018,"Census Tract 2, Dougherty County, Georgia",200,13,95,13095000200,3022,1319,1703,26.9,408,2936.0,0.0,0.0,2835.0,0.0,28.0,73.0,0.0,30.0,73.0,12819.0,2936.0,616.0,330.0,375.0,166.0,80.0,21.0,9.0,35.0,3022,2167,855,13,95,200,1613.454351,134251.88400000002,151
915,28446,28750,GA,13117130609,2.6289999999999996,34.1230729,-84.12970899999999,Georgia,Emory University Hospital,Comprehensive Stroke Center,-84.32186,33.792320000000004,40.7605344,821,2018,"Census Tract 1306.09, Forsyth County, Georgia",130609,13,117,13117130609,6513,3169,3344,33.8,260,6253.0,0.0,2221.0,303.0,0.0,38.0,3691.0,243.0,367.0,3362.0,66141.0,6479.0,599.0,149.0,339.0,224.0,212.0,195.0,179.0,1612.0,6513,6193,320,13,117,130609,2477.36782,45626.81699999995,108
916,28449,28753,GA,13151070404,24.371,33.344120399999994,-84.1301907,Georgia,Grady Memorial Hospital,Comprehensive Stroke Center,-84.38242,33.752320000000005,50.97601876,1964,2018,"Census Tract 704.04, Henry County, Georgia",70404,13,151,13151070404,7768,3676,4092,36.4,862,7571.0,0.0,313.0,2788.0,0.0,212.0,4258.0,189.0,757.0,3831.0,31065.0,7760.0,671.0,470.0,949.0,864.0,949.0,559.0,256.0,546.0,7745,6643,1102,13,151,70404,318.7394855,55392.85800000001,54
917,28456,28760,GA,13089023306,4.663,33.7538831,-84.1315944,Georgia,Emory University Hospital,Comprehensive Stroke Center,-84.32186,33.792320000000004,18.13256945,84,2018,"Census Tract 233.06, DeKalb County, Georgia",23306,13,89,13089023306,7397,3447,3950,39.4,691,7229.0,0.0,14.0,6724.0,0.0,290.0,201.0,0.0,160.0,191.0,32334.0,7223.0,975.0,399.0,585.0,561.0,617.0,577.0,254.0,821.0,7391,6937,454,13,89,23306,1586.317821,21449.451,74
918,28458,28762,GA,13117130510,7.025,34.1614689,-84.1320287,Georgia,WellStar Kennestone Regional Medical Center,Comprehensive Stroke Center,-84.55109,33.969758,44.14456344,812,2018,"Census Tract 1305.10, Forsyth County, Georgia",130510,13,117,13117130510,6645,3215,3430,38.2,584,6355.0,0.0,887.0,206.0,0.0,46.0,5216.0,199.0,615.0,4611.0,51841.0,6554.0,699.0,239.0,365.0,342.0,431.0,514.0,141.0,1639.0,6645,6066,579,13,117,130510,945.9074732999999,52130.28099999999,75
919,28459,28763,GA,13117130202,5.904,34.2741181,-84.13235,Georgia,WellStar Kennestone Regional Medical Center,Comprehensive Stroke Center,-84.55109,33.969758,51.30361221,667,2018,"Census Tract 1302.02, Forsyth County, Georgia",130202,13,117,13117130202,4566,2361,2205,38.5,538,4399.0,0.0,191.0,87.0,0.0,10.0,4111.0,79.0,186.0,3954.0,46176.0,4457.0,483.0,193.0,352.0,293.0,259.0,345.0,160.0,957.0,4566,4516,50,13,117,130202,773.3739837,60920.704999999994,79
920,28460,28764,GA,13135050425,2.722,33.8648078,-84.1325054,Georgia,Emory University Hospital,Comprehensive Stroke Center,-84.32186,33.792320000000004,19.28461001,455,2018,"Census Tract 504.25, Gwinnett County, Georgia",50425,13,135,13135050425,5516,2642,2874,41.4,797,5285.0,8.0,834.0,734.0,18.0,159.0,3532.0,119.0,376.0,3398.0,40791.0,5391.0,489.0,324.0,414.0,337.0,418.0,438.0,272.0,845.0,5504,4979,525,13,135,50425,2026.451139,22382.141,77
921,28464,28768,GA,13135050423,2.303,33.924414,-84.13372629999999,Georgia,Emory University Hospital,Comprehensive Stroke Center,-84.32186,33.792320000000004,22.75447849,441,2018,"Census Tract 504.23, Gwinnett County, Georgia",50423,13,135,13135050423,7746,4004,3742,30.9,460,7274.0,0.0,1091.0,2438.0,0.0,1585.0,2160.0,294.0,2826.0,1071.0,27950.0,7518.0,560.0,366.0,1051.0,1500.0,731.0,234.0,143.0,280.0,7746,4922,2824,13,135,50423,3363.4389929999998,26057.781999999996,72
922,28469,28773,GA,13135050214,4.119,34.0198655,-84.1346938,Georgia,Emory University Hospital,Comprehensive Stroke Center,-84.32186,33.792320000000004,30.60520418,1148,2018,"Census Tract 502.14, Gwinnett County, Georgia",50214,13,135,13135050214,9081,4455,4626,41.2,928,8818.0,26.0,2808.0,1397.0,0.0,121.0,4466.0,135.0,1050.0,3628.0,43273.0,8953.0,706.0,583.0,766.0,526.0,696.0,717.0,273.0,1746.0,9081,8198,883,13,135,50214,2204.6613260000004,34817.420999999995,82
923,28472,28776,GA,13135050435,1.618,33.9044351,-84.13525200000001,Georgia,Emory University Hospital,Comprehensive Stroke Center,-84.32186,33.792320000000004,21.28172035,714,2018,"Census Tract 504.35, Gwinnett County, Georgia",50435,13,135,13135050435,3584,1986,1598,32.1,306,3389.0,95.0,78.0,575.0,27.0,1080.0,1534.0,161.0,1681.0,886.0,26975.0,3550.0,305.0,356.0,260.0,549.0,289.0,162.0,158.0,139.0,3584,2507,1077,13,135,50435,2215.080346,23199.786999999997,81
924,28475,28779,GA,13151070307,3.3080000000000003,33.4614562,-84.1356682,Georgia,Grady Memorial Hospital,Comprehensive Stroke Center,-84.38242,33.752320000000005,39.56288691,1959,2018,"Census Tract 703.07, Henry County, Georgia",70307,13,151,13151070307,4505,2139,2366,37.3,738,4225.0,12.0,55.0,1904.0,0.0,36.0,2218.0,200.0,200.0,2132.0,37976.0,4425.0,356.0,276.0,473.0,340.0,599.0,289.0,206.0,530.0,4505,4276,229,13,151,70307,1361.85006,46222.15499999999,79
925,28480,28784,GA,13089023309,1.989,33.7215175,-84.1385473,Georgia,Emory University Hospital,Comprehensive Stroke Center,-84.32186,33.792320000000004,18.71120774,601,2018,"Census Tract 233.09, DeKalb County, Georgia",23309,13,89,13089023309,9908,4169,5739,35.0,635,9739.0,0.0,0.0,9473.0,120.0,16.0,130.0,159.0,184.0,16.0,25839.0,9857.0,1058.0,890.0,1242.0,1060.0,1152.0,647.0,174.0,361.0,9862,8348,1514,13,89,23309,4981.397687,21907.805,76
926,28481,28785,GA,13117130607,2.975,34.1365493,-84.13984609999999,Georgia,Emory University Hospital,Comprehensive Stroke Center,-84.32186,33.792320000000004,41.72400732,819,2018,"Census Tract 1306.07, Forsyth County, Georgia",130607,13,117,13117130607,7181,3431,3750,36.8,645,6922.0,46.0,2796.0,79.0,0.0,0.0,4001.0,169.0,220.0,3781.0,79250.0,7091.0,470.0,216.0,316.0,204.0,328.0,173.0,249.0,2124.0,7181,7052,129,13,117,130607,2413.781513,46340.69699999996,91
927,28482,28786,GA,13135050218,1.2919999999999998,33.988495,-84.1405209,Georgia,Emory University Hospital,Comprehensive Stroke Center,-84.32186,33.792320000000004,27.4749175,1152,2018,"Census Tract 502.18, Gwinnett County, Georgia",50218,13,135,13135050218,4391,2403,1988,36.9,522,4230.0,0.0,814.0,625.0,0.0,968.0,1823.0,126.0,1329.0,1466.0,31227.0,4338.0,432.0,184.0,385.0,553.0,413.0,349.0,80.0,345.0,4391,3433,958,13,135,50218,3398.606811,31513.542999999998,79
928,28484,28788,GA,13095010900,6.46,31.513611600000004,-84.1414798,Florida,Tallahassee Memorial Hospital,Comprehensive Stroke Center,-84.26194,30.45625,117.79215249999999,471,2018,"Census Tract 109, Dougherty County, Georgia",10900,13,95,13095010900,1888,956,932,40.6,241,1851.0,0.0,0.0,1203.0,0.0,155.0,493.0,17.0,155.0,493.0,24646.0,1868.0,211.0,148.0,263.0,166.0,189.0,95.0,42.0,100.0,1888,1728,160,13,95,10900,292.2600619,128340.22499999996,154
929,28490,28794,GA,13089023310,2.945,33.7111854,-84.143956,Georgia,Emory University Hospital,Comprehensive Stroke Center,-84.32186,33.792320000000004,18.77991936,602,2018,"Census Tract 233.10, DeKalb County, Georgia",23310,13,89,13089023310,9846,4506,5340,31.0,827,9520.0,46.0,56.0,9052.0,0.0,72.0,294.0,275.0,197.0,239.0,24018.0,9597.0,1258.0,760.0,1261.0,995.0,848.0,637.0,215.0,430.0,9587,7717,1870,13,89,23310,3343.293718,20894.607,63
930,28495,28799,GA,13117130203,12.065999999999999,34.3068456,-84.1453121,Georgia,WellStar Kennestone Regional Medical Center,Comprehensive Stroke Center,-84.55109,33.969758,52.90438628,668,2018,"Census Tract 1302.03, Forsyth County, Georgia",130203,13,117,13117130203,5151,2762,2389,38.6,579,5069.0,70.0,19.0,94.0,18.0,13.0,4855.0,43.0,270.0,4685.0,38466.0,5081.0,507.0,425.0,462.0,297.0,693.0,389.0,244.0,591.0,5139,4745,394,13,117,130203,426.9020388,62077.098000000005,85
931,28496,28800,GA,13135050209,2.681,33.9743018,-84.14538420000001,Georgia,Emory University Hospital,Comprehensive Stroke Center,-84.32186,33.792320000000004,25.96129742,1143,2018,"Census Tract 502.09, Gwinnett County, Georgia",50209,13,135,13135050209,8806,4311,4495,39.5,995,8699.0,60.0,2627.0,1221.0,0.0,947.0,3844.0,53.0,2139.0,2779.0,28888.0,8752.0,768.0,674.0,870.0,1135.0,1169.0,556.0,108.0,549.0,8806,6934,1872,13,135,50209,3284.5953,31298.41900000001,69
932,28497,28801,GA,13117130410,2.855,34.1951776,-84.1454115,Georgia,WellStar Kennestone Regional Medical Center,Comprehensive Stroke Center,-84.55109,33.969758,45.02374773,804,2018,"Census Tract 1304.10, Forsyth County, Georgia",130410,13,117,13117130410,4681,2195,2486,38.5,612,4530.0,8.0,301.0,519.0,9.0,220.0,3473.0,89.0,1018.0,2656.0,31354.0,4266.0,672.0,244.0,445.0,361.0,475.0,234.0,185.0,568.0,4328,3727,601,13,117,130410,1639.579685,51483.866,74
933,28498,28802,GA,13089023312,3.341,33.7745201,-84.145659,Georgia,Emory University Hospital,Comprehensive Stroke Center,-84.32186,33.792320000000004,16.43848005,1408,2018,"Census Tract 233.12, DeKalb County, Georgia",23312,13,89,13089023312,10555,4755,5800,37.4,1136,10287.0,12.0,107.0,9608.0,0.0,82.0,478.0,209.0,187.0,477.0,31173.0,10486.0,1416.0,770.0,1196.0,656.0,1220.0,654.0,295.0,1297.0,10545,9033,1512,13,89,23312,3159.2337620000003,18399.643000000007,82
934,28499,28803,GA,13135050211,1.3230000000000002,33.9546932,-84.1457623,Georgia,Emory University Hospital,Comprehensive Stroke Center,-84.32186,33.792320000000004,24.28645697,1145,2018,"Census Tract 502.11, Gwinnett County, Georgia",50211,13,135,13135050211,5446,2542,2904,30.6,217,5228.0,121.0,891.0,1502.0,17.0,1166.0,1531.0,142.0,2445.0,475.0,27166.0,5356.0,435.0,324.0,747.0,662.0,495.0,231.0,85.0,208.0,5446,3508,1938,13,135,50211,4116.402115999999,27894.28600000001,60
935,28501,28805,GA,13135050426,3.301,33.8569623,-84.14617270000001,Georgia,Emory University Hospital,Comprehensive Stroke Center,-84.32186,33.792320000000004,17.77445057,447,2018,"Census Tract 504.26, Gwinnett County, Georgia",50426,13,135,13135050426,6821,3463,3358,41.4,1361,6762.0,0.0,931.0,1230.0,0.0,52.0,4549.0,59.0,382.0,4311.0,34968.0,6821.0,561.0,452.0,596.0,667.0,647.0,580.0,314.0,732.0,6821,5871,950,13,135,50426,2066.343532,21869.586999999996,75
936,28502,28806,GA,13121011622,6.535,34.0444026,-84.1466692,Georgia,Emory University Hospital,Comprehensive Stroke Center,-84.32186,33.792320000000004,32.31537438,243,2018,"Census Tract 116.22, Fulton County, Georgia",11622,13,121,13121011622,10525,5153,5372,41.2,751,10214.0,202.0,4759.0,1243.0,0.0,16.0,3994.0,296.0,520.0,3731.0,58163.0,10510.0,958.0,281.0,740.0,545.0,519.0,475.0,290.0,2750.0,10508,10148,360,13,121,11622,1610.5585310000001,39239.29999999996,89
937,28504,28808,GA,13117130608,3.3489999999999998,34.073803000000005,-84.1474449,Georgia,Emory University Hospital,Comprehensive Stroke Center,-84.32186,33.792320000000004,35.14091924,820,2018,"Census Tract 1306.08, Forsyth County, Georgia",130608,13,117,13117130608,5744,2806,2938,39.7,621,5494.0,9.0,2996.0,100.0,0.0,41.0,2348.0,149.0,109.0,2300.0,63968.0,5643.0,498.0,131.0,245.0,269.0,228.0,392.0,165.0,1494.0,5744,5207,537,13,117,130608,1715.138847,38037.494999999966,91
938,28506,28810,GA,13089021907,8.355,33.80594,-84.14761779999999,Georgia,Emory University Hospital,Comprehensive Stroke Center,-84.32186,33.792320000000004,16.20568629,1309,2018,"Census Tract 219.07, DeKalb County, Georgia",21907,13,89,13089021907,8824,3779,5045,42.6,1456,8651.0,13.0,0.0,6535.0,0.0,201.0,1902.0,111.0,370.0,1742.0,28805.0,8589.0,985.0,780.0,1124.0,996.0,1045.0,646.0,330.0,534.0,8731,7555,1176,13,89,21907,1056.134051,19757.83099999999,57
939,28511,28815,GA,13089023428,2.9360000000000004,33.69765220000001,-84.1484865,Georgia,Emory University Hospital,Comprehensive Stroke Center,-84.32186,33.792320000000004,19.19203229,1458,2018,"Census Tract 234.28, DeKalb County, Georgia",23428,13,89,13089023428,10203,4772,5431,31.9,681,9956.0,0.0,55.0,9656.0,0.0,37.0,208.0,93.0,134.0,208.0,24884.0,10035.0,1126.0,793.0,1267.0,1005.0,1129.0,485.0,237.0,293.0,10189,8740,1449,13,89,23428,3475.13624,22566.888999999996,66
940,28514,28818,GA,13135050410,2.411,33.8932294,-84.1496706,Georgia,Emory University Hospital,Comprehensive Stroke Center,-84.32186,33.792320000000004,19.47472273,449,2018,"Census Tract 504.10, Gwinnett County, Georgia",50410,13,135,13135050410,6280,3345,2935,34.1,464,5912.0,1.0,1282.0,947.0,0.0,756.0,2926.0,300.0,2501.0,1292.0,23740.0,6075.0,628.0,483.0,899.0,767.0,458.0,295.0,72.0,294.0,6152,4095,2057,13,135,50410,2604.728328,22023.644999999997,88
941,28517,28821,GA,13131950400,54.623000000000005,30.928945399999996,-84.1507767,Florida,Tallahassee Memorial Hospital,Comprehensive Stroke Center,-84.26194,30.45625,53.47630265,1246,2018,"Census Tract 9504, Grady County, Georgia",950400,13,131,13131950400,6330,3109,3221,42.5,977,5777.0,102.0,95.0,1140.0,0.0,184.0,4256.0,349.0,1232.0,3600.0,20721.0,5982.0,1023.0,441.0,1006.0,632.0,679.0,203.0,144.0,262.0,6224,4886,1338,13,131,950400,115.8852498,60125.91600000001,102
942,28519,28823,GA,13171970100,75.93,33.1421091,-84.15112140000001,Georgia,Grady Memorial Hospital,Comprehensive Stroke Center,-84.38242,33.752320000000005,71.01459827,1877,2018,"Census Tract 9701, Lamar County, Georgia",970100,13,171,13171970100,6814,3592,3222,42.6,1086,6502.0,0.0,10.0,704.0,0.0,3.0,5785.0,306.0,179.0,5711.0,27989.0,6695.0,973.0,379.0,603.0,570.0,617.0,682.0,156.0,501.0,6798,5780,1018,13,171,970100,89.74055051,79194.36000000002,69
943,28524,28828,GA,13117130408,2.614,34.214944700000004,-84.1530257,Georgia,WellStar Kennestone Regional Medical Center,Comprehensive Stroke Center,-84.55109,33.969758,45.70726069,802,2018,"Census Tract 1304.08, Forsyth County, Georgia",130408,13,117,13117130408,3509,1558,1951,42.5,758,3474.0,0.0,50.0,174.0,0.0,143.0,3107.0,8.0,597.0,2704.0,27773.0,3353.0,405.0,285.0,501.0,327.0,255.0,290.0,101.0,362.0,3380,2827,553,13,117,130408,1342.387146,52906.153,76
944,28528,28832,GA,13117130403,11.235,34.238035700000005,-84.15379770000001,Georgia,WellStar Kennestone Regional Medical Center,Comprehensive Stroke Center,-84.55109,33.969758,47.21699666,678,2018,"Census Tract 1304.03, Forsyth County, Georgia",130403,13,117,13117130403,6100,3111,2989,35.8,681,5987.0,10.0,52.0,8.0,0.0,82.0,5835.0,78.0,823.0,5109.0,30110.0,6065.0,606.0,488.0,607.0,492.0,379.0,473.0,164.0,770.0,6074,5193,881,13,117,130403,542.9461504,55192.69899999999,82
945,28529,28833,GA,13177020402,16.942,31.6495022,-84.15443909999999,Alabama,Southeast Health,Comprehensive Stroke Center,-85.36301,31.21588,124.55169309999998,1583,2018,"Census Tract 204.02, Lee County, Georgia",20402,13,177,13177020402,8618,3989,4629,34.2,979,8193.0,0.0,77.0,1865.0,0.0,36.0,6215.0,321.0,275.0,6100.0,37586.0,8514.0,585.0,452.0,923.0,706.0,890.0,1160.0,203.0,684.0,8559,7470,1089,13,177,20402,508.67666160000005,140781.09200000003,138
946,28530,28834,GA,13151070204,9.413,33.5524115,-84.15455340000001,Georgia,Grady Memorial Hospital,Comprehensive Stroke Center,-84.38242,33.752320000000005,30.63343375,1957,2018,"Census Tract 702.04, Henry County, Georgia",70204,13,151,13151070204,5195,2571,2624,37.8,651,4979.0,21.0,190.0,1567.0,0.0,0.0,3201.0,167.0,144.0,3134.0,39710.0,5135.0,495.0,292.0,272.0,481.0,409.0,442.0,232.0,638.0,5195,4730,465,13,151,70204,551.8963136,37661.33799999998,75
947,28531,28835,GA,13089023427,1.755,33.6801573,-84.15516159999999,Georgia,Emory University Hospital,Comprehensive Stroke Center,-84.32186,33.792320000000004,19.83454819,1457,2018,"Census Tract 234.27, DeKalb County, Georgia",23427,13,89,13089023427,2802,1301,1501,40.0,452,2676.0,17.0,0.0,2470.0,0.0,9.0,180.0,101.0,105.0,97.0,30686.0,2777.0,286.0,174.0,342.0,350.0,340.0,156.0,180.0,191.0,2802,2404,398,13,89,23427,1596.581197,23976.457000000006,72
948,28532,28836,GA,13089023314,2.023,33.7416932,-84.1554622,Georgia,Emory University Hospital,Comprehensive Stroke Center,-84.32186,33.792320000000004,16.40545165,1410,2018,"Census Tract 233.14, DeKalb County, Georgia",23314,13,89,13089023314,6290,2859,3431,42.7,695,6227.0,0.0,56.0,6044.0,0.0,0.0,127.0,63.0,333.0,127.0,28466.0,6268.0,863.0,497.0,661.0,882.0,888.0,253.0,115.0,334.0,6285,5434,851,13,89,23314,3109.243697,19333.709000000006,75
949,28534,28838,GA,13135050219,1.113,33.9965501,-84.1558745,Georgia,Emory University Hospital,Comprehensive Stroke Center,-84.32186,33.792320000000004,27.36604998,1153,2018,"Census Tract 502.19, Gwinnett County, Georgia",50219,13,135,13135050219,3624,1539,2085,42.2,523,3518.0,3.0,778.0,903.0,0.0,179.0,1655.0,91.0,245.0,1591.0,26843.0,3592.0,481.0,388.0,356.0,297.0,239.0,259.0,130.0,474.0,3614,3032,582,13,135,50219,3256.0646899999997,31556.204999999998,81
950,28537,28841,GA,13095010601,1.14,31.546661100000005,-84.1563006,Alabama,Southeast Health,Comprehensive Stroke Center,-85.36301,31.21588,120.50083470000001,466,2018,"Census Tract 106.01, Dougherty County, Georgia",10601,13,95,13095010601,2039,949,1090,37.0,338,1999.0,0.0,0.0,1862.0,0.0,67.0,70.0,13.0,76.0,61.0,13278.0,1997.0,437.0,254.0,321.0,70.0,66.0,53.0,11.0,24.0,2039,1618,421,13,95,10601,1788.596491,129845.836,133
951,28539,28843,GA,13135050424,2.681,33.9280387,-84.1569077,Georgia,Emory University Hospital,Comprehensive Stroke Center,-84.32186,33.792320000000004,21.43850412,350,2018,"Census Tract 504.24, Gwinnett County, Georgia",50424,13,135,13135050424,8100,4413,3687,30.2,470,7902.0,0.0,930.0,1502.0,0.0,2320.0,3150.0,157.0,4722.0,1024.0,21538.0,8059.0,992.0,500.0,1347.0,934.0,529.0,323.0,59.0,217.0,8100,4575,3525,13,135,50424,3021.2607239999998,25467.956000000017,56
952,28544,28848,GA,13095001403,1.87,31.560091200000002,-84.15748690000001,Alabama,Southeast Health,Comprehensive Stroke Center,-85.36301,31.21588,120.8475402,1462,2018,"Census Tract 14.03, Dougherty County, Georgia",1403,13,95,13095001403,2201,798,1403,44.4,377,2083.0,5.0,0.0,2039.0,0.0,0.0,39.0,65.0,11.0,28.0,12738.0,2148.0,523.0,328.0,256.0,172.0,161.0,30.0,7.0,44.0,2201,1744,457,13,95,1403,1177.0053480000001,129979.09999999999,132
953,28545,28849,GA,13095000800,0.711,31.585357199999997,-84.1575344,Alabama,Southeast Health,Comprehensive Stroke Center,-85.36301,31.21588,121.7425273,461,2018,"Census Tract 8, Dougherty County, Georgia",800,13,95,13095000800,1264,642,622,37.4,143,1241.0,0.0,21.0,1102.0,0.0,0.0,118.0,14.0,12.0,118.0,12429.0,1243.0,320.0,106.0,208.0,68.0,39.0,13.0,15.0,7.0,1252,973,279,13,95,800,1777.7777780000001,132503.171,146
954,28546,28850,GA,13131950500,52.126999999999995,30.826673200000002,-84.1579743,Florida,Tallahassee Memorial Hospital,Comprehensive Stroke Center,-84.26194,30.45625,42.25834571,1245,2018,"Census Tract 9505, Grady County, Georgia",950500,13,131,13131950500,6761,3560,3201,32.0,1054,6640.0,9.0,37.0,2456.0,83.0,0.0,4055.0,77.0,863.0,3213.0,25806.0,6717.0,1035.0,276.0,786.0,691.0,606.0,418.0,103.0,417.0,6761,5380,1381,13,131,950500,129.7024575,47753.617000000006,91
955,28550,28854,GA,13089021912,4.292,33.835544899999995,-84.15871290000001,Georgia,Emory University Hospital,Comprehensive Stroke Center,-84.32186,33.792320000000004,15.84773349,1394,2018,"Census Tract 219.12, DeKalb County, Georgia",21912,13,89,13089021912,3839,1886,1953,55.5,1062,3657.0,22.0,206.0,1087.0,0.0,32.0,2310.0,138.0,86.0,2233.0,63077.0,3795.0,366.0,98.0,249.0,228.0,301.0,230.0,153.0,1279.0,3839,3452,387,13,89,21912,894.4547995999999,19131.443999999996,61
956,28557,28861,GA,13117130612,3.674,34.0994654,-84.16277149999999,Georgia,Emory University Hospital,Comprehensive Stroke Center,-84.32186,33.792320000000004,37.10770366,824,2018,"Census Tract 1306.12, Forsyth County, Georgia",130612,13,117,13117130612,6542,3255,3287,40.1,663,6410.0,33.0,1146.0,55.0,0.0,7.0,5169.0,64.0,254.0,4915.0,62664.0,6465.0,679.0,99.0,320.0,300.0,362.0,273.0,194.0,1725.0,6542,6264,278,13,117,130612,1780.620577,40728.600999999944,92
957,28558,28862,GA,13151070205,9.77,33.5108812,-84.1630005,Georgia,Grady Memorial Hospital,Comprehensive Stroke Center,-84.38242,33.752320000000005,33.63904834,1958,2018,"Census Tract 702.05, Henry County, Georgia",70205,13,151,13151070205,11030,5136,5894,36.8,1237,9851.0,0.0,414.0,3472.0,0.0,247.0,5718.0,1109.0,1317.0,5330.0,36772.0,10910.0,1227.0,588.0,772.0,789.0,1165.0,1113.0,162.0,1126.0,10980,9687,1293,13,151,70205,1128.9662230000001,39089.40299999997,67
958,28559,28863,GA,13095011400,1.079,31.5761048,-84.1633618,Alabama,Southeast Health,Comprehensive Stroke Center,-85.36301,31.21588,120.8832541,1465,2018,"Census Tract 114, Dougherty County, Georgia",11400,13,95,13095011400,1379,769,610,35.2,168,1278.0,10.0,6.0,1111.0,0.0,36.0,115.0,64.0,40.0,115.0,15869.0,1160.0,281.0,90.0,156.0,50.0,133.0,57.0,0.0,16.0,1209,1103,106,13,95,11400,1278.035218,131106.886,138
959,28560,28864,GA,13261950200,22.843000000000004,32.0850548,-84.1634266,Alabama,Southeast Health,Comprehensive Stroke Center,-85.36301,31.21588,149.10863480000003,509,2018,"Census Tract 9502, Sumter County, Georgia",950200,13,261,13261950200,5309,2581,2728,33.4,803,5159.0,0.0,238.0,3326.0,0.0,0.0,1595.0,94.0,289.0,1314.0,29000.0,5169.0,758.0,360.0,326.0,603.0,584.0,340.0,57.0,416.0,5309,4572,737,13,261,950200,232.41255530000004,174436.74300000002,160
960,28561,28865,GA,13135050205,1.9669999999999999,34.0128782,-84.1635733,Georgia,Emory University Hospital,Comprehensive Stroke Center,-84.32186,33.792320000000004,28.51029724,458,2018,"Census Tract 502.05, Gwinnett County, Georgia",50205,13,135,13135050205,4711,2161,2550,37.1,704,4439.0,0.0,503.0,1319.0,8.0,720.0,1889.0,220.0,1116.0,1530.0,33175.0,4654.0,332.0,223.0,577.0,597.0,538.0,409.0,145.0,399.0,4711,3741,970,13,135,50205,2395.0177940000003,33105.601,88
961,28565,28869,GA,13117130605,2.824,34.1356342,-84.16510840000001,Georgia,WellStar Kennestone Regional Medical Center,Comprehensive Stroke Center,-84.55109,33.969758,40.10636556,817,2018,"Census Tract 1306.05, Forsyth County, Georgia",130605,13,117,13117130605,4638,2281,2357,43.4,719,4462.0,0.0,787.0,80.0,0.0,0.0,3595.0,117.0,87.0,3508.0,49738.0,4579.0,530.0,196.0,222.0,286.0,275.0,283.0,108.0,1105.0,4629,4328,301,13,117,130605,1642.351275,47362.562,69
962,28569,28873,GA,13135050431,2.086,33.8616095,-84.16545529999999,Georgia,Emory University Hospital,Comprehensive Stroke Center,-84.32186,33.792320000000004,16.39203008,1161,2018,"Census Tract 504.31, Gwinnett County, Georgia",50431,13,135,13135050431,8461,4205,4256,29.5,653,8280.0,21.0,2041.0,2794.0,2.0,1494.0,1928.0,117.0,2213.0,1243.0,29425.0,8346.0,839.0,512.0,955.0,889.0,978.0,532.0,148.0,489.0,8461,6598,1863,13,135,50431,4056.0882070000002,19354.713,69
963,28571,28875,GA,13135050314,2.029,33.9590072,-84.1666354,Georgia,Emory University Hospital,Comprehensive Stroke Center,-84.32186,33.792320000000004,23.41126006,452,2018,"Census Tract 503.14, Gwinnett County, Georgia",50314,13,135,13135050314,9458,4256,5202,33.0,535,8831.0,64.0,1178.0,2425.0,0.0,1370.0,3794.0,452.0,3434.0,2164.0,31544.0,9266.0,509.0,509.0,1074.0,1219.0,1236.0,390.0,219.0,513.0,9458,6884,2574,13,135,50314,4661.409561,27885.313000000006,71
964,28574,28878,GA,13095001500,0.75,31.5662059,-84.167185,Alabama,Southeast Health,Comprehensive Stroke Center,-85.36301,31.21588,120.1865762,474,2018,"Census Tract 15, Dougherty County, Georgia",1500,13,95,13095001500,2224,1050,1174,41.7,305,2179.0,0.0,0.0,2151.0,0.0,2.0,26.0,10.0,4.0,26.0,15931.0,2165.0,529.0,165.0,342.0,136.0,164.0,65.0,36.0,59.0,2224,1912,312,13,95,1500,2965.333333,130019.74699999999,129
965,28575,28879,GA,13117130406,2.752,34.1768153,-84.1672478,Georgia,WellStar Kennestone Regional Medical Center,Comprehensive Stroke Center,-84.55109,33.969758,42.22367321,801,2018,"Census Tract 1304.06, Forsyth County, Georgia",130406,13,117,13117130406,6525,3083,3442,34.3,744,6330.0,0.0,544.0,476.0,0.0,261.0,5049.0,110.0,1506.0,3840.0,36047.0,6440.0,562.0,433.0,622.0,498.0,673.0,472.0,162.0,875.0,6500,5153,1347,13,117,130406,2371.002907,47871.884,65
966,28576,28880,GA,13135050422,0.968,33.9059136,-84.1676204,Georgia,Emory University Hospital,Comprehensive Stroke Center,-84.32186,33.792320000000004,19.03985969,349,2018,"Census Tract 504.22, Gwinnett County, Georgia",50422,13,135,13135050422,8015,4249,3766,26.9,225,7409.0,0.0,466.0,1484.0,0.0,2449.0,3010.0,356.0,5059.0,735.0,25492.0,7765.0,411.0,302.0,1243.0,943.0,650.0,278.0,0.0,198.0,8015,5218,2797,13,135,50422,8279.958678,22576.886999999995,73
967,28581,28885,GA,13261950700,22.519000000000002,32.0340229,-84.16971459999999,Alabama,Southeast Health,Comprehensive Stroke Center,-85.36301,31.21588,145.0736856,507,2018,"Census Tract 9507, Sumter County, Georgia",950700,13,261,13261950700,6551,3007,3544,25.3,860,6275.0,0.0,9.0,3299.0,0.0,385.0,2582.0,189.0,514.0,2496.0,17811.0,5422.0,1664.0,429.0,681.0,779.0,430.0,243.0,93.0,218.0,6551,5912,639,13,261,950700,290.9098983,170497.15700000006,152
968,28582,28886,GA,13095000700,0.77,31.596973900000002,-84.169855,Alabama,Southeast Health,Comprehensive Stroke Center,-85.36301,31.21588,121.07667990000002,463,2018,"Census Tract 7, Dougherty County, Georgia",700,13,95,13095000700,1672,860,812,37.3,201,1506.0,0.0,19.0,820.0,0.0,16.0,651.0,130.0,16.0,651.0,30020.0,1636.0,213.0,125.0,208.0,137.0,202.0,82.0,45.0,183.0,1672,1473,199,13,95,700,2171.428571,133377.20300000004,149
969,28587,28891,GA,13255161000,32.063,33.2199733,-84.17099590000001,Georgia,Grady Memorial Hospital,Comprehensive Stroke Center,-84.38242,33.752320000000005,62.22786499,1258,2018,"Census Tract 1610, Spalding County, Georgia",161000,13,255,13255161000,5454,2495,2959,45.2,890,5294.0,40.0,0.0,909.0,0.0,0.0,4345.0,160.0,120.0,4225.0,22886.0,5441.0,841.0,437.0,746.0,319.0,591.0,352.0,74.0,392.0,5454,4728,726,13,255,161000,170.1026105,69824.10399999999,65
970,28593,28897,GA,13089023209,1.756,33.774341899999996,-84.1725253,Georgia,Emory University Hospital,Comprehensive Stroke Center,-84.32186,33.792320000000004,13.9741922,599,2018,"Census Tract 232.09, DeKalb County, Georgia",23209,13,89,13089023209,5930,2490,3440,35.1,471,5798.0,0.0,57.0,5411.0,0.0,19.0,311.0,72.0,156.0,235.0,28656.0,5855.0,791.0,368.0,625.0,513.0,646.0,538.0,209.0,281.0,5925,5274,651,13,89,23209,3376.9931659999997,16024.433000000005,79
971,28594,28898,GA,13089023212,1.3559999999999999,33.7402843,-84.1729465,Georgia,Emory University Hospital,Comprehensive Stroke Center,-84.32186,33.792320000000004,14.95365578,79,2018,"Census Tract 232.12, DeKalb County, Georgia",23212,13,89,13089023212,3864,1824,2040,39.7,491,3782.0,0.0,36.0,3630.0,0.0,13.0,103.0,82.0,178.0,103.0,26531.0,3790.0,534.0,317.0,570.0,436.0,523.0,195.0,143.0,222.0,3854,3242,612,13,89,23212,2849.557522,18231.011000000002,77
972,28596,28900,GA,13135050220,1.714,33.9939384,-84.1749821,Georgia,Emory University Hospital,Comprehensive Stroke Center,-84.32186,33.792320000000004,26.16709047,1154,2018,"Census Tract 502.20, Gwinnett County, Georgia",50220,13,135,13135050220,6621,2758,3863,34.1,605,6441.0,0.0,709.0,2548.0,0.0,311.0,2873.0,61.0,885.0,2331.0,36170.0,6467.0,478.0,371.0,695.0,651.0,1061.0,472.0,244.0,593.0,6583,5725,858,13,135,50220,3862.893816,30417.217,86
973,28597,28901,GA,13117130606,1.704,34.0787562,-84.1756584,Georgia,Emory University Hospital,Comprehensive Stroke Center,-84.32186,33.792320000000004,34.52765529,818,2018,"Census Tract 1306.06, Forsyth County, Georgia",130606,13,117,13117130606,4520,2299,2221,44.9,788,4405.0,0.0,570.0,193.0,0.0,0.0,3642.0,48.0,384.0,3258.0,52955.0,4420.0,477.0,207.0,191.0,258.0,303.0,297.0,117.0,1162.0,4487,4227,260,13,117,130606,2652.58216,38786.918999999965,94
974,28600,28904,GA,13117130405,3.852,34.2235262,-84.17632409999999,Georgia,WellStar Kennestone Regional Medical Center,Comprehensive Stroke Center,-84.55109,33.969758,44.59118084,800,2018,"Census Tract 1304.05, Forsyth County, Georgia",130405,13,117,13117130405,4547,2242,2305,39.2,476,4476.0,0.0,144.0,390.0,0.0,24.0,3918.0,50.0,304.0,3620.0,39767.0,4519.0,416.0,203.0,286.0,433.0,404.0,245.0,178.0,800.0,4547,4186,361,13,117,130405,1180.425753,51691.706,92
975,28602,28906,GA,13089021906,1.2,33.797985600000004,-84.1769228,Georgia,Emory University Hospital,Comprehensive Stroke Center,-84.32186,33.792320000000004,13.43675026,606,2018,"Census Tract 219.06, DeKalb County, Georgia",21906,13,89,13089021906,5492,2462,3030,33.5,472,5428.0,0.0,312.0,4079.0,0.0,236.0,801.0,38.0,325.0,754.0,25217.0,5460.0,585.0,415.0,839.0,662.0,693.0,199.0,72.0,245.0,5478,4540,938,13,89,21906,4576.666667,14600.609,64
976,28603,28907,GA,13095000900,0.8170000000000001,31.584741499999996,-84.1770157,Alabama,Southeast Health,Comprehensive Stroke Center,-85.36301,31.21588,119.97655790000002,472,2018,"Census Tract 9, Dougherty County, Georgia",900,13,95,13095000900,2324,1116,1208,33.3,216,2280.0,28.0,18.0,1540.0,0.0,16.0,678.0,26.0,114.0,580.0,19303.0,2267.0,414.0,208.0,328.0,202.0,130.0,98.0,25.0,50.0,2304,1766,538,13,95,900,2844.553244,131400.32899999997,143
977,28605,28909,GA,13135050432,2.217,33.8776441,-84.17751679999999,Georgia,Emory University Hospital,Comprehensive Stroke Center,-84.32186,33.792320000000004,16.37318762,1162,2018,"Census Tract 504.32, Gwinnett County, Georgia",50432,13,135,13135050432,6383,3167,3216,34.8,565,6220.0,0.0,1355.0,1243.0,0.0,966.0,2656.0,130.0,1895.0,1731.0,28254.0,6287.0,449.0,445.0,883.0,745.0,537.0,352.0,216.0,501.0,6383,5415,968,13,135,50432,2879.115922,18305.524999999998,68
978,28606,28910,GA,13089023214,2.526,33.7169315,-84.17810250000001,Georgia,Emory University Hospital,Comprehensive Stroke Center,-84.32186,33.792320000000004,15.72639765,1406,2018,"Census Tract 232.14, DeKalb County, Georgia",23214,13,89,13089023214,5966,2923,3043,30.3,300,5915.0,0.0,16.0,5790.0,0.0,0.0,109.0,40.0,135.0,109.0,29808.0,5955.0,602.0,368.0,653.0,576.0,867.0,390.0,65.0,281.0,5966,4850,1116,13,89,23214,2361.8368960000003,18392.822999999997,62
979,28609,28913,GA,13135050313,3.036,33.946875,-84.1787082,Georgia,Emory University Hospital,Comprehensive Stroke Center,-84.32186,33.792320000000004,21.66394528,346,2018,"Census Tract 503.13, Gwinnett County, Georgia",50313,13,135,13135050313,8905,4543,4362,34.4,820,8457.0,23.0,837.0,2030.0,0.0,1683.0,3884.0,302.0,3385.0,2279.0,30106.0,8759.0,980.0,649.0,735.0,534.0,997.0,758.0,118.0,443.0,8905,6752,2153,13,135,50313,2933.135705,25811.271000000008,65
980,28611,28915,GA,13151070311,4.138,33.4484364,-84.17920699999999,Georgia,Grady Memorial Hospital,Comprehensive Stroke Center,-84.38242,33.752320000000005,38.62372672,1962,2018,"Census Tract 703.11, Henry County, Georgia",70311,13,151,13151070311,12151,5596,6555,31.3,825,11500.0,0.0,202.0,8237.0,0.0,149.0,2912.0,453.0,637.0,2494.0,27734.0,11852.0,1328.0,1105.0,1363.0,1355.0,1555.0,640.0,147.0,494.0,12108,9813,2295,13,151,70311,2936.442726,43160.02299999999,58
981,28615,28919,GA,13121011623,3.522,34.022421,-84.1803637,Georgia,Emory University Hospital,Comprehensive Stroke Center,-84.32186,33.792320000000004,28.68225839,244,2018,"Census Tract 116.23, Fulton County, Georgia",11623,13,121,13121011623,12507,6219,6288,42.4,902,12067.0,0.0,4667.0,1050.0,0.0,463.0,5887.0,330.0,711.0,5652.0,58777.0,12315.0,1053.0,577.0,613.0,579.0,648.0,947.0,301.0,3203.0,12507,11887,620,13,121,11623,3551.107325,32102.539000000008,96
982,28616,28920,GA,13117130404,2.511,34.1928981,-84.1807427,Georgia,WellStar Kennestone Regional Medical Center,Comprehensive Stroke Center,-84.55109,33.969758,42.20226796,679,2018,"Census Tract 1304.04, Forsyth County, Georgia",130404,13,117,13117130404,4555,2302,2253,36.4,280,4390.0,0.0,508.0,514.0,0.0,82.0,3286.0,130.0,365.0,2992.0,60126.0,4520.0,287.0,95.0,248.0,133.0,408.0,317.0,196.0,1113.0,4555,4371,184,13,117,130404,1814.0183190000002,48747.741000000016,69
983,28618,28922,GA,13255160200,34.019,33.2995252,-84.1814931,Georgia,Grady Memorial Hospital,Comprehensive Stroke Center,-84.38242,33.752320000000005,53.57752515,1256,2018,"Census Tract 1602, Spalding County, Georgia",160200,13,255,13255160200,7499,3884,3615,50.9,2100,7331.0,159.0,74.0,951.0,0.0,31.0,6116.0,114.0,197.0,5950.0,30560.0,7410.0,818.0,636.0,892.0,851.0,1034.0,600.0,184.0,756.0,7499,6590,909,13,255,160200,220.4356389,59280.314000000006,65
984,28621,28925,GA,13089023210,1.6059999999999999,33.756052399999994,-84.182363,Georgia,Emory University Hospital,Comprehensive Stroke Center,-84.32186,33.792320000000004,13.53310859,614,2018,"Census Tract 232.10, DeKalb County, Georgia",23210,13,89,13089023210,7746,3512,4234,31.4,884,7605.0,0.0,71.0,7206.0,0.0,1.0,327.0,68.0,37.0,327.0,15426.0,7668.0,1527.0,1087.0,895.0,411.0,567.0,578.0,68.0,189.0,7741,6268,1473,13,89,23210,4823.163138,15295.588999999993,77
985,28624,28928,GA,13117130613,3.113,34.1387345,-84.1829856,Georgia,WellStar Kennestone Regional Medical Center,Comprehensive Stroke Center,-84.55109,33.969758,38.8115362,825,2018,"Census Tract 1306.13, Forsyth County, Georgia",130613,13,117,13117130613,4781,2365,2416,36.6,723,4530.0,48.0,1157.0,349.0,0.0,45.0,2931.0,211.0,357.0,2619.0,46661.0,4741.0,446.0,221.0,249.0,288.0,461.0,338.0,169.0,1004.0,4781,4379,402,13,117,130613,1535.8175390000001,45749.043999999994,74
986,28626,28930,GA,13135050421,2.116,33.917646600000005,-84.1830515,Georgia,Emory University Hospital,Comprehensive Stroke Center,-84.32186,33.792320000000004,18.92752282,440,2018,"Census Tract 504.21, Gwinnett County, Georgia",50421,13,135,13135050421,7174,3728,3446,30.9,417,6993.0,0.0,953.0,2026.0,0.0,1773.0,2241.0,132.0,3157.0,1027.0,26789.0,7125.0,567.0,457.0,960.0,1099.0,700.0,296.0,155.0,215.0,7161,4307,2854,13,135,50421,3390.359168,21912.641999999996,53
987,28627,28931,GA,13089021913,1.146,33.8265565,-84.18351820000001,Georgia,Emory University Hospital,Comprehensive Stroke Center,-84.32186,33.792320000000004,13.3602029,1395,2018,"Census Tract 219.13, DeKalb County, Georgia",21913,13,89,13089021913,4801,2204,2597,28.3,169,4601.0,0.0,0.0,3817.0,0.0,64.0,720.0,110.0,298.0,531.0,22594.0,4586.0,584.0,339.0,666.0,680.0,387.0,160.0,40.0,66.0,4676,3220,1456,13,89,21913,4189.354276,16110.375,61
988,28630,28934,GA,13089023208,1.8,33.774967499999995,-84.1855843,Georgia,Emory University Hospital,Comprehensive Stroke Center,-84.32186,33.792320000000004,12.76753862,78,2018,"Census Tract 232.08, DeKalb County, Georgia",23208,13,89,13089023208,7138,3427,3711,30.4,610,6974.0,0.0,120.0,6202.0,0.0,330.0,322.0,118.0,437.0,283.0,22362.0,7046.0,1124.0,545.0,811.0,784.0,737.0,260.0,91.0,187.0,7132,5791,1341,13,89,23208,3965.5555560000003,14470.686000000002,70
989,28635,28939,GA,13089023416,3.687,33.6840048,-84.18686290000001,Georgia,Emory University Hospital,Comprehensive Stroke Center,-84.32186,33.792320000000004,17.34454285,70,2018,"Census Tract 234.16, DeKalb County, Georgia",23416,13,89,13089023416,6639,2968,3671,38.9,801,6484.0,22.0,0.0,6235.0,0.0,41.0,186.0,55.0,129.0,150.0,31590.0,6476.0,767.0,543.0,586.0,605.0,621.0,581.0,256.0,582.0,6629,5783,846,13,89,23416,1800.650936,21393.783000000007,71
990,28636,28940,GA,13095000600,1.329,31.5989783,-84.1872372,Alabama,Southeast Health,Comprehensive Stroke Center,-85.36301,31.21588,119.60666869999999,434,2018,"Census Tract 6, Dougherty County, Georgia",600,13,95,13095000600,2985,1653,1332,31.6,481,2787.0,0.0,0.0,1491.0,0.0,0.0,1296.0,190.0,84.0,1258.0,22168.0,2942.0,560.0,133.0,509.0,358.0,335.0,76.0,0.0,93.0,2973,2428,545,13,95,600,2246.049661,132420.478,143
991,28637,28941,GA,13121011626,2.239,34.0618554,-84.1874179,Georgia,Emory University Hospital,Comprehensive Stroke Center,-84.32186,33.792320000000004,32.37852856,247,2018,"Census Tract 116.26, Fulton County, Georgia",11626,13,121,13121011626,10013,4942,5071,36.9,799,9595.0,0.0,3008.0,1400.0,0.0,11.0,5176.0,404.0,698.0,4633.0,46225.0,9999.0,1128.0,389.0,409.0,617.0,645.0,760.0,170.0,2050.0,10013,9257,756,13,121,11626,4472.085753,37569.538999999975,98
992,28638,28942,GA,13151070110,10.146,33.5845378,-84.1874823,Georgia,Grady Memorial Hospital,Comprehensive Stroke Center,-84.38242,33.752320000000005,25.94556554,1953,2018,"Census Tract 701.10, Henry County, Georgia",70110,13,151,13151070110,7681,3941,3740,42.0,1019,7432.0,0.0,38.0,3019.0,0.0,171.0,4204.0,193.0,408.0,4042.0,37649.0,7625.0,706.0,396.0,606.0,763.0,1051.0,659.0,193.0,902.0,7681,7255,426,13,151,70110,757.0471122,31608.672000000017,76
993,28639,28943,GA,13151070310,5.557,33.4655887,-84.18767659999999,Georgia,Grady Memorial Hospital,Comprehensive Stroke Center,-84.38242,33.752320000000005,36.57962213,1961,2018,"Census Tract 703.10, Henry County, Georgia",70310,13,151,13151070310,4808,2381,2427,38.6,552,4684.0,20.0,72.0,1441.0,0.0,80.0,3071.0,39.0,211.0,3002.0,35841.0,4723.0,483.0,332.0,545.0,267.0,539.0,556.0,158.0,483.0,4805,4323,482,13,151,70310,865.2150441,41142.63499999998,50
994,28641,28945,GA,13089021908,1.297,33.799322,-84.1882997,Georgia,Emory University Hospital,Comprehensive Stroke Center,-84.32186,33.792320000000004,12.39274273,622,2018,"Census Tract 219.08, DeKalb County, Georgia",21908,13,89,13089021908,5875,2731,3144,30.1,593,5611.0,16.0,451.0,4226.0,0.0,168.0,750.0,242.0,38.0,740.0,19680.0,5846.0,788.0,490.0,811.0,459.0,439.0,212.0,58.0,94.0,5868,4793,1075,13,89,21908,4529.683886,14973.008000000002,62
995,28646,28950,GA,13089023211,0.9590000000000001,33.740909499999994,-84.1891035,Georgia,Emory University Hospital,Comprehensive Stroke Center,-84.32186,33.792320000000004,13.55583368,600,2018,"Census Tract 232.11, DeKalb County, Georgia",23211,13,89,13089023211,3539,1436,2103,38.7,507,3390.0,0.0,30.0,3265.0,0.0,56.0,39.0,89.0,56.0,39.0,35728.0,3479.0,296.0,340.0,302.0,262.0,518.0,227.0,114.0,380.0,3539,3071,468,13,89,23211,3690.302398,17419.569999999992,77
996,28647,28951,GA,13095010602,32.257,31.483520399999996,-84.18963520000001,Florida,Tallahassee Memorial Hospital,Comprehensive Stroke Center,-84.26194,30.45625,114.1016709,469,2018,"Census Tract 106.02, Dougherty County, Georgia",10602,13,95,13095010602,3419,1517,1902,39.6,594,3363.0,0.0,0.0,2987.0,0.0,0.0,376.0,0.0,0.0,376.0,19275.0,3363.0,560.0,348.0,424.0,322.0,316.0,205.0,85.0,82.0,3419,2799,620,13,95,10602,105.9924978,141380.037,152
997,28648,28952,GA,13117130604,2.455,34.1000615,-84.1896691,Georgia,Emory University Hospital,Comprehensive Stroke Center,-84.32186,33.792320000000004,36.25654627,816,2018,"Census Tract 1306.04, Forsyth County, Georgia",130604,13,117,13117130604,4925,2533,2392,39.2,306,4628.0,6.0,878.0,113.0,0.0,24.0,3607.0,214.0,259.0,3454.0,70808.0,4842.0,309.0,203.0,102.0,251.0,254.0,277.0,234.0,1376.0,4925,4789,136,13,117,130604,2006.1099800000002,42113.439999999944,85
998,28649,28953,GA,13135050419,1.7009999999999998,33.8996658,-84.19000600000001,Georgia,Emory University Hospital,Comprehensive Stroke Center,-84.32186,33.792320000000004,17.04962761,357,2018,"Census Tract 504.19, Gwinnett County, Georgia",50419,13,135,13135050419,7906,4236,3670,31.3,550,6933.0,0.0,1406.0,1458.0,0.0,1209.0,2860.0,811.0,3230.0,1005.0,24216.0,7730.0,832.0,594.0,1196.0,1090.0,539.0,301.0,162.0,226.0,7906,5394,2512,13,135,50419,4647.854203,20293.543999999994,66
999,28651,28955,GA,13089021911,0.353,33.8177366,-84.19075749999999,Georgia,Emory University Hospital,Comprehensive Stroke Center,-84.32186,33.792320000000004,12.46253116,1393,2018,"Census Tract 219.11, DeKalb County, Georgia",21911,13,89,13089021911,1973,973,1000,26.3,16,1923.0,0.0,0.0,1766.0,0.0,0.0,157.0,50.0,128.0,79.0,14430.0,1973.0,330.0,300.0,277.0,179.0,49.0,13.0,65.0,0.0,1973,1532,441,13,89,21911,5589.235127,14555.066000000003,62
1000,28656,28960,GA,13121011624,1.033,34.0787883,-84.191633,Georgia,Emory University Hospital,Comprehensive Stroke Center,-84.32186,33.792320000000004,33.9799874,245,2018,"Census Tract 116.24, Fulton County, Georgia",11624,13,121,13121011624,4277,2272,2005,42.0,192,4082.0,11.0,1145.0,328.0,0.0,0.0,2598.0,181.0,106.0,2526.0,56833.0,4256.0,524.0,199.0,140.0,178.0,179.0,160.0,88.0,1218.0,4264,4128,136,13,121,11624,4140.367861,40072.76399999996,94
1001,28657,28961,GA,13135050309,4.643,33.9753614,-84.19201609999999,Georgia,Emory University Hospital,Comprehensive Stroke Center,-84.32186,33.792320000000004,23.59020039,1289,2018,"Census Tract 503.09, Gwinnett County, Georgia",50309,13,135,13135050309,8792,4547,4245,40.6,1062,8312.0,21.0,1642.0,1703.0,0.0,118.0,4828.0,270.0,613.0,4336.0,51169.0,8577.0,863.0,333.0,717.0,460.0,684.0,847.0,495.0,1946.0,8792,8265,527,13,135,50309,1893.6032739999998,28357.863000000005,83
1002,28660,28964,GA,13135050319,1.335,33.9341686,-84.192573,Georgia,Emory University Hospital,Comprehensive Stroke Center,-84.32186,33.792320000000004,19.76544791,1157,2018,"Census Tract 503.19, Gwinnett County, Georgia",50319,13,135,13135050319,6830,3551,3279,28.9,161,6488.0,0.0,421.0,1379.0,0.0,2448.0,2240.0,287.0,4259.0,770.0,23801.0,6775.0,422.0,644.0,881.0,808.0,483.0,212.0,70.0,233.0,6809,4241,2568,13,135,50319,5116.104869,23746.287000000015,61
1003,28664,28968,GA,13293010100,87.73,32.928383600000004,-84.1939916,Georgia,Grady Memorial Hospital,Comprehensive Stroke Center,-84.38242,33.752320000000005,93.05149106,1198,2018,"Census Tract 101, Upson County, Georgia",10100,13,293,13293010100,3213,1567,1646,44.3,560,3117.0,0.0,0.0,320.0,0.0,0.0,2797.0,31.0,5.0,2797.0,22987.0,3097.0,489.0,292.0,394.0,221.0,382.0,201.0,87.0,160.0,3213,2628,585,13,293,10100,36.623731899999996,99732.48100000001,87
1004,28665,28969,GA,13089021806,4.422,33.8424106,-84.19445959999999,Georgia,Emory University Hospital,Comprehensive Stroke Center,-84.32186,33.792320000000004,13.03805501,595,2018,"Census Tract 218.06, DeKalb County, Georgia",21806,13,89,13089021806,6486,2809,3677,42.6,1005,6089.0,34.0,185.0,2423.0,0.0,62.0,3385.0,397.0,1304.0,2202.0,32051.0,6370.0,739.0,414.0,731.0,701.0,741.0,586.0,154.0,790.0,6370,5294,1076,13,89,21806,1466.757123,16290.568000000003,56
1005,28667,28971,GA,13111050500,153.284,34.7885625,-84.19495079999999,Georgia,WellStar Kennestone Regional Medical Center,Comprehensive Stroke Center,-84.55109,33.969758,96.55473454,478,2018,"Census Tract 505, Fannin County, Georgia",50500,13,111,13111050500,4725,2506,2219,56.2,1313,4635.0,0.0,6.0,6.0,0.0,1.0,4622.0,75.0,84.0,4539.0,26657.0,4710.0,488.0,670.0,688.0,649.0,729.0,421.0,79.0,363.0,4725,3914,811,13,111,50500,30.82513504,119958.87700000002,129
1006,28669,28973,GA,13177020200,90.33,31.8735207,-84.1955039,Alabama,Southeast Health,Comprehensive Stroke Center,-85.36301,31.21588,132.69250290000002,1799,2018,"Census Tract 202, Lee County, Georgia",20200,13,177,13177020200,1662,815,847,37.4,216,1625.0,0.0,0.0,647.0,0.0,34.0,944.0,0.0,34.0,944.0,22112.0,1584.0,223.0,140.0,182.0,161.0,80.0,93.0,49.0,81.0,1662,1358,304,13,177,20200,18.39920292,158110.136,138
1007,28670,28974,GA,13121011625,2.338,34.028675299999996,-84.19566359999999,Georgia,Emory University Hospital,Comprehensive Stroke Center,-84.32186,33.792320000000004,28.69710865,246,2018,"Census Tract 116.25, Fulton County, Georgia",11625,13,121,13121011625,8481,4362,4119,36.8,921,8335.0,91.0,2154.0,991.0,0.0,266.0,4833.0,75.0,420.0,4484.0,52431.0,8388.0,639.0,263.0,445.0,401.0,730.0,674.0,279.0,1875.0,8440,7284,1156,13,121,11625,3627.4593670000004,32238.267000000007,97
1008,28672,28976,GA,13095001100,3.639,31.5556863,-84.19660390000001,Alabama,Southeast Health,Comprehensive Stroke Center,-85.36301,31.21588,117.16776170000001,473,2018,"Census Tract 11, Dougherty County, Georgia",1100,13,95,13095001100,6162,2901,3261,34.3,1014,6037.0,0.0,0.0,5517.0,0.0,0.0,520.0,0.0,0.0,520.0,15132.0,5875.0,1182.0,723.0,586.0,519.0,472.0,247.0,57.0,58.0,6162,5058,1104,13,95,1100,1693.322341,127994.71599999997,129
1009,28677,28981,GA,13151070309,4.555,33.499072600000005,-84.1993992,Georgia,Grady Memorial Hospital,Comprehensive Stroke Center,-84.38242,33.752320000000005,32.82360875,1960,2018,"Census Tract 703.09, Henry County, Georgia",70309,13,151,13151070309,7857,3511,4346,39.8,1103,7612.0,0.0,956.0,4259.0,0.0,15.0,2382.0,143.0,291.0,2146.0,41586.0,7738.0,702.0,534.0,595.0,455.0,730.0,929.0,421.0,1041.0,7857,6855,1002,13,151,70309,1724.9176730000001,38206.99399999999,54
1010,28678,28982,GA,13135050434,0.8959999999999999,33.892246899999996,-84.1995615,Georgia,Emory University Hospital,Comprehensive Stroke Center,-84.32186,33.792320000000004,15.84233058,713,2018,"Census Tract 504.34, Gwinnett County, Georgia",50434,13,135,13135050434,8764,4433,4331,27.9,291,8220.0,151.0,432.0,942.0,0.0,2557.0,4138.0,143.0,5843.0,1186.0,25381.0,8305.0,450.0,476.0,1562.0,1248.0,660.0,330.0,120.0,271.0,8764,3907,4857,13,135,50434,9781.25,19684.653,64
1011,28683,28987,GA,13095000400,2.807,31.614862199999997,-84.20032940000002,Alabama,Southeast Health,Comprehensive Stroke Center,-85.36301,31.21588,119.0779348,467,2018,"Census Tract 4, Dougherty County, Georgia",400,13,95,13095000400,6418,2603,3815,32.2,819,6310.0,34.0,385.0,3662.0,0.0,139.0,2090.0,58.0,319.0,1993.0,27020.0,6368.0,732.0,703.0,552.0,705.0,756.0,341.0,208.0,410.0,6400,5500,900,13,95,400,2286.42679,132170.819,140
1012,28684,28988,GA,13117130306,3.12,34.1791598,-84.2004355,Georgia,WellStar Kennestone Regional Medical Center,Comprehensive Stroke Center,-84.55109,33.969758,39.83882311,676,2018,"Census Tract 1303.06, Forsyth County, Georgia",130306,13,117,13117130306,5103,2507,2596,40.0,789,4882.0,53.0,772.0,191.0,0.0,0.0,3866.0,181.0,203.0,3685.0,57245.0,5063.0,420.0,217.0,280.0,199.0,446.0,468.0,87.0,1292.0,5103,4907,196,13,117,130306,1635.576923,45650.10299999999,74
1013,28686,28990,GA,13117130201,14.549000000000001,34.3211986,-84.2011557,Georgia,WellStar Kennestone Regional Medical Center,Comprehensive Stroke Center,-84.55109,33.969758,50.60909423,1388,2018,"Census Tract 1302.01, Forsyth County, Georgia",130201,13,117,13117130201,5159,2554,2605,37.5,552,5129.0,0.0,43.0,55.0,0.0,11.0,5020.0,0.0,363.0,4681.0,37139.0,5129.0,661.0,315.0,278.0,391.0,435.0,504.0,96.0,764.0,5159,4706,453,13,117,130201,354.5948175,58601.74299999996,86
1014,28687,28991,GA,13151070107,8.391,33.6248436,-84.2011933,Georgia,Emory University Hospital,Comprehensive Stroke Center,-84.32186,33.792320000000004,21.68380312,1950,2018,"Census Tract 701.07, Henry County, Georgia",70107,13,151,13151070107,6230,2969,3261,46.0,921,6230.0,0.0,0.0,4407.0,0.0,0.0,1823.0,0.0,62.0,1761.0,30225.0,6214.0,770.0,489.0,618.0,556.0,576.0,469.0,190.0,830.0,6230,5699,531,13,151,70107,742.4621618,25666.20200000002,80
1015,28690,28994,GA,13121011612,2.775,34.006446200000006,-84.20189509999999,Georgia,Emory University Hospital,Comprehensive Stroke Center,-84.32186,33.792320000000004,26.215081,233,2018,"Census Tract 116.12, Fulton County, Georgia",11612,13,121,13121011612,3211,1544,1667,50.3,771,3116.0,6.0,764.0,155.0,0.0,9.0,2182.0,88.0,209.0,1982.0,41615.0,3204.0,352.0,228.0,261.0,164.0,223.0,178.0,53.0,829.0,3211,3054,157,13,121,11612,1157.117117,29639.147000000008,100
1016,28694,28998,GA,13117130301,7.966,34.264671500000006,-84.2031916,Georgia,WellStar Kennestone Regional Medical Center,Comprehensive Stroke Center,-84.55109,33.969758,45.82920021,671,2018,"Census Tract 1303.01, Forsyth County, Georgia",130301,13,117,13117130301,5344,2653,2691,41.4,564,5222.0,40.0,112.0,62.0,0.0,149.0,4859.0,65.0,489.0,4500.0,36503.0,5277.0,615.0,364.0,432.0,327.0,499.0,360.0,191.0,860.0,5344,4880,464,13,117,130301,670.8511172,55676.916,95
1017,28696,29000,GA,13089023426,2.066,33.67131079999999,-84.2035103,Georgia,Emory University Hospital,Comprehensive Stroke Center,-84.32186,33.792320000000004,17.33341067,1456,2018,"Census Tract 234.26, DeKalb County, Georgia",23426,13,89,13089023426,4696,1978,2718,43.6,590,4617.0,0.0,0.0,4489.0,0.0,0.0,128.0,27.0,110.0,36.0,29201.0,4644.0,645.0,276.0,602.0,483.0,444.0,316.0,129.0,574.0,4667,4160,507,13,89,23426,2272.9912879999997,21387.154000000006,76
1018,28697,29001,GA,13089021910,1.425,33.820396,-84.2038307,Georgia,Emory University Hospital,Comprehensive Stroke Center,-84.32186,33.792320000000004,11.36382242,1392,2018,"Census Tract 219.10, DeKalb County, Georgia",21910,13,89,13089021910,6002,2842,3160,37.3,354,5856.0,0.0,575.0,4349.0,0.0,76.0,856.0,28.0,246.0,716.0,27117.0,5884.0,721.0,531.0,523.0,610.0,717.0,425.0,135.0,374.0,6002,5373,629,13,89,21910,4211.929825,12618.244000000006,59
1019,28698,29002,GA,13135050320,1.423,33.926503100000005,-84.2039184,Georgia,Emory University Hospital,Comprehensive Stroke Center,-84.32186,33.792320000000004,18.45628066,1158,2018,"Census Tract 503.20, Gwinnett County, Georgia",50320,13,135,13135050320,5880,3078,2802,28.8,236,5748.0,2.0,919.0,1109.0,0.0,1169.0,2549.0,82.0,3136.0,769.0,25939.0,5830.0,207.0,509.0,702.0,1267.0,337.0,72.0,43.0,98.0,5866,3572,2294,13,135,50320,4132.115249,21543.20600000001,54
1020,28699,29003,GA,13089023213,1.944,33.721444500000004,-84.2040175,Georgia,Emory University Hospital,Comprehensive Stroke Center,-84.32186,33.792320000000004,13.453579500000002,1405,2018,"Census Tract 232.13, DeKalb County, Georgia",23213,13,89,13089023213,6835,3051,3784,32.7,644,6585.0,22.0,146.0,6137.0,0.0,55.0,225.0,223.0,128.0,210.0,25665.0,6782.0,870.0,593.0,672.0,717.0,584.0,421.0,134.0,427.0,6819,5675,1144,13,89,23213,3515.9465020000002,15652.99099999999,58
1021,28701,29005,GA,13151070306,13.842,33.4169647,-84.2042316,Georgia,Grady Memorial Hospital,Comprehensive Stroke Center,-84.38242,33.752320000000005,40.70819749,1203,2018,"Census Tract 703.06, Henry County, Georgia",70306,13,151,13151070306,11236,5560,5676,36.5,1258,10252.0,0.0,490.0,5125.0,0.0,173.0,4464.0,857.0,678.0,4113.0,34105.0,11109.0,1019.0,562.0,791.0,1268.0,1003.0,954.0,449.0,1103.0,11224,10071,1153,13,151,70306,811.7324086,47242.92899999999,71
1022,28708,29012,GA,13089021909,1.318,33.79375220000001,-84.20657299999999,Georgia,Emory University Hospital,Comprehensive Stroke Center,-84.32186,33.792320000000004,10.67770691,623,2018,"Census Tract 219.09, DeKalb County, Georgia",21909,13,89,13089021909,6917,3103,3814,34.8,447,6749.0,0.0,69.0,5616.0,0.0,0.0,1064.0,78.0,216.0,952.0,22062.0,6822.0,948.0,393.0,818.0,637.0,821.0,171.0,72.0,166.0,6912,5681,1231,13,89,21909,5248.103187,11967.962000000003,76
1023,28710,29014,GA,13135050433,0.488,33.882963200000006,-84.2069183,Georgia,Emory University Hospital,Comprehensive Stroke Center,-84.32186,33.792320000000004,14.63808695,1163,2018,"Census Tract 504.33, Gwinnett County, Georgia",50433,13,135,13135050433,2152,1021,1131,32.8,160,2039.0,0.0,187.0,537.0,0.0,340.0,975.0,65.0,806.0,545.0,28790.0,2097.0,198.0,81.0,286.0,373.0,235.0,74.0,77.0,147.0,2152,1514,638,13,135,50433,4409.836066,17413.812,68
1024,28711,29015,GA,13095000502,2.6519999999999997,31.595917100000005,-84.20692199999999,Alabama,Southeast Health,Comprehensive Stroke Center,-85.36301,31.21588,117.73842490000001,1461,2018,"Census Tract 5.02, Dougherty County, Georgia",502,13,95,13095000502,4699,1945,2754,45.2,1199,4291.0,0.0,88.0,1140.0,6.0,45.0,3012.0,258.0,230.0,2833.0,38627.0,4476.0,297.0,246.0,451.0,441.0,426.0,470.0,116.0,727.0,4699,4492,207,13,95,502,1771.8702870000002,129838.34599999998,130
1025,28713,29017,GA,13089023206,2.7969999999999997,33.74674470000001,-84.2083098,Georgia,Emory University Hospital,Comprehensive Stroke Center,-84.32186,33.792320000000004,11.67023398,1793,2018,"Census Tract 232.06, DeKalb County, Georgia",23206,13,89,13089023206,8083,3872,4211,40.7,1149,7858.0,0.0,267.0,6646.0,0.0,33.0,912.0,81.0,273.0,696.0,21364.0,7927.0,1265.0,702.0,1014.0,805.0,728.0,397.0,78.0,396.0,8071,7033,1038,13,89,23206,2889.882016,13741.730999999996,61
1026,28718,29022,GA,13095001000,1.601,31.575748600000004,-84.2103397,Alabama,Southeast Health,Comprehensive Stroke Center,-85.36301,31.21588,116.662329,462,2018,"Census Tract 10, Dougherty County, Georgia",1000,13,95,13095001000,2604,1106,1498,26.0,201,2541.0,8.0,12.0,2274.0,5.0,12.0,230.0,14.0,19.0,224.0,20938.0,2304.0,515.0,125.0,347.0,287.0,174.0,204.0,28.0,4.0,2599,2144,455,13,95,1000,1626.483448,129050.39499999997,125
1027,28720,29024,GA,13117130603,5.921,34.1145426,-84.2107577,Georgia,WellStar Kennestone Regional Medical Center,Comprehensive Stroke Center,-84.55109,33.969758,35.29182669,815,2018,"Census Tract 1306.03, Forsyth County, Georgia",130603,13,117,13117130603,7243,3673,3570,36.4,391,6995.0,19.0,2045.0,566.0,0.0,181.0,4184.0,176.0,650.0,3741.0,67672.0,7171.0,516.0,164.0,342.0,357.0,313.0,485.0,224.0,2064.0,7243,6674,569,13,117,130603,1223.2730960000001,39696.820999999996,61
1028,28721,29025,GA,13089023204,2.5810000000000004,33.774819799999996,-84.21084,Georgia,Emory University Hospital,Comprehensive Stroke Center,-84.32186,33.792320000000004,10.46411014,67,2018,"Census Tract 232.04, DeKalb County, Georgia",23204,13,89,13089023204,7230,3635,3595,37.4,868,7062.0,1.0,412.0,5506.0,0.0,194.0,949.0,102.0,350.0,750.0,26510.0,7148.0,868.0,565.0,809.0,856.0,635.0,551.0,301.0,317.0,7214,6216,998,13,89,23204,2801.23983,12815.972000000005,65
1029,28722,29027,GA,13151070114,4.68,33.517664399999994,-84.2114684,Georgia,Grady Memorial Hospital,Comprehensive Stroke Center,-84.38242,33.752320000000005,30.47887727,1956,2018,"Census Tract 701.14, Henry County, Georgia",70114,13,151,13151070114,4974,2188,2786,30.7,628,4755.0,0.0,161.0,3043.0,0.0,38.0,1513.0,147.0,39.0,1512.0,35581.0,4881.0,426.0,239.0,386.0,528.0,701.0,349.0,158.0,443.0,4953,4600,353,13,151,70114,1062.8205130000001,36104.12399999999,56
1030,28725,29030,GA,13117130307,4.7219999999999995,34.2228349,-84.21248659999999,Georgia,WellStar Kennestone Regional Medical Center,Comprehensive Stroke Center,-84.55109,33.969758,42.00467267,677,2018,"Census Tract 1303.07, Forsyth County, Georgia",130307,13,117,13117130307,5246,2596,2650,36.7,766,5071.0,0.0,425.0,169.0,0.0,0.0,4477.0,63.0,327.0,4150.0,44238.0,5101.0,599.0,184.0,390.0,219.0,431.0,468.0,170.0,898.0,5246,4870,376,13,117,130307,1110.969928,51074.827,85
1031,28726,29031,GA,13135050311,1.901,33.948537,-84.2126207,Georgia,Emory University Hospital,Comprehensive Stroke Center,-84.32186,33.792320000000004,20.06000797,356,2018,"Census Tract 503.11, Gwinnett County, Georgia",50311,13,135,13135050311,2762,1250,1512,40.9,257,2683.0,0.0,428.0,557.0,0.0,15.0,1683.0,24.0,119.0,1571.0,55000.0,2707.0,243.0,76.0,118.0,117.0,307.0,268.0,218.0,627.0,2762,2450,312,13,135,50311,1452.919516,23601.102000000014,71
1032,28728,29033,GA,13171970300,29.659000000000002,33.0322572,-84.21307979999999,Georgia,Grady Memorial Hospital,Comprehensive Stroke Center,-84.38242,33.752320000000005,81.40236903,1875,2018,"Census Tract 9703, Lamar County, Georgia",970300,13,171,13171970300,4187,1992,2195,34.0,552,4061.0,15.0,110.0,1672.0,0.0,8.0,2256.0,50.0,86.0,2181.0,19794.0,3988.0,548.0,463.0,497.0,513.0,356.0,69.0,28.0,149.0,4111,3502,609,13,171,970300,141.1713139,88199.94299999998,89
1033,28730,29035,GA,13135050417,1.0190000000000001,33.904395799999996,-84.2137196,Georgia,Emory University Hospital,Comprehensive Stroke Center,-84.32186,33.792320000000004,15.95947399,341,2018,"Census Tract 504.17, Gwinnett County, Georgia",50417,13,135,13135050417,6056,3172,2884,28.3,234,5837.0,0.0,636.0,973.0,0.0,1606.0,2622.0,149.0,3852.0,464.0,24061.0,5986.0,561.0,371.0,841.0,796.0,503.0,94.0,67.0,159.0,6035,3672,2363,13,135,50417,5943.081452,19455.619,57
1034,28735,29040,GA,13089021809,3.28,33.8657494,-84.2154512,Georgia,Emory University Hospital,Comprehensive Stroke Center,-84.32186,33.792320000000004,12.78136333,605,2018,"Census Tract 218.09, DeKalb County, Georgia",21809,13,89,13089021809,7280,3477,3803,50.4,1683,7087.0,0.0,428.0,632.0,0.0,233.0,5794.0,173.0,888.0,5191.0,42640.0,7116.0,672.0,530.0,575.0,716.0,511.0,831.0,266.0,1375.0,7136,6583,553,13,89,21809,2219.512195,14403.715000000007,66
1035,28736,29041,GA,13135050308,2.133,33.9879491,-84.2159329,Georgia,Emory University Hospital,Comprehensive Stroke Center,-84.32186,33.792320000000004,23.80904897,340,2018,"Census Tract 503.08, Gwinnett County, Georgia",50308,13,135,13135050308,4101,2125,1976,41.1,490,3991.0,0.0,824.0,275.0,0.0,0.0,2892.0,51.0,32.0,2875.0,58895.0,4042.0,422.0,148.0,221.0,177.0,181.0,338.0,94.0,1046.0,4101,4028,73,13,135,50308,1922.644163,26685.658000000007,89
1036,28737,29042,GA,13177020300,99.131,31.725071399999997,-84.2160545,Alabama,Southeast Health,Comprehensive Stroke Center,-85.36301,31.21588,122.7506088,1798,2018,"Census Tract 203, Lee County, Georgia",20300,13,177,13177020300,6512,3646,2866,35.4,681,6270.0,7.0,215.0,1455.0,0.0,82.0,4511.0,181.0,118.0,4461.0,33438.0,5495.0,599.0,299.0,412.0,440.0,654.0,439.0,104.0,428.0,5550,4891,659,13,177,20300,65.69085352,140372.86400000003,125
1037,28739,29044,GA,13089023414,2.654,33.696164399999994,-84.216611,Georgia,Emory University Hospital,Comprehensive Stroke Center,-84.32186,33.792320000000004,14.45199782,603,2018,"Census Tract 234.14, DeKalb County, Georgia",23414,13,89,13089023414,6334,2779,3555,50.7,1321,6308.0,0.0,108.0,6085.0,0.0,0.0,115.0,26.0,16.0,114.0,29755.0,6312.0,699.0,570.0,683.0,902.0,617.0,500.0,315.0,557.0,6312,6053,259,13,89,23414,2386.5862850000003,17082.54199999999,63
1038,28741,29046,GA,13121011613,2.5140000000000002,34.03203320000001,-84.21673670000001,Georgia,Emory University Hospital,Comprehensive Stroke Center,-84.32186,33.792320000000004,28.3107244,234,2018,"Census Tract 116.13, Fulton County, Georgia",11613,13,121,13121011613,6946,3346,3600,37.9,445,6802.0,28.0,1752.0,958.0,0.0,62.0,4002.0,58.0,519.0,3605.0,45108.0,6860.0,676.0,295.0,418.0,636.0,442.0,460.0,176.0,1526.0,6928,6319,609,13,121,11613,2762.927605,35183.005999999994,99
1039,28744,29049,GA,13089022004,1.419,33.8067192,-84.2173507,Georgia,Emory University Hospital,Comprehensive Stroke Center,-84.32186,33.792320000000004,9.808597234,77,2018,"Census Tract 220.04, DeKalb County, Georgia",22004,13,89,13089022004,6137,2805,3332,35.1,746,5845.0,0.0,931.0,4235.0,0.0,19.0,660.0,239.0,120.0,559.0,22090.0,6084.0,687.0,444.0,1010.0,541.0,468.0,298.0,139.0,319.0,6137,5250,887,13,89,22004,4324.876674,10993.303,61
1040,28749,29054,GA,13089023507,1.3840000000000001,33.7200688,-84.2181027,Georgia,Emory University Hospital,Comprehensive Stroke Center,-84.32186,33.792320000000004,12.51523968,615,2018,"Census Tract 235.07, DeKalb County, Georgia",23507,13,89,13089023507,4113,1871,2242,42.5,704,4026.0,149.0,0.0,3767.0,0.0,62.0,48.0,43.0,87.0,48.0,21538.0,4055.0,787.0,295.0,498.0,397.0,500.0,266.0,53.0,134.0,4113,3817,296,13,89,23507,2971.820809,15398.610999999994,55
1041,28752,29057,GA,13121011620,2.862,34.0706163,-84.21933359999998,Georgia,Emory University Hospital,Comprehensive Stroke Center,-84.32186,33.792320000000004,32.29166922,241,2018,"Census Tract 116.20, Fulton County, Georgia",11620,13,121,13121011620,10583,4996,5587,38.9,773,10038.0,108.0,2179.0,1024.0,0.0,16.0,6711.0,377.0,961.0,5855.0,55449.0,10415.0,922.0,439.0,550.0,632.0,603.0,711.0,339.0,2628.0,10583,10021,562,13,121,11620,3697.7638020000004,38569.169999999984,93
1042,28754,29059,GA,13095010500,9.637,31.520154100000003,-84.21946070000001,Alabama,Southeast Health,Comprehensive Stroke Center,-85.36301,31.21588,113.90227970000001,465,2018,"Census Tract 105, Dougherty County, Georgia",10500,13,95,13095010500,2168,1095,1073,45.0,470,2091.0,0.0,0.0,1248.0,0.0,79.0,764.0,29.0,134.0,709.0,22852.0,2084.0,289.0,197.0,312.0,206.0,235.0,111.0,59.0,65.0,2168,1789,379,13,95,10500,224.9662758,121449.64799999997,107
1043,28756,29061,GA,13205090400,95.602,31.223903399999998,-84.22016670000001,Florida,Tallahassee Memorial Hospital,Comprehensive Stroke Center,-84.26194,30.45625,85.2009852,198,2018,"Census Tract 904, Mitchell County, Georgia",90400,13,205,13205090400,7019,4338,2681,41.2,960,6879.0,26.0,77.0,2832.0,8.0,186.0,3750.0,95.0,640.0,3327.0,23355.0,4900.0,880.0,423.0,670.0,641.0,454.0,416.0,119.0,168.0,4945,3969,976,13,205,90400,73.41896613,93832.45399999998,132
1044,28759,29064,GA,13089021805,2.444,33.8347969,-84.2220481,Georgia,Emory University Hospital,Comprehensive Stroke Center,-84.32186,33.792320000000004,10.37294165,76,2018,"Census Tract 218.05, DeKalb County, Georgia",21805,13,89,13089021805,7444,3662,3782,40.4,1108,7258.0,42.0,641.0,2302.0,0.0,298.0,3975.0,159.0,1046.0,3285.0,34743.0,7405.0,627.0,526.0,569.0,1017.0,1031.0,437.0,254.0,996.0,7432,6187,1245,13,89,21805,3045.826514,11203.665,53
1045,28760,29065,GA,13085970100,117.927,34.48712929999999,-84.2221774,Georgia,WellStar Kennestone Regional Medical Center,Comprehensive Stroke Center,-84.55109,33.969758,64.89998724,530,2018,"Census Tract 9701, Dawson County, Georgia",970100,13,85,13085970100,8032,3900,4132,49.6,2242,7827.0,12.0,88.0,136.0,0.0,24.0,7567.0,126.0,230.0,7404.0,30609.0,7779.0,824.0,807.0,972.0,867.0,863.0,696.0,253.0,798.0,7862,6915,947,13,85,970100,68.10993242,83665.73900000003,94
1046,28762,29067,GA,13205090300,53.278999999999996,31.2933945,-84.22302890000002,Florida,Tallahassee Memorial Hospital,Comprehensive Stroke Center,-84.26194,30.45625,92.88653024,197,2018,"Census Tract 903, Mitchell County, Georgia",90300,13,205,13205090300,2747,1184,1563,36.1,433,2735.0,0.0,0.0,2360.0,0.0,0.0,375.0,12.0,0.0,375.0,17093.0,2747.0,353.0,315.0,416.0,196.0,153.0,145.0,3.0,48.0,2747,2265,482,13,205,90300,51.5587755,107769.31599999999,133
1047,28763,29068,GA,13135050418,0.797,33.8979713,-84.2233308,Georgia,Emory University Hospital,Comprehensive Stroke Center,-84.32186,33.792320000000004,14.84883402,348,2018,"Census Tract 504.18, Gwinnett County, Georgia",50418,13,135,13135050418,7355,3988,3367,27.9,228,7165.0,145.0,504.0,1722.0,0.0,2649.0,2145.0,150.0,4551.0,359.0,25741.0,7315.0,530.0,405.0,1104.0,1078.0,549.0,397.0,103.0,103.0,7355,4871,2484,13,135,50418,9228.356336,19345.008,63
1048,28767,29072,GA,13151070113,2.602,33.54766,-84.22601750000001,Georgia,Grady Memorial Hospital,Comprehensive Stroke Center,-84.38242,33.752320000000005,26.94032814,1955,2018,"Census Tract 701.13, Henry County, Georgia",70113,13,151,13151070113,3850,2057,1793,34.0,420,3721.0,0.0,169.0,953.0,0.0,321.0,2278.0,43.0,760.0,1839.0,26355.0,3734.0,438.0,453.0,302.0,604.0,316.0,220.0,43.0,178.0,3837,3213,624,13,151,70113,1479.6310529999998,30769.389999999996,65
1049,28769,29074,GA,13151070106,6.372000000000001,33.56141470000001,-84.22644129999999,Georgia,Grady Memorial Hospital,Comprehensive Stroke Center,-84.38242,33.752320000000005,25.64515753,1202,2018,"Census Tract 701.06, Henry County, Georgia",70106,13,151,13151070106,6278,3307,2971,35.0,621,6107.0,0.0,283.0,2489.0,9.0,74.0,3252.0,126.0,746.0,2681.0,26615.0,6152.0,980.0,300.0,795.0,635.0,688.0,364.0,212.0,300.0,6278,5145,1133,13,151,70106,985.2479597999999,30045.307000000004,62
1050,28770,29075,GA,13089023111,0.903,33.7574297,-84.22690340000001,Georgia,Emory University Hospital,Comprehensive Stroke Center,-84.32186,33.792320000000004,9.609350138,1400,2018,"Census Tract 231.11, DeKalb County, Georgia",23111,13,89,13089023111,2306,1055,1251,40.2,313,2173.0,0.0,12.0,1891.0,0.0,0.0,270.0,116.0,91.0,258.0,24821.0,2226.0,280.0,199.0,315.0,254.0,234.0,104.0,37.0,155.0,2300,1881,419,13,89,23111,2553.709856,12100.455999999998,59
1051,28773,29078,GA,13131950600,137.43,30.7442597,-84.227604,Florida,Tallahassee Memorial Hospital,Comprehensive Stroke Center,-84.26194,30.45625,32.09885248,1312,2018,"Census Tract 9506, Grady County, Georgia",950600,13,131,13131950600,2281,1083,1198,46.2,496,2208.0,2.0,2.0,556.0,0.0,0.0,1648.0,56.0,68.0,1630.0,26324.0,2261.0,349.0,101.0,312.0,254.0,259.0,201.0,18.0,138.0,2281,2001,280,13,131,950600,16.59754057,39703.68499999996,83
1052,28774,29079,GA,13117130304,4.7860000000000005,34.161541799999995,-84.2282171,Georgia,WellStar Kennestone Regional Medical Center,Comprehensive Stroke Center,-84.55109,33.969758,36.61864156,674,2018,"Census Tract 1303.04, Forsyth County, Georgia",130304,13,117,13117130304,4326,2190,2136,41.2,562,4220.0,0.0,287.0,102.0,0.0,9.0,3822.0,51.0,140.0,3700.0,44161.0,4271.0,458.0,188.0,299.0,288.0,272.0,231.0,89.0,1054.0,4326,4250,76,13,117,130304,903.8863351,41386.51399999998,74
1053,28777,29082,GA,13117130601,6.664,34.145675399999995,-84.2285487,Georgia,WellStar Kennestone Regional Medical Center,Comprehensive Stroke Center,-84.55109,33.969758,35.60172352,813,2018,"Census Tract 1306.01, Forsyth County, Georgia",130601,13,117,13117130601,5289,2382,2907,34.6,326,4748.0,28.0,768.0,230.0,0.0,103.0,3619.0,432.0,924.0,2837.0,36917.0,5180.0,499.0,312.0,506.0,390.0,467.0,409.0,157.0,789.0,5289,4448,841,13,117,130601,793.667467,41153.622999999985,74
1054,28778,29083,GA,13261950600,0.951,32.0698393,-84.2286457,Alabama,Southeast Health,Comprehensive Stroke Center,-85.36301,31.21588,143.3303097,503,2018,"Census Tract 9506, Sumter County, Georgia",950600,13,261,13261950600,2116,1039,1077,32.0,212,1981.0,18.0,0.0,945.0,0.0,11.0,1007.0,96.0,95.0,948.0,18149.0,2077.0,458.0,164.0,251.0,169.0,147.0,156.0,33.0,100.0,2116,1589,527,13,261,950600,2225.026288,167943.62000000005,162
1055,28780,29085,GA,13255160900,4.081,33.2488001,-84.2292968,Georgia,Grady Memorial Hospital,Comprehensive Stroke Center,-84.38242,33.752320000000005,57.63112342,1255,2018,"Census Tract 1609, Spalding County, Georgia",160900,13,255,13255160900,2592,1437,1155,33.2,277,2552.0,15.0,8.0,1099.0,0.0,9.0,1421.0,35.0,147.0,1283.0,20854.0,2587.0,273.0,239.0,497.0,209.0,252.0,94.0,33.0,16.0,2592,2194,398,13,255,160900,635.1384465,64069.27000000004,75
1056,28781,29086,GA,13089023425,1.931,33.674409499999996,-84.2293056,Georgia,Emory University Hospital,Comprehensive Stroke Center,-84.32186,33.792320000000004,15.64008236,1455,2018,"Census Tract 234.25, DeKalb County, Georgia",23425,13,89,13089023425,6233,2759,3474,38.2,941,6114.0,0.0,0.0,5695.0,0.0,0.0,419.0,57.0,254.0,181.0,31192.0,6165.0,905.0,374.0,768.0,568.0,653.0,780.0,91.0,524.0,6227,5626,601,13,89,23425,3227.8612120000003,18143.861999999997,70
1057,28782,29087,GA,13089023419,5.107,33.651331400000004,-84.2293681,Georgia,Emory University Hospital,Comprehensive Stroke Center,-84.32186,33.792320000000004,17.83364873,1413,2018,"Census Tract 234.19, DeKalb County, Georgia",23419,13,89,13089023419,10412,4346,6066,35.9,1059,10008.0,0.0,3.0,9733.0,0.0,13.0,259.0,383.0,256.0,238.0,31853.0,10371.0,1238.0,388.0,1220.0,1368.0,1241.0,917.0,504.0,575.0,10392,9401,991,13,89,23419,2038.7703149999998,21174.727,85
1058,28784,29089,GA,13095000501,1.736,31.600028299999998,-84.2294717,Alabama,Southeast Health,Comprehensive Stroke Center,-85.36301,31.21588,115.90316969999999,1460,2018,"Census Tract 5.01, Dougherty County, Georgia",501,13,95,13095000501,4818,2084,2734,36.5,552,4725.0,19.0,21.0,2636.0,0.0,73.0,1976.0,28.0,331.0,1737.0,36340.0,4753.0,459.0,219.0,491.0,613.0,757.0,652.0,105.0,417.0,4793,4023,770,13,95,501,2775.345622,128736.64299999997,128
1059,28785,29090,GA,13089022010,0.48,33.8131969,-84.22976440000001,Georgia,Emory University Hospital,Comprehensive Stroke Center,-84.32186,33.792320000000004,8.836648664,1397,2018,"Census Tract 220.10, DeKalb County, Georgia",22010,13,89,13089022010,2476,1251,1225,33.8,251,2386.0,59.0,936.0,865.0,0.0,15.0,511.0,58.0,93.0,440.0,20248.0,2439.0,404.0,192.0,347.0,217.0,99.0,84.0,43.0,146.0,2471,1865,606,13,89,22010,5158.333333,10602.940999999999,54
1060,28786,29091,GA,13089023114,0.9209999999999999,33.7808851,-84.2300879,Georgia,Emory University Hospital,Comprehensive Stroke Center,-84.32186,33.792320000000004,8.593601267999999,1403,2018,"Census Tract 231.14, DeKalb County, Georgia",23114,13,89,13089023114,2921,1495,1426,32.9,281,2739.0,8.0,86.0,1987.0,0.0,62.0,596.0,148.0,127.0,508.0,26184.0,2878.0,346.0,170.0,310.0,363.0,225.0,172.0,59.0,114.0,2921,2485,436,13,89,23114,3171.5526600000003,9706.592999999997,61
1061,28787,29092,GA,13135050306,3.9160000000000004,33.9270845,-84.2303735,Georgia,Emory University Hospital,Comprehensive Stroke Center,-84.32186,33.792320000000004,17.17890175,446,2018,"Census Tract 503.06, Gwinnett County, Georgia",50306,13,135,13135050306,3492,2072,1420,30.1,186,3393.0,10.0,377.0,313.0,0.0,1361.0,1332.0,57.0,2077.0,626.0,23037.0,3426.0,184.0,297.0,799.0,410.0,262.0,69.0,33.0,115.0,3474,1876,1598,13,135,50306,891.7262513000001,19944.07400000001,59
1062,28789,29094,GA,13135050310,2.8139999999999996,33.96420620000001,-84.23151949999999,Georgia,Emory University Hospital,Comprehensive Stroke Center,-84.32186,33.792320000000004,20.81717127,354,2018,"Census Tract 503.10, Gwinnett County, Georgia",50310,13,135,13135050310,5752,2778,2974,44.2,1159,5671.0,0.0,463.0,1246.0,0.0,439.0,3523.0,45.0,836.0,3109.0,32418.0,5716.0,409.0,427.0,714.0,718.0,513.0,499.0,257.0,686.0,5752,4893,859,13,135,50310,2044.065387,24362.60300000001,72
1063,28792,29097,GA,13089023108,1.426,33.7452843,-84.23223929999999,Georgia,Emory University Hospital,Comprehensive Stroke Center,-84.32186,33.792320000000004,9.805136642,487,2018,"Census Tract 231.08, DeKalb County, Georgia",23108,13,89,13089023108,4516,2161,2355,37.1,519,4422.0,0.0,15.0,3873.0,0.0,122.0,412.0,32.0,82.0,403.0,20216.0,4414.0,582.0,623.0,577.0,458.0,413.0,181.0,18.0,210.0,4476,3508,968,13,89,23108,3166.9004210000003,11593.620999999996,52
1064,28794,29099,GA,13111050100,44.038000000000004,34.9461829,-84.23240679999999,Tennessee,Erlanger Health System,Comprehensive Stroke Center,-85.29043,35.04872,97.25507725,479,2018,"Census Tract 501, Fannin County, Georgia",50100,13,111,13111050100,3790,1893,1897,53.2,1063,3757.0,0.0,93.0,16.0,28.0,62.0,3558.0,5.0,70.0,3512.0,20742.0,3748.0,726.0,373.0,639.0,424.0,340.0,164.0,39.0,313.0,3790,3168,622,13,111,50100,86.06203733,127301.60800000014,176
1065,28795,29100,GA,13089022005,1.272,33.7912072,-84.23304920000001,Georgia,Emory University Hospital,Comprehensive Stroke Center,-84.32186,33.792320000000004,8.22565907,607,2018,"Census Tract 220.05, DeKalb County, Georgia",22005,13,89,13089022005,5505,2816,2689,30.5,377,5269.0,0.0,759.0,3599.0,0.0,0.0,911.0,101.0,33.0,907.0,23654.0,5320.0,688.0,410.0,696.0,588.0,349.0,298.0,115.0,164.0,5505,4320,1185,13,89,22005,4327.830189,9078.727999999997,52
1066,28797,29102,GA,13121011621,4.112,34.086993400000004,-84.2332337,Georgia,WellStar Kennestone Regional Medical Center,Comprehensive Stroke Center,-84.55109,33.969758,32.10669225,242,2018,"Census Tract 116.21, Fulton County, Georgia",11621,13,121,13121011621,7146,3438,3708,41.3,485,6694.0,23.0,1781.0,435.0,0.0,181.0,4274.0,297.0,566.0,4053.0,83488.0,6917.0,510.0,119.0,347.0,273.0,345.0,226.0,85.0,2237.0,7146,6886,260,13,121,11621,1737.8404670000002,36938.613,75
1067,28798,29103,GA,13293010600,91.598,32.8148571,-84.23368590000001,Georgia,Grady Memorial Hospital,Comprehensive Stroke Center,-84.38242,33.752320000000005,104.89258490000002,1536,2018,"Census Tract 106, Upson County, Georgia",10600,13,293,13293010600,1573,744,829,48.8,275,1573.0,0.0,0.0,846.0,0.0,0.0,727.0,0.0,7.0,720.0,19159.0,1546.0,271.0,172.0,183.0,162.0,146.0,70.0,6.0,39.0,1573,1398,175,13,293,10600,17.17286404,117802.77400000005,93
1068,28800,29105,GA,13151070109,3.2769999999999997,33.587487,-84.2347698,Georgia,Grady Memorial Hospital,Comprehensive Stroke Center,-84.38242,33.752320000000005,22.84205022,1952,2018,"Census Tract 701.09, Henry County, Georgia",70109,13,151,13151070109,3455,1691,1764,43.7,476,3318.0,0.0,0.0,1552.0,0.0,82.0,1684.0,123.0,201.0,1556.0,40467.0,3441.0,292.0,165.0,350.0,291.0,339.0,491.0,76.0,396.0,3446,3248,198,13,151,70109,1054.317974,28547.399000000012,70
1069,28801,29106,GA,13089022009,0.6729999999999999,33.820935799999994,-84.2350392,Georgia,Emory University Hospital,Comprehensive Stroke Center,-84.32186,33.792320000000004,8.642962939,1396,2018,"Census Tract 220.09, DeKalb County, Georgia",22009,13,89,13089022009,5374,2647,2727,28.8,151,5298.0,22.0,503.0,4599.0,3.0,0.0,171.0,41.0,28.0,149.0,23510.0,5339.0,634.0,315.0,797.0,598.0,500.0,202.0,28.0,157.0,5374,3870,1504,13,89,22009,7985.141159000001,10495.198,49
1070,28807,29112,GA,13089022008,0.8740000000000001,33.801016,-84.2368624,Georgia,Emory University Hospital,Comprehensive Stroke Center,-84.32186,33.792320000000004,7.930024029,489,2018,"Census Tract 220.08, DeKalb County, Georgia",22008,13,89,13089022008,8114,3891,4223,28.6,634,7490.0,127.0,3243.0,3121.0,82.0,10.0,907.0,467.0,67.0,877.0,19139.0,7957.0,1101.0,528.0,938.0,685.0,319.0,103.0,126.0,246.0,8114,6000,2114,13,89,22008,9283.752859999999,8934.608999999997,57
1071,28808,29113,GA,13151070502,30.471999999999998,33.391220000000004,-84.23686640000001,Georgia,Grady Memorial Hospital,Comprehensive Stroke Center,-84.38242,33.752320000000005,42.26977196,1966,2018,"Census Tract 705.02, Henry County, Georgia",70502,13,151,13151070502,14327,6328,7999,38.3,1550,13996.0,11.0,530.0,5927.0,0.0,0.0,7528.0,295.0,430.0,7181.0,35821.0,14273.0,1488.0,706.0,1245.0,1059.0,1774.0,1178.0,561.0,1247.0,14305,12592,1713,13,151,70502,470.1693358,49096.46899999998,60
1072,28809,29114,GA,13135050322,1.964,33.989743299999994,-84.2369884,Georgia,Emory University Hospital,Comprehensive Stroke Center,-84.32186,33.792320000000004,23.26306172,1160,2018,"Census Tract 503.22, Gwinnett County, Georgia",50322,13,135,13135050322,5112,2587,2525,41.4,611,4909.0,0.0,398.0,10.0,0.0,0.0,4501.0,170.0,14.0,4501.0,53955.0,5079.0,588.0,157.0,327.0,290.0,284.0,252.0,257.0,1312.0,5112,5052,60,13,135,50322,2602.8513239999997,27270.094000000005,87
1073,28811,29116,GA,13089021812,0.7859999999999999,33.8873526,-84.23731550000001,Georgia,Emory University Hospital,Comprehensive Stroke Center,-84.32186,33.792320000000004,13.12808342,1308,2018,"Census Tract 218.12, DeKalb County, Georgia",21812,13,89,13089021812,2139,1123,1016,37.9,321,2069.0,11.0,75.0,299.0,0.0,137.0,1547.0,40.0,725.0,1001.0,34545.0,2109.0,185.0,119.0,241.0,177.0,109.0,173.0,92.0,324.0,2139,1674,465,13,89,21812,2721.374046,16170.553,56
1074,28813,29118,GA,13089023413,1.545,33.6919664,-84.2382775,Georgia,Emory University Hospital,Comprehensive Stroke Center,-84.32186,33.792320000000004,13.56038701,1795,2018,"Census Tract 234.13, DeKalb County, Georgia",23413,13,89,13089023413,3683,1823,1860,45.8,764,3661.0,0.0,0.0,3488.0,0.0,24.0,149.0,22.0,78.0,121.0,29765.0,3683.0,369.0,392.0,391.0,407.0,520.0,232.0,114.0,264.0,3683,3183,500,13,89,23413,2383.81877,16837.59499999999,66
1075,28814,29119,GA,13089021813,0.23600000000000002,33.9008398,-84.2392557,Georgia,Emory University Hospital,Comprehensive Stroke Center,-84.32186,33.792320000000004,14.25958821,1001,2018,"Census Tract 218.13, DeKalb County, Georgia",21813,13,89,13089021813,2795,1304,1491,27.3,20,2716.0,44.0,120.0,1611.0,0.0,55.0,886.0,48.0,842.0,183.0,25481.0,2764.0,291.0,88.0,501.0,421.0,252.0,150.0,51.0,86.0,2795,1768,1027,13,89,21813,11843.22034,17095.073,50
1076,28817,29122,GA,13089021814,0.986,33.8940557,-84.2399511,Georgia,Emory University Hospital,Comprehensive Stroke Center,-84.32186,33.792320000000004,13.59452745,1002,2018,"Census Tract 218.14, DeKalb County, Georgia",21814,13,89,13089021814,5816,3093,2723,31.0,265,5562.0,55.0,512.0,2045.0,0.0,547.0,2403.0,180.0,2238.0,1032.0,23254.0,5726.0,453.0,486.0,1349.0,722.0,576.0,149.0,112.0,275.0,5800,3757,2043,13,89,21814,5898.580122,16584.372,51
1077,28820,29125,GA,13121011425,4.126,34.0137232,-84.24061850000001,Georgia,Emory University Hospital,Comprehensive Stroke Center,-84.32186,33.792320000000004,25.6819854,224,2018,"Census Tract 114.25, Fulton County, Georgia",11425,13,121,13121011425,7031,3280,3751,44.8,728,6860.0,0.0,1347.0,404.0,0.0,16.0,5093.0,105.0,326.0,4783.0,53947.0,6940.0,558.0,411.0,452.0,346.0,333.0,359.0,201.0,1832.0,7006,6682,324,13,121,11425,1704.0717399999999,31636.372000000003,99
1078,28823,29128,GA,13089021808,1.161,33.87553,-84.24103509999999,Georgia,Emory University Hospital,Comprehensive Stroke Center,-84.32186,33.792320000000004,11.88100348,621,2018,"Census Tract 218.08, DeKalb County, Georgia",21808,13,89,13089021808,4974,2511,2463,35.3,764,4604.0,342.0,395.0,786.0,0.0,85.0,2996.0,304.0,1060.0,2472.0,39279.0,4908.0,417.0,249.0,384.0,354.0,432.0,388.0,120.0,704.0,4974,4488,486,13,89,21808,4284.237725999999,14530.757999999998,55
1079,28824,29129,GA,13269950100,103.213,32.6614676,-84.2413494,Georgia,Grady Memorial Hospital,Comprehensive Stroke Center,-84.38242,33.752320000000005,121.6972163,1812,2018,"Census Tract 9501, Taylor County, Georgia",950100,13,269,13269950100,1375,685,690,49.3,312,1361.0,0.0,0.0,264.0,0.0,0.0,1097.0,8.0,0.0,1097.0,22575.0,1321.0,266.0,116.0,135.0,134.0,123.0,61.0,35.0,67.0,1327,1058,269,13,269,950100,13.32196526,135863.52199999997,113
1080,28826,29131,GA,13089023115,0.262,33.7738177,-84.24141469999999,Georgia,Emory University Hospital,Comprehensive Stroke Center,-84.32186,33.792320000000004,7.728230471,1404,2018,"Census Tract 231.15, DeKalb County, Georgia",23115,13,89,13089023115,2184,1904,280,30.6,0,2081.0,34.0,7.0,1785.0,0.0,57.0,198.0,103.0,129.0,165.0,11679.0,2.0,527.0,117.0,170.0,161.0,87.0,54.0,20.0,8.0,2,2,0,13,89,23115,8335.877863,9141.837999999996,51
1081,28827,29132,GA,13089023112,0.953,33.7633485,-84.2414272,Georgia,Emory University Hospital,Comprehensive Stroke Center,-84.32186,33.792320000000004,8.113552258,1401,2018,"Census Tract 231.12, DeKalb County, Georgia",23112,13,89,13089023112,5092,2387,2705,30.8,272,4759.0,0.0,45.0,4519.0,0.0,0.0,195.0,185.0,85.0,177.0,20367.0,4944.0,1001.0,372.0,765.0,594.0,403.0,249.0,64.0,53.0,5092,4004,1088,13,89,23112,5343.126967,9827.729000000003,56
1082,28828,29133,GA,13089021810,2.51,33.854020399999996,-84.2415838,Georgia,Emory University Hospital,Comprehensive Stroke Center,-84.32186,33.792320000000004,10.10278014,488,2018,"Census Tract 218.10, DeKalb County, Georgia",21810,13,89,13089021810,5670,2572,3098,40.6,1080,5514.0,0.0,600.0,1812.0,0.0,24.0,3078.0,69.0,196.0,2918.0,47141.0,5575.0,356.0,181.0,370.0,495.0,893.0,793.0,398.0,932.0,5662,4965,697,13,89,21810,2258.964143,12486.365000000002,58
1083,28829,29134,GA,13089023506,2.07,33.72617879999999,-84.241601,Georgia,Emory University Hospital,Comprehensive Stroke Center,-84.32186,33.792320000000004,10.44548613,68,2018,"Census Tract 235.06, DeKalb County, Georgia",23506,13,89,13089023506,6553,2705,3848,40.6,1215,6341.0,0.0,0.0,5919.0,0.0,0.0,422.0,158.0,20.0,402.0,23886.0,6282.0,915.0,739.0,767.0,637.0,737.0,423.0,133.0,262.0,6336,4988,1348,13,89,23506,3165.7004829999996,12450.160999999996,51
1084,28830,29135,GA,13135050317,0.49700000000000005,33.9463722,-84.2420397,Georgia,Emory University Hospital,Comprehensive Stroke Center,-84.32186,33.792320000000004,18.61522509,1155,2018,"Census Tract 503.17, Gwinnett County, Georgia",50317,13,135,13135050317,4024,2145,1879,29.1,101,3784.0,29.0,135.0,1725.0,0.0,704.0,1191.0,121.0,1426.0,649.0,27451.0,3905.0,277.0,223.0,632.0,660.0,619.0,256.0,24.0,122.0,4024,2687,1337,13,135,50317,8096.579476999999,21275.914000000015,66
1085,28832,29137,GA,13117130302,4.601,34.198612700000005,-84.24237540000001,Georgia,WellStar Kennestone Regional Medical Center,Comprehensive Stroke Center,-84.55109,33.969758,38.16062382,672,2018,"Census Tract 1303.02, Forsyth County, Georgia",130302,13,117,13117130302,7071,3554,3517,40.0,689,6882.0,0.0,526.0,194.0,0.0,37.0,6125.0,115.0,247.0,5878.0,55746.0,6986.0,772.0,173.0,380.0,284.0,486.0,474.0,242.0,1636.0,7071,6936,135,13,117,130302,1536.839817,45363.44599999999,83
1086,28834,29139,GA,13135050321,1.9869999999999999,33.973061799999996,-84.24282190000001,Georgia,Emory University Hospital,Comprehensive Stroke Center,-84.32186,33.792320000000004,21.33972408,1159,2018,"Census Tract 503.21, Gwinnett County, Georgia",50321,13,135,13135050321,4714,2353,2361,46.4,853,4531.0,0.0,394.0,78.0,0.0,14.0,4045.0,156.0,203.0,3945.0,53355.0,4687.0,396.0,177.0,298.0,303.0,381.0,218.0,136.0,1392.0,4714,4514,200,13,135,50321,2372.420735,24626.063000000013,71
1087,28837,29142,GA,13089023412,2.833,33.706857799999995,-84.2432559,Georgia,Emory University Hospital,Comprehensive Stroke Center,-84.32186,33.792320000000004,11.9540712,69,2018,"Census Tract 234.12, DeKalb County, Georgia",23412,13,89,13089023412,5899,2627,3272,43.4,1202,5621.0,0.0,72.0,5418.0,0.0,12.0,119.0,139.0,50.0,111.0,26175.0,5754.0,589.0,471.0,907.0,425.0,666.0,395.0,154.0,468.0,5893,5064,829,13,89,23412,2082.2449699999997,13913.568999999996,53
1088,28841,29146,GA,13255161100,4.289,33.2180354,-84.2438879,Georgia,Grady Memorial Hospital,Comprehensive Stroke Center,-84.38242,33.752320000000005,60.64166297,1263,2018,"Census Tract 1611, Spalding County, Georgia",161100,13,255,13255161100,3893,1937,1956,37.7,642,3789.0,0.0,61.0,492.0,0.0,51.0,3185.0,51.0,73.0,3154.0,35708.0,3840.0,268.0,167.0,519.0,335.0,389.0,416.0,151.0,401.0,3893,3610,283,13,255,161100,907.6707857000001,65426.66400000004,78
1089,28842,29147,GA,13131950100,99.73700000000001,31.022112100000005,-84.2442059,Florida,Tallahassee Memorial Hospital,Comprehensive Stroke Center,-84.26194,30.45625,62.75728235,1247,2018,"Census Tract 9501, Grady County, Georgia",950100,13,131,13131950100,2152,1046,1106,44.3,363,2119.0,0.0,0.0,228.0,0.0,0.0,1891.0,33.0,0.0,1891.0,26782.0,2135.0,228.0,259.0,251.0,258.0,219.0,191.0,56.0,91.0,2152,1893,259,13,131,950100,21.57674684,73143.06399999998,115
1090,28844,29149,GA,13117130303,7.0120000000000005,34.2599764,-84.24474520000001,Georgia,WellStar Kennestone Regional Medical Center,Comprehensive Stroke Center,-84.55109,33.969758,42.83880565,673,2018,"Census Tract 1303.03, Forsyth County, Georgia",130303,13,117,13117130303,4006,2010,1996,38.3,487,3973.0,0.0,224.0,139.0,0.0,235.0,3375.0,30.0,436.0,3174.0,36984.0,4003.0,415.0,203.0,336.0,388.0,474.0,213.0,172.0,556.0,4006,3526,480,13,117,130303,571.306332,51587.784,92
1091,28846,29151,GA,13131950300,26.474,30.920352,-84.24481340000001,Florida,Tallahassee Memorial Hospital,Comprehensive Stroke Center,-84.26194,30.45625,51.47842305,1244,2018,"Census Tract 9503, Grady County, Georgia",950300,13,131,13131950300,4218,1883,2335,43.5,799,4110.0,0.0,5.0,2090.0,8.0,35.0,1972.0,108.0,407.0,1664.0,21899.0,4218.0,478.0,454.0,621.0,429.0,394.0,186.0,67.0,305.0,4218,3679,539,13,131,950300,159.32613130000001,58696.96700000001,102
1092,28847,29152,GA,13121011619,2.7510000000000003,34.0667902,-84.2448337,Georgia,WellStar Kennestone Regional Medical Center,Comprehensive Stroke Center,-84.55109,33.969758,30.26578304,240,2018,"Census Tract 116.19, Fulton County, Georgia",11619,13,121,13121011619,8014,4359,3655,31.7,246,7778.0,25.0,2600.0,958.0,0.0,111.0,4084.0,190.0,747.0,3488.0,52778.0,7968.0,722.0,216.0,424.0,399.0,619.0,410.0,193.0,1899.0,8014,7501,513,13,121,11619,2913.1225010000003,35606.583000000006,78
1093,28850,29155,GA,13151070111,3.515,33.535248200000005,-84.2456875,Georgia,Grady Memorial Hospital,Comprehensive Stroke Center,-84.38242,33.752320000000005,27.21368403,1954,2018,"Census Tract 701.11, Henry County, Georgia",70111,13,151,13151070111,9386,4007,5379,34.4,831,8640.0,0.0,559.0,5882.0,0.0,156.0,2043.0,711.0,1260.0,1317.0,26961.0,9294.0,1468.0,556.0,910.0,940.0,1079.0,702.0,311.0,291.0,9327,7434,1893,13,151,70111,2670.27027,32129.518999999997,60
1094,28851,29156,GA,13117130305,3.8569999999999998,34.2226084,-84.2459385,Georgia,WellStar Kennestone Regional Medical Center,Comprehensive Stroke Center,-84.55109,33.969758,39.74420871,675,2018,"Census Tract 1303.05, Forsyth County, Georgia",130305,13,117,13117130305,6434,3204,3230,36.1,548,6261.0,0.0,667.0,63.0,0.0,33.0,5498.0,74.0,717.0,4814.0,53814.0,6330.0,537.0,151.0,464.0,292.0,390.0,638.0,203.0,1330.0,6434,6086,348,13,117,130305,1668.135857,48363.666,92
1095,28852,29157,GA,13121011426,0.568,34.0371527,-84.24603590000001,Georgia,Emory University Hospital,Comprehensive Stroke Center,-84.32186,33.792320000000004,28.04769407,225,2018,"Census Tract 114.26, Fulton County, Georgia",11426,13,121,13121011426,2485,1151,1334,38.4,169,2364.0,0.0,185.0,204.0,11.0,27.0,1937.0,89.0,483.0,1543.0,32016.0,2453.0,286.0,142.0,187.0,225.0,110.0,128.0,64.0,453.0,2485,2154,331,13,121,11426,4375.0,32583.485000000004,102
1096,28853,29158,GA,13089022007,0.46399999999999997,33.8103626,-84.2466272,Georgia,Emory University Hospital,Comprehensive Stroke Center,-84.32186,33.792320000000004,7.248257142000001,63,2018,"Census Tract 220.07, DeKalb County, Georgia",22007,13,89,13089022007,4137,2129,2008,27.5,247,3966.0,0.0,1878.0,1794.0,0.0,27.0,267.0,107.0,126.0,189.0,16875.0,4062.0,706.0,222.0,613.0,305.0,179.0,55.0,47.0,53.0,4116,2664,1452,13,89,22007,8915.948276000001,8787.936999999998,54
1097,28854,29159,GA,13117130602,2.144,34.12068529999999,-84.2466417,Georgia,WellStar Kennestone Regional Medical Center,Comprehensive Stroke Center,-84.55109,33.969758,32.71889313,814,2018,"Census Tract 1306.02, Forsyth County, Georgia",130602,13,117,13117130602,5387,2722,2665,35.8,406,5040.0,0.0,666.0,279.0,0.0,232.0,3863.0,277.0,2044.0,2041.0,39792.0,5317.0,400.0,109.0,710.0,516.0,277.0,263.0,270.0,1046.0,5387,4119,1268,13,117,130602,2512.593284,38721.835,81
1098,28856,29161,GA,13135050318,0.331,33.9545355,-84.2473775,Georgia,Emory University Hospital,Comprehensive Stroke Center,-84.32186,33.792320000000004,19.26747779,1156,2018,"Census Tract 503.18, Gwinnett County, Georgia",50318,13,135,13135050318,2861,1159,1702,32.2,156,2849.0,18.0,159.0,1537.0,0.0,323.0,812.0,12.0,770.0,508.0,28962.0,2861.0,344.0,215.0,306.0,533.0,310.0,160.0,45.0,139.0,2861,2182,679,13,135,50318,8643.504531999999,22702.891000000018,72
1099,28859,29165,GA,13177020403,13.231,31.6382136,-84.2490488,Alabama,Southeast Health,Comprehensive Stroke Center,-85.36301,31.21588,115.8002693,1584,2018,"Census Tract 204.03, Lee County, Georgia",20403,13,177,13177020403,6281,3127,3154,37.4,712,6138.0,23.0,335.0,1087.0,0.0,11.0,4682.0,85.0,321.0,4381.0,48750.0,6223.0,426.0,346.0,363.0,375.0,597.0,686.0,270.0,1029.0,6273,5853,420,13,177,20403,474.71846419999997,129896.67199999998,125
1100,28860,29166,GA,13151070305,15.286,33.4705967,-84.24927290000001,Georgia,Grady Memorial Hospital,Comprehensive Stroke Center,-84.38242,33.752320000000005,33.60186218,1205,2018,"Census Tract 703.05, Henry County, Georgia",70305,13,151,13151070305,9101,4096,5005,43.3,1155,8708.0,0.0,729.0,4251.0,0.0,49.0,3679.0,318.0,873.0,2909.0,37007.0,9026.0,1098.0,314.0,990.0,605.0,1301.0,712.0,391.0,1255.0,9069,8652,417,13,151,70305,595.3813947000001,39391.92399999998,61
1101,28862,29168,GA,13261950500,53.73,31.9933571,-84.2498559,Alabama,Southeast Health,Comprehensive Stroke Center,-85.36301,31.21588,136.344123,508,2018,"Census Tract 9505, Sumter County, Georgia",950500,13,261,13261950500,3223,1523,1700,42.3,662,3181.0,0.0,60.0,1081.0,0.0,0.0,2040.0,14.0,153.0,1894.0,26131.0,3061.0,416.0,198.0,382.0,395.0,236.0,229.0,53.0,197.0,3129,2562,567,13,261,950500,59.98511074,159856.39300000004,140
1102,28863,29169,GA,13089022001,1.695,33.82080070000001,-84.25018759999999,Georgia,Emory University Hospital,Comprehensive Stroke Center,-84.32186,33.792320000000004,7.349933715,62,2018,"Census Tract 220.01, DeKalb County, Georgia",22001,13,89,13089022001,4354,2201,2153,40.1,694,4141.0,38.0,179.0,902.0,0.0,13.0,3009.0,144.0,264.0,2777.0,40864.0,4285.0,349.0,205.0,420.0,449.0,527.0,478.0,281.0,613.0,4354,3785,569,13,89,22001,2568.731563,9486.289999999997,55
1103,28868,29174,GA,13089023107,1.449,33.7496649,-84.2513283,Georgia,Emory University Hospital,Comprehensive Stroke Center,-84.32186,33.792320000000004,8.066660714,609,2018,"Census Tract 231.07, DeKalb County, Georgia",23107,13,89,13089023107,4235,1908,2327,38.8,565,4065.0,12.0,20.0,3057.0,0.0,220.0,756.0,129.0,301.0,706.0,22830.0,4194.0,651.0,372.0,746.0,401.0,298.0,265.0,123.0,255.0,4235,3341,894,13,89,23107,2922.7053140000003,9645.25,57
1104,28871,29177,GA,13151070108,4.886,33.6258274,-84.25242309999999,Georgia,Grady Memorial Hospital,Comprehensive Stroke Center,-84.38242,33.752320000000005,18.49668704,1951,2018,"Census Tract 701.08, Henry County, Georgia",70108,13,151,13151070108,5497,2610,2887,36.7,541,5340.0,0.0,52.0,4172.0,0.0,79.0,1037.0,54.0,205.0,949.0,31928.0,5394.0,566.0,457.0,515.0,613.0,794.0,225.0,222.0,511.0,5497,4863,634,13,151,70108,1125.051167,22390.38,56
1105,28872,29178,GA,13135050304,2.908,33.9298021,-84.252576,Georgia,Emory University Hospital,Comprehensive Stroke Center,-84.32186,33.792320000000004,16.54238476,445,2018,"Census Tract 503.04, Gwinnett County, Georgia",50304,13,135,13135050304,4924,2466,2458,30.6,239,4727.0,266.0,286.0,1279.0,0.0,944.0,1952.0,132.0,2418.0,939.0,27955.0,4859.0,310.0,329.0,718.0,760.0,572.0,341.0,99.0,127.0,4924,3314,1610,13,135,50304,1693.2599719999998,18370.95900000001,55
1106,28878,29185,GA,13089022100,1.3119999999999998,33.7906241,-84.2553347,Georgia,Emory University Hospital,Comprehensive Stroke Center,-84.32186,33.792320000000004,6.163773609,65,2018,"Census Tract 221, DeKalb County, Georgia",22100,13,89,13089022100,3255,1401,1854,34.8,381,3084.0,32.0,306.0,1981.0,0.0,0.0,765.0,73.0,130.0,721.0,25031.0,3157.0,350.0,239.0,464.0,387.0,257.0,66.0,91.0,254.0,3255,2784,471,13,89,22100,2480.945122,6789.668,45
1107,28879,29186,GA,13261950300,32.024,32.116444699999995,-84.255531,Alabama,Southeast Health,Comprehensive Stroke Center,-85.36301,31.21588,144.91763469999998,506,2018,"Census Tract 9503, Sumter County, Georgia",950300,13,261,13261950300,6724,3313,3411,33.7,956,6629.0,0.0,26.0,4920.0,0.0,13.0,1670.0,48.0,86.0,1596.0,17629.0,6044.0,841.0,758.0,787.0,471.0,557.0,290.0,54.0,222.0,6078,5568,510,13,261,950300,209.9675244,172324.05500000002,162
1108,28880,29187,GA,13095010401,7.197,31.6059683,-84.255607,Alabama,Southeast Health,Comprehensive Stroke Center,-85.36301,31.21588,113.84095220000002,464,2018,"Census Tract 104.01, Dougherty County, Georgia",10401,13,95,13095010401,7088,3025,4063,43.4,1380,6932.0,0.0,178.0,3109.0,0.0,18.0,3627.0,43.0,0.0,3627.0,41447.0,6928.0,534.0,310.0,783.0,559.0,668.0,709.0,222.0,1227.0,7088,6589,499,13,95,10401,984.8548006000001,127201.82299999999,121
1109,28883,29190,GA,13089023113,0.782,33.778833500000005,-84.25627850000001,Georgia,Emory University Hospital,Comprehensive Stroke Center,-84.32186,33.792320000000004,6.255409717,1402,2018,"Census Tract 231.13, DeKalb County, Georgia",23113,13,89,13089023113,2915,1390,1525,32.0,196,2737.0,0.0,45.0,1764.0,0.0,10.0,918.0,106.0,145.0,799.0,27428.0,2843.0,296.0,170.0,381.0,355.0,193.0,150.0,89.0,330.0,2906,2396,510,13,89,23113,3727.621483,7990.226999999998,54
1110,28884,29191,GA,13089023102,0.968,33.7646972,-84.25636340000001,Georgia,Emory University Hospital,Comprehensive Stroke Center,-84.32186,33.792320000000004,6.796348452,491,2018,"Census Tract 231.02, DeKalb County, Georgia",23102,13,89,13089023102,3429,1451,1978,43.1,392,3351.0,0.0,144.0,2016.0,0.0,26.0,1165.0,57.0,157.0,1033.0,26064.0,3386.0,460.0,236.0,533.0,324.0,318.0,189.0,47.0,414.0,3416,2943,473,13,89,23102,3542.355372,8727.018000000002,52
1111,28886,29193,GA,13089021303,1.693,33.9041561,-84.25714040000001,Georgia,Emory University Hospital,Comprehensive Stroke Center,-84.32186,33.792320000000004,13.77520522,1300,2018,"Census Tract 213.03, DeKalb County, Georgia",21303,13,89,13089021303,6164,3401,2763,30.0,597,5808.0,176.0,1127.0,605.0,0.0,313.0,3587.0,223.0,3443.0,852.0,21883.0,6031.0,520.0,478.0,1203.0,751.0,298.0,241.0,68.0,182.0,6164,4014,2150,13,89,21303,3640.8741880000002,16834.425,50
1112,28888,29195,GA,13255160300,6.814,33.2924402,-84.2581257,Georgia,Grady Memorial Hospital,Comprehensive Stroke Center,-84.38242,33.752320000000005,52.297624299999995,1254,2018,"Census Tract 1603, Spalding County, Georgia",160300,13,255,13255160300,3384,1614,1770,40.9,459,3334.0,8.0,0.0,2417.0,0.0,0.0,909.0,0.0,120.0,789.0,15283.0,3285.0,557.0,490.0,373.0,264.0,166.0,127.0,47.0,101.0,3384,2648,736,13,255,160300,496.6245964,57355.15800000005,74
1113,28891,29198,GA,13089023421,2.364,33.6850994,-84.2587867,Georgia,Emory University Hospital,Comprehensive Stroke Center,-84.32186,33.792320000000004,13.25129981,1414,2018,"Census Tract 234.21, DeKalb County, Georgia",23421,13,89,13089023421,8330,3472,4858,30.6,592,7947.0,0.0,0.0,7652.0,0.0,150.0,145.0,215.0,230.0,112.0,28875.0,8034.0,982.0,671.0,479.0,1115.0,888.0,570.0,150.0,437.0,8202,6645,1557,13,89,23421,3523.6886630000004,15980.380999999994,64
1114,28892,29199,GA,13089023505,0.841,33.724001,-84.2588569,Georgia,Emory University Hospital,Comprehensive Stroke Center,-84.32186,33.792320000000004,9.565218237,516,2018,"Census Tract 235.05, DeKalb County, Georgia",23505,13,89,13089023505,3367,1645,1722,39.4,584,3339.0,0.0,8.0,3058.0,0.0,143.0,130.0,9.0,70.0,130.0,19557.0,3226.0,595.0,374.0,555.0,365.0,202.0,121.0,76.0,161.0,3367,2853,514,13,89,23505,4003.5671820000002,11393.491999999995,51
1115,28895,29202,GA,13089021705,1.9709999999999999,33.8802536,-84.26003,Georgia,Emory University Hospital,Comprehensive Stroke Center,-84.32186,33.792320000000004,11.30864005,61,2018,"Census Tract 217.05, DeKalb County, Georgia",21705,13,89,13089021705,4782,2393,2389,31.0,454,4530.0,31.0,459.0,1282.0,0.0,451.0,2307.0,188.0,1041.0,1811.0,24813.0,4511.0,545.0,420.0,716.0,381.0,423.0,252.0,205.0,411.0,4782,4079,703,13,89,21705,2426.179604,13982.130000000001,44
1116,28898,29205,GA,13121011424,1.879,34.0098554,-84.2609033,Georgia,Emory University Hospital,Comprehensive Stroke Center,-84.32186,33.792320000000004,24.77908555,223,2018,"Census Tract 114.24, Fulton County, Georgia",11424,13,121,13121011424,5787,2749,3038,42.1,864,5472.0,0.0,618.0,1261.0,0.0,0.0,3593.0,67.0,235.0,3394.0,44773.0,5539.0,541.0,350.0,525.0,468.0,413.0,365.0,325.0,1411.0,5787,5435,352,13,121,11424,3079.8296969999997,29994.021000000004,91
1117,28902,29209,GA,13085970202,71.207,34.340069,-84.26143540000001,Georgia,WellStar Kennestone Regional Medical Center,Comprehensive Stroke Center,-84.55109,33.969758,48.99771688,1659,2018,"Census Tract 9702.02, Dawson County, Georgia",970202,13,85,13085970202,8229,4120,4109,39.3,1038,8034.0,0.0,43.0,37.0,0.0,81.0,7873.0,128.0,287.0,7667.0,30253.0,8162.0,987.0,453.0,797.0,822.0,835.0,611.0,161.0,725.0,8152,7157,995,13,85,970202,115.564481,56620.39499999997,72
1118,28907,29214,GA,13089021704,2.76,33.83238789999999,-84.2632943,Georgia,Emory University Hospital,Comprehensive Stroke Center,-84.32186,33.792320000000004,7.011038563,60,2018,"Census Tract 217.04, DeKalb County, Georgia",21704,13,89,13089021704,6063,2813,3250,42.5,1043,5846.0,13.0,495.0,818.0,0.0,49.0,4471.0,170.0,128.0,4385.0,46991.0,6016.0,713.0,243.0,407.0,376.0,680.0,359.0,244.0,1513.0,6063,5736,327,13,89,21704,2196.73913,8737.780999999999,51
1119,28908,29215,GA,13095010402,9.508,31.562562899999996,-84.26357159999999,Alabama,Southeast Health,Comprehensive Stroke Center,-85.36301,31.21588,111.41239209999999,475,2018,"Census Tract 104.02, Dougherty County, Georgia",10402,13,95,13095010402,3323,1458,1865,33.2,399,3254.0,0.0,90.0,2703.0,0.0,27.0,434.0,26.0,43.0,391.0,24085.0,3280.0,445.0,237.0,459.0,317.0,367.0,204.0,64.0,159.0,3323,3126,197,13,95,10402,349.495162,128857.69099999998,121
1120,28909,29216,GA,13135050315,1.061,33.954057899999995,-84.263762,Georgia,Emory University Hospital,Comprehensive Stroke Center,-84.32186,33.792320000000004,18.72797865,453,2018,"Census Tract 503.15, Gwinnett County, Georgia",50315,13,135,13135050315,6037,2932,3105,31.9,369,5721.0,25.0,107.0,2092.0,0.0,811.0,2686.0,199.0,1436.0,2015.0,30009.0,5903.0,560.0,321.0,663.0,830.0,615.0,406.0,60.0,551.0,6023,4869,1154,13,135,50315,5689.915174000001,21575.913000000015,77
1121,28911,29218,GA,13121011618,1.999,34.056505,-84.2649627,Georgia,WellStar Kennestone Regional Medical Center,Comprehensive Stroke Center,-84.55109,33.969758,28.12680703,239,2018,"Census Tract 116.18, Fulton County, Georgia",11618,13,121,13121011618,4593,2177,2416,42.2,320,4511.0,0.0,1342.0,520.0,3.0,22.0,2624.0,61.0,147.0,2496.0,66643.0,4540.0,376.0,160.0,237.0,158.0,194.0,329.0,178.0,1322.0,4571,4492,79,13,121,11618,2297.648824,32665.341999999997,64
1122,28915,29222,GA,13089023422,3.485,33.66214179999999,-84.2653477,Georgia,Grady Memorial Hospital,Comprehensive Stroke Center,-84.38242,33.752320000000005,14.75894104,1415,2018,"Census Tract 234.22, DeKalb County, Georgia",23422,13,89,13089023422,5957,2556,3401,35.7,525,5785.0,0.0,0.0,5699.0,0.0,4.0,82.0,100.0,215.0,82.0,26890.0,5858.0,1019.0,303.0,531.0,571.0,671.0,462.0,176.0,218.0,5940,5114,826,13,89,23422,1709.3256809999998,22377.19500000001,66
1123,28916,29223,GA,13151070104,8.941,33.511959999999995,-84.26564350000001,Georgia,Grady Memorial Hospital,Comprehensive Stroke Center,-84.38242,33.752320000000005,28.77724018,482,2018,"Census Tract 701.04, Henry County, Georgia",70104,13,151,13151070104,13967,7051,6916,37.2,1325,13585.0,0.0,1422.0,7949.0,0.0,245.0,3969.0,294.0,965.0,3129.0,28820.0,13879.0,1443.0,954.0,1625.0,1379.0,1512.0,1217.0,249.0,1205.0,13967,12808,1159,13,151,70104,1562.129516,34429.49800000001,61
1124,28921,29228,GA,13063040617,0.41700000000000004,33.5584265,-84.2673233,Georgia,Grady Memorial Hospital,Comprehensive Stroke Center,-84.38242,33.752320000000005,24.01000002,1035,2018,"Census Tract 406.17, Clayton County, Georgia",40617,13,63,13063040617,1334,762,572,21.5,65,1292.0,0.0,71.0,177.0,0.0,108.0,936.0,7.0,731.0,313.0,20781.0,1285.0,155.0,89.0,153.0,127.0,69.0,26.0,26.0,3.0,1334,926,408,13,63,40617,3199.040767,29721.614999999994,59
1125,28923,29230,GA,13121011614,3.262,34.101490999999996,-84.26798649999999,Georgia,WellStar Kennestone Regional Medical Center,Comprehensive Stroke Center,-84.55109,33.969758,29.94996233,235,2018,"Census Tract 116.14, Fulton County, Georgia",11614,13,121,13121011614,14572,7719,6853,35.7,969,13942.0,21.0,3518.0,3076.0,23.0,36.0,7268.0,425.0,2629.0,5370.0,44475.0,14367.0,879.0,437.0,1421.0,802.0,1704.0,1310.0,553.0,2407.0,14572,13060,1512,13,121,11614,4467.198038,35296.54000000001,73
1126,28925,29232,GA,13089021706,1.99,33.8621899,-84.2682578,Georgia,Emory University Hospital,Comprehensive Stroke Center,-84.32186,33.792320000000004,9.202334537999999,1306,2018,"Census Tract 217.06, DeKalb County, Georgia",21706,13,89,13089021706,5105,2619,2486,40.7,902,4932.0,0.0,647.0,890.0,0.0,106.0,3289.0,121.0,273.0,3067.0,44718.0,5053.0,492.0,132.0,479.0,346.0,788.0,524.0,141.0,1234.0,5105,4841,264,13,89,21706,2565.3266329999997,11634.681000000004,53
1127,28927,29234,GA,13121011617,2.528,34.0414617,-84.2683894,Georgia,WellStar Kennestone Regional Medical Center,Comprehensive Stroke Center,-84.55109,33.969758,27.29979141,238,2018,"Census Tract 116.17, Fulton County, Georgia",11617,13,121,13121011617,7603,3775,3828,43.1,788,7399.0,39.0,1325.0,887.0,0.0,164.0,4984.0,109.0,541.0,4481.0,59508.0,7508.0,673.0,296.0,467.0,391.0,429.0,367.0,305.0,2076.0,7603,7101,502,13,121,11617,3007.515823,34532.288000000015,75
1128,28928,29235,GA,13089023000,0.6809999999999999,33.770862799999996,-84.2684881,Georgia,Emory University Hospital,Comprehensive Stroke Center,-84.32186,33.792320000000004,5.486433948999999,1307,2018,"Census Tract 230, DeKalb County, Georgia",23000,13,89,13089023000,2130,993,1137,44.0,388,2090.0,0.0,45.0,220.0,0.0,41.0,1784.0,40.0,53.0,1757.0,46962.0,2130.0,154.0,103.0,205.0,174.0,163.0,148.0,93.0,503.0,2130,2109,21,13,89,23000,3127.753304,6739.341,48
1129,28930,29237,GA,13089022204,1.594,33.8041575,-84.26881920000001,Georgia,Emory University Hospital,Comprehensive Stroke Center,-84.32186,33.792320000000004,5.084185433,1399,2018,"Census Tract 222.04, DeKalb County, Georgia",22204,13,89,13089022204,8279,4022,4257,33.6,506,7654.0,0.0,2172.0,1755.0,0.0,42.0,3685.0,542.0,1403.0,2491.0,30359.0,8078.0,969.0,466.0,834.0,820.0,783.0,718.0,222.0,656.0,8161,5662,2499,13,89,22204,5193.851945,6889.305999999999,45
1130,28931,29238,GA,13089023501,0.887,33.735055100000004,-84.2691203,Georgia,Emory University Hospital,Comprehensive Stroke Center,-84.32186,33.792320000000004,8.013444353999999,610,2018,"Census Tract 235.01, DeKalb County, Georgia",23501,13,89,13089023501,3226,1556,1670,40.0,530,3119.0,0.0,0.0,2873.0,0.0,9.0,237.0,46.0,22.0,228.0,19719.0,3165.0,592.0,253.0,466.0,422.0,285.0,114.0,34.0,41.0,3226,2338,888,13,89,23501,3636.978579,10681.363000000001,56
1131,28934,29241,GA,13255160800,2.395,33.2529653,-84.2705334,Georgia,Grady Memorial Hospital,Comprehensive Stroke Center,-84.38242,33.752320000000005,56.35245763,1265,2018,"Census Tract 1608, Spalding County, Georgia",160800,13,255,13255160800,4398,2258,2140,31.8,660,4278.0,8.0,0.0,3092.0,0.0,19.0,1159.0,35.0,418.0,760.0,15487.0,4313.0,1076.0,414.0,743.0,292.0,401.0,86.0,32.0,56.0,4398,3434,964,13,255,160800,1836.3256780000002,59908.14400000004,94
1132,28936,29243,GA,13121011414,1.804,34.0060986,-84.2714277,Georgia,Emory University Hospital,Comprehensive Stroke Center,-84.32186,33.792320000000004,24.16690079,726,2018,"Census Tract 114.14, Fulton County, Georgia",11414,13,121,13121011414,7751,4014,3737,34.5,511,7606.0,113.0,711.0,1987.0,0.0,322.0,4473.0,95.0,711.0,3980.0,35643.0,7701.0,966.0,239.0,669.0,809.0,678.0,586.0,238.0,1236.0,7751,6559,1192,13,121,11414,4296.563193,29196.328000000005,95
1133,28937,29244,GA,13121011427,2.6630000000000003,34.030117,-84.2715524,Georgia,WellStar Kennestone Regional Medical Center,Comprehensive Stroke Center,-84.55109,33.969758,26.67878128,226,2018,"Census Tract 114.27, Fulton County, Georgia",11427,13,121,13121011427,8040,3992,4048,40.4,1017,7641.0,0.0,747.0,392.0,0.0,242.0,6260.0,361.0,739.0,5715.0,49132.0,7923.0,512.0,344.0,566.0,474.0,907.0,520.0,264.0,1960.0,7961,7467,494,13,121,11427,3019.151333,32059.178,71
1134,28938,29245,GA,13063040411,7.02,33.604831,-84.271565,Georgia,Grady Memorial Hospital,Comprehensive Stroke Center,-84.38242,33.752320000000005,19.32068323,662,2018,"Census Tract 404.11, Clayton County, Georgia",40411,13,63,13063040411,13346,6542,6804,35.8,996,13137.0,0.0,840.0,9839.0,0.0,1385.0,1073.0,89.0,955.0,819.0,34550.0,13202.0,1333.0,854.0,1177.0,1307.0,1922.0,1360.0,549.0,733.0,13322,12013,1309,13,63,40411,1901.139601,23552.997999999996,59
1135,28941,29248,GA,13089021305,0.847,33.93388529999999,-84.27203359999999,Georgia,Emory University Hospital,Comprehensive Stroke Center,-84.32186,33.792320000000004,16.36530078,1666,2018,"Census Tract 213.05, DeKalb County, Georgia",21305,13,89,13089021305,4901,2539,2362,28.4,295,4463.0,135.0,391.0,753.0,2.0,201.0,2981.0,315.0,1901.0,1573.0,25328.0,4778.0,378.0,272.0,700.0,382.0,261.0,243.0,98.0,408.0,4879,3409,1470,13,89,21305,5786.304604,19092.714000000007,59
1136,28942,29249,GA,13089023504,0.848,33.723955,-84.27205129999999,Georgia,Emory University Hospital,Comprehensive Stroke Center,-84.32186,33.792320000000004,8.876640962,80,2018,"Census Tract 235.04, DeKalb County, Georgia",23504,13,89,13089023504,3366,1458,1908,37.3,639,3340.0,10.0,0.0,3039.0,0.0,88.0,203.0,26.0,17.0,202.0,19392.0,3366.0,687.0,229.0,446.0,276.0,266.0,242.0,58.0,33.0,3366,2792,574,13,89,23504,3969.339623,10531.179,51
1137,28949,29256,GA,13089021307,1.3980000000000001,33.8909907,-84.2742635,Georgia,Emory University Hospital,Comprehensive Stroke Center,-84.32186,33.792320000000004,11.79784761,1668,2018,"Census Tract 213.07, DeKalb County, Georgia",21307,13,89,13089021307,4196,2224,1972,34.0,398,3976.0,61.0,1049.0,343.0,0.0,242.0,2281.0,153.0,1443.0,1235.0,24391.0,4129.0,511.0,219.0,651.0,383.0,293.0,300.0,100.0,193.0,4196,2939,1257,13,89,21307,3001.4306149999998,13829.235,49
1138,28950,29257,GA,13089022203,1.104,33.786469200000006,-84.27435329999999,Georgia,Emory University Hospital,Comprehensive Stroke Center,-84.32186,33.792320000000004,4.44730187,1398,2018,"Census Tract 222.03, DeKalb County, Georgia",22203,13,89,13089022203,2163,971,1192,34.9,208,2103.0,0.0,217.0,690.0,0.0,36.0,1160.0,21.0,80.0,1090.0,43565.0,2124.0,223.0,127.0,254.0,119.0,346.0,173.0,147.0,389.0,2163,1889,274,13,89,22203,1959.2391300000002,4990.001000000001,35
1139,28951,29258,GA,13089021306,2.04,33.918956,-84.2743604,Georgia,Emory University Hospital,Comprehensive Stroke Center,-84.32186,33.792320000000004,14.71815623,1667,2018,"Census Tract 213.06, DeKalb County, Georgia",21306,13,89,13089021306,5292,2819,2473,31.4,234,5022.0,161.0,662.0,744.0,0.0,408.0,3047.0,141.0,2665.0,1101.0,27456.0,5163.0,295.0,246.0,948.0,546.0,741.0,244.0,113.0,295.0,5292,3219,2073,13,89,21306,2594.117647,16943.47400000001,52
1140,28952,29259,GA,13089023410,1.246,33.70832,-84.2744739,Georgia,Emory University Hospital,Comprehensive Stroke Center,-84.32186,33.792320000000004,10.29976042,492,2018,"Census Tract 234.10, DeKalb County, Georgia",23410,13,89,13089023410,4290,1817,2473,30.7,461,4096.0,0.0,0.0,3999.0,0.0,72.0,25.0,150.0,95.0,25.0,22239.0,4246.0,506.0,481.0,683.0,530.0,572.0,116.0,45.0,91.0,4290,3360,930,13,89,23410,3443.017657,12156.845999999994,46
1141,28954,29261,GA,13089021703,2.016,33.8452032,-84.27570920000001,Georgia,Emory University Hospital,Comprehensive Stroke Center,-84.32186,33.792320000000004,7.256912645,620,2018,"Census Tract 217.03, DeKalb County, Georgia",21703,13,89,13089021703,4620,2064,2556,48.5,1148,4469.0,25.0,205.0,447.0,0.0,0.0,3792.0,117.0,216.0,3576.0,63651.0,4487.0,465.0,181.0,212.0,268.0,198.0,391.0,236.0,1384.0,4520,4335,185,13,89,21703,2291.666667,9193.064000000002,48
1142,28955,29262,GA,13089023101,1.37,33.7439772,-84.2760817,Georgia,Emory University Hospital,Comprehensive Stroke Center,-84.32186,33.792320000000004,6.836328895,486,2018,"Census Tract 231.01, DeKalb County, Georgia",23101,13,89,13089023101,4698,2520,2178,38.8,462,4621.0,0.0,30.0,3726.0,0.0,21.0,844.0,54.0,111.0,825.0,25153.0,4675.0,758.0,416.0,601.0,428.0,481.0,375.0,139.0,373.0,4698,3677,1021,13,89,23101,3429.19708,8130.334000000002,47
1143,28959,29266,GA,13255160400,4.463,33.2747828,-84.277182,Georgia,Grady Memorial Hospital,Comprehensive Stroke Center,-84.38242,33.752320000000005,53.86027765,1260,2018,"Census Tract 1604, Spalding County, Georgia",160400,13,255,13255160400,5603,2576,3027,29.5,749,5321.0,0.0,0.0,2959.0,0.0,78.0,2284.0,117.0,403.0,1959.0,15425.0,5337.0,1139.0,541.0,990.0,413.0,182.0,100.0,47.0,15.0,5548,3936,1612,13,255,160400,1255.433565,57911.40700000004,84
1144,28960,29267,GA,13089022900,1.5030000000000001,33.75928,-84.27846070000001,Georgia,Emory University Hospital,Comprehensive Stroke Center,-84.32186,33.792320000000004,5.439690569,490,2018,"Census Tract 229, DeKalb County, Georgia",22900,13,89,13089022900,3646,1731,1915,45.6,516,3484.0,0.0,120.0,898.0,0.0,35.0,2431.0,119.0,207.0,2300.0,43190.0,3591.0,414.0,136.0,332.0,400.0,362.0,400.0,143.0,733.0,3634,3512,122,13,89,22900,2425.8150370000003,6702.219,40
1145,28963,29270,GA,13121010108,1.9169999999999998,33.968021500000006,-84.2801292,Georgia,Emory University Hospital,Comprehensive Stroke Center,-84.32186,33.792320000000004,19.86756677,950,2018,"Census Tract 101.08, Fulton County, Georgia",10108,13,121,13121010108,3806,1877,1929,50.4,865,3743.0,0.0,438.0,352.0,0.0,54.0,2899.0,63.0,39.0,2883.0,62526.0,3806.0,390.0,145.0,203.0,203.0,301.0,234.0,164.0,1118.0,3806,3741,65,13,121,10108,1985.3938449999998,23212.097000000005,88
1146,28968,29275,GA,13089022302,1.381,33.8131972,-84.2811217,Georgia,Emory University Hospital,Comprehensive Stroke Center,-84.32186,33.792320000000004,4.426331567,596,2018,"Census Tract 223.02, DeKalb County, Georgia",22302,13,89,13089022302,4466,2221,2245,42.3,647,4240.0,73.0,407.0,397.0,0.0,8.0,3355.0,199.0,203.0,3160.0,48916.0,4429.0,649.0,257.0,186.0,252.0,570.0,518.0,255.0,1043.0,4456,3860,596,13,89,22302,3233.888487,5953.388000000002,36
1147,28978,29285,GA,13089021211,1.9269999999999998,33.950472399999995,-84.2848305,Georgia,Emory University Hospital,Comprehensive Stroke Center,-84.32186,33.792320000000004,17.87371264,1305,2018,"Census Tract 212.11, DeKalb County, Georgia",21211,13,89,13089021211,5126,2286,2840,48.3,1297,4842.0,0.0,343.0,411.0,9.0,145.0,3934.0,213.0,385.0,3794.0,51697.0,5039.0,436.0,305.0,352.0,324.0,420.0,458.0,287.0,1240.0,5126,5009,117,13,89,21211,2660.093409,20629.310000000005,78
1148,28979,29286,GA,13063040413,2.215,33.5702711,-84.2849454,Georgia,Grady Memorial Hospital,Comprehensive Stroke Center,-84.38242,33.752320000000005,22.12373142,661,2018,"Census Tract 404.13, Clayton County, Georgia",40413,13,63,13063040413,7345,3327,4018,33.2,303,6798.0,0.0,431.0,4494.0,0.0,634.0,1239.0,240.0,966.0,831.0,27203.0,7038.0,830.0,336.0,1103.0,678.0,661.0,793.0,159.0,260.0,7345,6032,1313,13,63,40413,3316.027088,25500.334,52
1149,28980,29287,GA,13089023603,1.138,33.71969779999999,-84.2852944,Georgia,Emory University Hospital,Comprehensive Stroke Center,-84.32186,33.792320000000004,8.738506644,611,2018,"Census Tract 236.03, DeKalb County, Georgia",23603,13,89,13089023603,3609,1449,2160,43.5,731,3438.0,0.0,0.0,3121.0,0.0,0.0,317.0,126.0,0.0,317.0,23106.0,3552.0,434.0,315.0,721.0,392.0,372.0,191.0,8.0,154.0,3609,3038,571,13,89,23603,3171.353251,10560.717,49
1150,28981,29288,GA,13089021308,1.043,33.8758205,-84.2857254,Georgia,Emory University Hospital,Comprehensive Stroke Center,-84.32186,33.792320000000004,9.847275771,1669,2018,"Census Tract 213.08, DeKalb County, Georgia",21308,13,89,13089021308,4377,2542,1835,35.1,428,3856.0,565.0,582.0,340.0,0.0,391.0,1978.0,283.0,1976.0,1200.0,25394.0,4110.0,337.0,296.0,895.0,567.0,325.0,295.0,97.0,308.0,4347,3018,1329,13,89,21308,4196.548418,11549.451000000001,44
1151,28982,29289,GA,13121011410,2.873,33.9934653,-84.2860346,Georgia,Emory University Hospital,Comprehensive Stroke Center,-84.32186,33.792320000000004,22.55588914,724,2018,"Census Tract 114.10, Fulton County, Georgia",11410,13,121,13121011410,6666,3250,3416,46.8,1128,6487.0,0.0,227.0,736.0,0.0,284.0,5240.0,42.0,555.0,4969.0,56756.0,6529.0,489.0,184.0,782.0,136.0,570.0,402.0,188.0,1902.0,6653,6101,552,13,121,11410,2320.222764,29883.124000000003,92
1152,28985,29292,GA,13255161200,13.625,33.2110961,-84.28681209999999,Georgia,Grady Memorial Hospital,Comprehensive Stroke Center,-84.38242,33.752320000000005,60.68291756,1261,2018,"Census Tract 1612, Spalding County, Georgia",161200,13,255,13255161200,8494,3831,4663,41.2,1595,8394.0,0.0,385.0,2248.0,0.0,57.0,5704.0,70.0,193.0,5600.0,29097.0,8332.0,1192.0,557.0,803.0,614.0,995.0,619.0,154.0,733.0,8362,7594,768,13,255,161200,623.4128440000001,64304.064000000035,95
1153,28989,29296,GA,13089023424,2.707,33.67072520000001,-84.2876716,Georgia,Grady Memorial Hospital,Comprehensive Stroke Center,-84.38242,33.752320000000005,12.61129091,1454,2018,"Census Tract 234.24, DeKalb County, Georgia",23424,13,89,13089023424,5615,2803,2812,33.4,539,5436.0,0.0,0.0,5042.0,0.0,10.0,384.0,42.0,254.0,183.0,31636.0,5414.0,553.0,270.0,628.0,468.0,592.0,487.0,129.0,453.0,5615,4867,748,13,89,23424,2074.251939,16541.593000000008,52
1154,28991,29298,GA,13121011616,2.2030000000000003,34.0721558,-84.2879233,Georgia,WellStar Kennestone Regional Medical Center,Comprehensive Stroke Center,-84.55109,33.969758,26.82948377,237,2018,"Census Tract 116.16, Fulton County, Georgia",11616,13,121,13121011616,5844,2872,2972,38.5,616,5814.0,65.0,1772.0,828.0,0.0,61.0,3088.0,30.0,530.0,2637.0,50313.0,5782.0,396.0,436.0,385.0,457.0,443.0,527.0,295.0,1340.0,5769,5015,754,13,121,11616,2652.746255,30570.834999999995,63
1155,28993,29300,GA,13089021301,1.391,33.9064981,-84.28899270000001,Georgia,Emory University Hospital,Comprehensive Stroke Center,-84.32186,33.792320000000004,13.02476391,83,2018,"Census Tract 213.01, DeKalb County, Georgia",21301,13,89,13089021301,4137,2232,1905,31.3,156,3722.0,48.0,521.0,1203.0,0.0,27.0,1923.0,402.0,1243.0,985.0,33281.0,4059.0,267.0,137.0,650.0,484.0,527.0,297.0,239.0,244.0,4137,3096,1041,13,89,21301,2974.119339,15324.721000000007,49
1156,28995,29302,GA,13089022800,0.9420000000000001,33.763032200000005,-84.28958409999998,Georgia,Emory University Hospital,Comprehensive Stroke Center,-84.32186,33.792320000000004,4.414805428,598,2018,"Census Tract 228, DeKalb County, Georgia",22800,13,89,13089022800,4328,1615,2713,24.0,242,3947.0,22.0,236.0,725.0,0.0,44.0,2920.0,258.0,135.0,2816.0,52136.0,3510.0,862.0,91.0,103.0,130.0,163.0,353.0,136.0,1036.0,4328,4232,96,13,89,22800,4594.479829999999,5366.525000000001,33
1157,28996,29303,GA,13121011615,7.7989999999999995,34.1119279,-84.2897026,Georgia,WellStar Kennestone Regional Medical Center,Comprehensive Stroke Center,-84.55109,33.969758,28.83171498,236,2018,"Census Tract 116.15, Fulton County, Georgia",11615,13,121,13121011615,10593,4593,6000,40.6,1125,10227.0,6.0,1181.0,844.0,0.0,109.0,8087.0,282.0,509.0,7579.0,54792.0,10509.0,1210.0,424.0,441.0,498.0,833.0,546.0,358.0,2805.0,10593,9959,634,13,121,11615,1358.251058,33501.25700000001,66
1158,28997,29304,GA,13089021217,0.647,33.9282238,-84.2899276,Georgia,Emory University Hospital,Comprehensive Stroke Center,-84.32186,33.792320000000004,15.36130971,1664,2018,"Census Tract 212.17, DeKalb County, Georgia",21217,13,89,13089021217,2529,1350,1179,36.9,326,2478.0,13.0,141.0,368.0,0.0,9.0,1947.0,8.0,241.0,1709.0,53159.0,2482.0,230.0,79.0,170.0,131.0,211.0,251.0,75.0,585.0,2525,2254,271,13,89,21217,3908.809892,17508.175000000014,57
1159,28999,29306,GA,13089023411,1.124,33.7014158,-84.28999920000001,Georgia,Grady Memorial Hospital,Comprehensive Stroke Center,-84.38242,33.752320000000005,10.25899871,1794,2018,"Census Tract 234.11, DeKalb County, Georgia",23411,13,89,13089023411,3933,1845,2088,45.4,878,3904.0,0.0,33.0,3792.0,0.0,0.0,79.0,1.0,0.0,79.0,19766.0,3870.0,585.0,561.0,501.0,578.0,310.0,167.0,56.0,117.0,3928,3225,703,13,89,23411,3499.1103200000002,12647.827000000005,40
1160,29001,29308,GA,13293010500,10.267999999999999,32.898718800000005,-84.2908236,Georgia,Grady Memorial Hospital,Comprehensive Stroke Center,-84.38242,33.752320000000005,95.05647934,1391,2018,"Census Tract 105, Upson County, Georgia",10500,13,293,13293010500,4895,2034,2861,37.8,673,4795.0,0.0,0.0,2558.0,0.0,0.0,2237.0,0.0,85.0,2237.0,22637.0,4679.0,687.0,362.0,778.0,465.0,584.0,197.0,16.0,204.0,4790,4130,660,13,293,10500,476.72380210000006,102925.02699999999,100
1161,29004,29311,GA,13089022600,1.205,33.7806155,-84.29187759999999,Georgia,Emory University Hospital,Comprehensive Stroke Center,-84.32186,33.792320000000004,3.065325915,608,2018,"Census Tract 226, DeKalb County, Georgia",22600,13,89,13089022600,6132,2649,3483,38.3,1121,5807.0,16.0,161.0,950.0,6.0,55.0,4619.0,253.0,266.0,4417.0,56641.0,6060.0,460.0,106.0,567.0,370.0,435.0,385.0,257.0,1641.0,6132,5719,413,13,89,22600,5088.7966799999995,3809.210000000001,29
1162,29011,29318,GA,13269950300,216.88400000000001,32.5009369,-84.2934797,Georgia,Grady Memorial Hospital,Comprehensive Stroke Center,-84.38242,33.752320000000005,139.0347425,1811,2018,"Census Tract 9503, Taylor County, Georgia",950300,13,269,13269950300,4289,2023,2266,44.9,706,4236.0,0.0,76.0,1859.0,0.0,8.0,2293.0,39.0,36.0,2293.0,22207.0,4221.0,530.0,359.0,630.0,451.0,424.0,165.0,83.0,227.0,4246,3391,855,13,269,950300,19.77554822,157013.638,132
1163,29012,29319,GA,13089022301,1.639,33.7976546,-84.2935171,Georgia,Emory University Hospital,Comprehensive Stroke Center,-84.32186,33.792320000000004,2.690595793,485,2018,"Census Tract 223.01, DeKalb County, Georgia",22301,13,89,13089022301,5995,2742,3253,36.8,882,5672.0,0.0,715.0,562.0,0.0,28.0,4367.0,251.0,302.0,4157.0,45820.0,5898.0,654.0,298.0,544.0,433.0,595.0,452.0,413.0,1283.0,5995,5553,442,13,89,22301,3657.718121,3555.236000000001,27
1164,29014,29321,GA,13121011412,3.4360000000000004,34.0239783,-84.2943878,Georgia,WellStar Kennestone Regional Medical Center,Comprehensive Stroke Center,-84.55109,33.969758,24.46693972,1019,2018,"Census Tract 114.12, Fulton County, Georgia",11412,13,121,13121011412,9412,4392,5020,36.8,732,9223.0,72.0,830.0,1219.0,0.0,238.0,6864.0,33.0,763.0,6339.0,40105.0,9182.0,977.0,488.0,712.0,727.0,1324.0,686.0,309.0,1817.0,9412,8673,739,13,121,11412,2739.231665,28506.201999999997,75
1165,29015,29322,GA,13089021605,1.4080000000000001,33.8500351,-84.2944229,Georgia,Emory University Hospital,Comprehensive Stroke Center,-84.32186,33.792320000000004,6.887223636,1000,2018,"Census Tract 216.05, DeKalb County, Georgia",21605,13,89,13089021605,6169,2887,3282,30.0,499,5777.0,0.0,356.0,1602.0,0.0,37.0,3782.0,361.0,754.0,3052.0,47720.0,6138.0,354.0,229.0,584.0,425.0,753.0,482.0,292.0,1219.0,6169,5245,924,13,89,21605,4381.3920450000005,8687.452000000001,41
1166,29016,29323,GA,13063040616,2.434,33.559948999999996,-84.29459969999999,Georgia,Grady Memorial Hospital,Comprehensive Stroke Center,-84.38242,33.752320000000005,22.839090600000002,1034,2018,"Census Tract 406.16, Clayton County, Georgia",40616,13,63,13063040616,8385,3690,4695,31.3,689,8075.0,64.0,114.0,6758.0,0.0,172.0,967.0,122.0,478.0,748.0,28641.0,8179.0,690.0,483.0,1190.0,850.0,1071.0,753.0,253.0,222.0,8385,6964,1421,13,63,40616,3444.94659,25788.096999999998,43
1167,29019,29326,GA,13089021409,0.402,33.8610663,-84.2957708,Georgia,Emory University Hospital,Comprehensive Stroke Center,-84.32186,33.792320000000004,7.998616987,1670,2018,"Census Tract 214.09, DeKalb County, Georgia",21409,13,89,13089021409,3963,2158,1805,29.6,128,3781.0,43.0,186.0,1359.0,0.0,196.0,1997.0,111.0,1894.0,342.0,25651.0,3892.0,407.0,235.0,565.0,514.0,258.0,296.0,92.0,172.0,3963,2420,1543,13,89,21409,9858.208955,10252.778000000002,42
1168,29022,29329,GA,13089021602,1.2309999999999999,33.8162885,-84.2960928,Georgia,Emory University Hospital,Comprehensive Stroke Center,-84.32186,33.792320000000004,3.572205779,59,2018,"Census Tract 216.02, DeKalb County, Georgia",21602,13,89,13089021602,3733,1800,1933,44.7,795,3614.0,0.0,203.0,308.0,15.0,37.0,3051.0,110.0,87.0,2975.0,42424.0,3724.0,421.0,130.0,285.0,340.0,542.0,149.0,233.0,918.0,3733,3450,283,13,89,21602,3032.493907,5018.893999999999,26
1169,29025,29332,GA,13249960200,72.013,32.19147460000001,-84.2967105,Alabama,Southeast Health,Comprehensive Stroke Center,-85.36301,31.21588,148.0494573,1842,2018,"Census Tract 9602, Schley County, Georgia",960200,13,249,13249960200,2237,1194,1043,38.8,297,2233.0,0.0,0.0,459.0,0.0,141.0,1633.0,0.0,166.0,1608.0,30369.0,2233.0,353.0,61.0,255.0,313.0,238.0,113.0,80.0,131.0,2237,1763,474,13,249,960200,31.063835700000002,171595.97100000002,161
1170,29031,29338,GA,13089021604,1.341,33.8342028,-84.2977135,Georgia,Emory University Hospital,Comprehensive Stroke Center,-84.32186,33.792320000000004,5.155547555,999,2018,"Census Tract 216.04, DeKalb County, Georgia",21604,13,89,13089021604,3313,1649,1664,43.7,556,3288.0,0.0,289.0,294.0,0.0,28.0,2677.0,9.0,76.0,2619.0,70717.0,3297.0,276.0,135.0,160.0,121.0,137.0,293.0,152.0,1119.0,3313,3230,83,13,89,21604,2470.54437,6954.427,35
1171,29032,29339,GA,13089023601,0.68,33.7347291,-84.298723,Georgia,Emory University Hospital,Comprehensive Stroke Center,-84.32186,33.792320000000004,6.737889357,604,2018,"Census Tract 236.01, DeKalb County, Georgia",23601,13,89,13089023601,3337,1464,1873,36.1,475,3323.0,31.0,41.0,2122.0,0.0,0.0,1129.0,9.0,14.0,1115.0,19507.0,3269.0,727.0,286.0,417.0,146.0,313.0,197.0,71.0,405.0,3337,2770,567,13,89,23601,4907.352940999999,8339.899000000001,43
1172,29034,29341,GA,13089021204,1.808,33.8818172,-84.29909359999999,Georgia,Emory University Hospital,Comprehensive Stroke Center,-84.32186,33.792320000000004,10.14817917,74,2018,"Census Tract 212.04, DeKalb County, Georgia",21204,13,89,13089021204,3308,2044,1264,26.6,119,2644.0,544.0,142.0,115.0,4.0,452.0,1387.0,528.0,2693.0,138.0,16653.0,3150.0,327.0,334.0,752.0,168.0,108.0,30.0,21.0,0.0,3308,1402,1906,13,89,21204,1829.646018,12436.754000000004,53
1173,29036,29343,GA,13089023602,1.057,33.7219435,-84.2996297,Georgia,Emory University Hospital,Comprehensive Stroke Center,-84.32186,33.792320000000004,8.073152065,81,2018,"Census Tract 236.02, DeKalb County, Georgia",23602,13,89,13089023602,2309,1147,1162,40.9,522,2212.0,0.0,0.0,2038.0,0.0,2.0,172.0,56.0,5.0,169.0,21832.0,2268.0,399.0,271.0,292.0,299.0,200.0,149.0,56.0,78.0,2309,1888,421,13,89,23602,2184.48439,9161.021,46
1174,29037,29344,GA,13089021218,1.09,33.929066999999996,-84.299677,Georgia,Emory University Hospital,Comprehensive Stroke Center,-84.32186,33.792320000000004,15.30622823,1665,2018,"Census Tract 212.18, DeKalb County, Georgia",21218,13,89,13089021218,5733,2540,3193,34.1,698,5411.0,23.0,803.0,1830.0,0.0,80.0,2675.0,307.0,494.0,2276.0,47714.0,5718.0,418.0,182.0,408.0,531.0,759.0,790.0,394.0,922.0,5733,5442,291,13,89,21218,5259.633028,17590.97900000001,57
1175,29042,29349,GA,13089020802,1.0590000000000002,33.746934,-84.3020704,Georgia,Emory University Hospital,Comprehensive Stroke Center,-84.32186,33.792320000000004,5.357523426,619,2018,"Census Tract 208.02, DeKalb County, Georgia",20802,13,89,13089020802,4627,2087,2540,36.0,601,4265.0,0.0,159.0,2399.0,0.0,36.0,1671.0,190.0,79.0,1601.0,37857.0,4435.0,589.0,311.0,450.0,275.0,391.0,382.0,146.0,840.0,4608,4274,334,13,89,20802,4369.216242,6511.289000000002,36
1176,29046,29354,GA,13089021208,1.379,33.9012148,-84.30367159999999,Georgia,Emory University Hospital,Comprehensive Stroke Center,-84.32186,33.792320000000004,12.1953062,1797,2018,"Census Tract 212.08, DeKalb County, Georgia",21208,13,89,13089021208,4460,2350,2110,35.3,583,4238.0,16.0,769.0,497.0,0.0,37.0,2919.0,163.0,285.0,2671.0,43136.0,4401.0,395.0,220.0,434.0,373.0,583.0,504.0,204.0,738.0,4449,3761,688,13,89,21208,3234.2277010000003,13888.877000000002,59
1177,29048,29356,GA,13121010107,2.053,33.9779261,-84.3038995,Georgia,Emory University Hospital,Comprehensive Stroke Center,-84.32186,33.792320000000004,20.65442351,789,2018,"Census Tract 101.07, Fulton County, Georgia",10107,13,121,13121010107,1920,1017,903,55.5,546,1891.0,0.0,28.0,20.0,0.0,8.0,1835.0,29.0,19.0,1824.0,61750.0,1893.0,210.0,132.0,146.0,114.0,62.0,96.0,51.0,630.0,1893,1818,75,13,121,10107,935.216756,23536.078,82
1178,29049,29357,GA,13063040615,1.2409999999999999,33.5415715,-84.3039305,Georgia,Grady Memorial Hospital,Comprehensive Stroke Center,-84.38242,33.752320000000005,24.48311468,1033,2018,"Census Tract 406.15, Clayton County, Georgia",40615,13,63,13063040615,2037,917,1120,38.1,238,2014.0,0.0,147.0,1331.0,0.0,0.0,536.0,2.0,230.0,343.0,30649.0,2016.0,301.0,69.0,169.0,208.0,166.0,150.0,53.0,164.0,2037,1845,192,13,63,40615,1641.418211,29160.274000000027,53
1179,29050,29358,GA,13089022700,0.871,33.7604576,-84.30393520000001,Georgia,Emory University Hospital,Comprehensive Stroke Center,-84.32186,33.792320000000004,3.904696248,66,2018,"Census Tract 227, DeKalb County, Georgia",22700,13,89,13089022700,5059,2189,2870,35.8,411,4604.0,0.0,118.0,947.0,0.0,21.0,3518.0,376.0,200.0,3418.0,54692.0,4837.0,457.0,234.0,289.0,202.0,278.0,248.0,244.0,1103.0,4983,4786,197,13,89,22700,5808.266361,5037.367,28
1180,29054,29362,GA,13063040614,4.614,33.5211092,-84.3048865,Georgia,Grady Memorial Hospital,Comprehensive Stroke Center,-84.38242,33.752320000000005,26.63467401,659,2018,"Census Tract 406.14, Clayton County, Georgia",40614,13,63,13063040614,4716,2415,2301,52.1,1263,4571.0,12.0,356.0,1919.0,0.0,109.0,2175.0,88.0,410.0,1958.0,33486.0,4623.0,527.0,303.0,495.0,458.0,522.0,279.0,166.0,753.0,4696,3953,743,13,63,40614,1022.106632,31747.58100000002,62
1181,29056,29364,GA,13089022500,1.1059999999999999,33.775949100000005,-84.3055206,Georgia,Emory University Hospital,Comprehensive Stroke Center,-84.32186,33.792320000000004,2.3637671080000002,515,2018,"Census Tract 225, DeKalb County, Georgia",22500,13,89,13089022500,6964,3221,3743,37.0,878,6652.0,0.0,250.0,2058.0,0.0,11.0,4333.0,187.0,188.0,4177.0,50711.0,6824.0,802.0,339.0,401.0,216.0,314.0,438.0,199.0,1468.0,6949,6516,433,13,89,22500,6296.564195,3018.881,18
1182,29060,29368,GA,13063040409,1.442,33.5926501,-84.3069096,Georgia,Grady Memorial Hospital,Comprehensive Stroke Center,-84.38242,33.752320000000005,19.04421887,3,2018,"Census Tract 404.09, Clayton County, Georgia",40409,13,63,13063040409,6116,3054,3062,30.2,595,5726.0,29.0,801.0,3462.0,0.0,278.0,1156.0,305.0,982.0,680.0,27690.0,5998.0,488.0,450.0,789.0,623.0,807.0,458.0,86.0,97.0,6112,4879,1233,13,63,40409,4241.331484,22589.477000000017,55
1183,29061,29369,GA,13089021410,1.05,33.851562799999996,-84.3078858,Georgia,Emory University Hospital,Comprehensive Stroke Center,-84.32186,33.792320000000004,6.697298835,1671,2018,"Census Tract 214.10, DeKalb County, Georgia",21410,13,89,13089021410,5321,2890,2431,32.2,323,5070.0,87.0,101.0,593.0,0.0,99.0,4190.0,239.0,2805.0,1557.0,30070.0,5309.0,306.0,306.0,900.0,755.0,437.0,307.0,222.0,485.0,5321,3304,2017,13,89,21410,5067.619048,8228.175000000001,48
1184,29064,29372,GA,13121011611,5.455,34.0571527,-84.3084635,Georgia,WellStar Kennestone Regional Medical Center,Comprehensive Stroke Center,-84.55109,33.969758,24.41818561,232,2018,"Census Tract 116.11, Fulton County, Georgia",11611,13,121,13121011611,8379,4340,4039,35.1,1125,7950.0,10.0,887.0,1557.0,23.0,467.0,5006.0,160.0,1798.0,3469.0,32845.0,7941.0,557.0,291.0,1205.0,1124.0,932.0,515.0,238.0,1130.0,8210,6509,1701,13,121,11611,1536.021998,29296.213999999993,56
1185,29067,29375,GA,13063040410,8.623,33.6278956,-84.3099165,Georgia,Grady Memorial Hospital,Comprehensive Stroke Center,-84.38242,33.752320000000005,15.35096452,4,2018,"Census Tract 404.10, Clayton County, Georgia",40410,13,63,13063040410,7106,3530,3576,38.1,668,6486.0,0.0,61.0,4427.0,0.0,531.0,1467.0,333.0,1218.0,727.0,25757.0,6748.0,935.0,372.0,977.0,914.0,647.0,466.0,100.0,380.0,7106,5604,1502,13,63,40410,824.0751478999999,16976.227999999996,40
1186,29072,29380,GA,13089023803,1.911,33.707016499999995,-84.31197590000001,Georgia,Grady Memorial Hospital,Comprehensive Stroke Center,-84.38242,33.752320000000005,8.238417638,616,2018,"Census Tract 238.03, DeKalb County, Georgia",23803,13,89,13089023803,5723,3020,2703,41.0,978,5410.0,0.0,88.0,4449.0,0.0,0.0,873.0,270.0,91.0,844.0,21659.0,5661.0,952.0,602.0,837.0,682.0,532.0,322.0,80.0,367.0,5723,4736,987,13,89,23803,2994.7671379999997,11091.524000000003,33
1187,29073,29381,GA,13063040606,9.343,33.467766100000006,-84.31201259999999,Georgia,Grady Memorial Hospital,Comprehensive Stroke Center,-84.38242,33.752320000000005,32.23068038,8,2018,"Census Tract 406.06, Clayton County, Georgia",40606,13,63,13063040606,3596,2056,1540,32.5,221,3446.0,6.0,13.0,1711.0,0.0,123.0,1593.0,79.0,765.0,1034.0,28050.0,2610.0,374.0,167.0,467.0,247.0,461.0,190.0,58.0,141.0,2681,2362,319,13,63,40606,384.8870812,36584.718,76
1188,29074,29382,GA,13089021210,2.434,33.9413866,-84.31270079999999,Georgia,Emory University Hospital,Comprehensive Stroke Center,-84.32186,33.792320000000004,16.55616994,1304,2018,"Census Tract 212.10, DeKalb County, Georgia",21210,13,89,13089021210,5872,2813,3059,44.2,1093,5725.0,29.0,502.0,86.0,0.0,0.0,5108.0,90.0,190.0,4935.0,71490.0,5815.0,441.0,305.0,192.0,314.0,204.0,322.0,160.0,1875.0,5872,5746,126,13,89,21210,2412.489729,19459.723,67
1189,29076,29384,GA,13121011504,22.655,34.158171200000005,-84.3134107,Georgia,WellStar Kennestone Regional Medical Center,Comprehensive Stroke Center,-84.55109,33.969758,30.30205718,228,2018,"Census Tract 115.04, Fulton County, Georgia",11504,13,121,13121011504,13412,6675,6737,43.1,1065,13346.0,0.0,461.0,353.0,0.0,11.0,12521.0,28.0,343.0,12189.0,77750.0,13354.0,1509.0,209.0,747.0,387.0,368.0,449.0,268.0,4089.0,13412,13186,226,13,121,11504,592.0105937000001,34964.27900000001,87
1190,29079,29387,GA,13231010100,65.225,33.1280391,-84.3142412,Georgia,Grady Memorial Hospital,Comprehensive Stroke Center,-84.38242,33.752320000000005,69.53006431,287,2018,"Census Tract 101, Pike County, Georgia",10100,13,231,13231010100,7194,3496,3698,40.8,1220,6998.0,0.0,20.0,955.0,0.0,55.0,5968.0,148.0,130.0,5883.0,31643.0,6940.0,777.0,408.0,772.0,563.0,806.0,586.0,172.0,573.0,7001,5950,1051,13,231,10100,110.2951322,74608.79300000002,89
1191,29082,29390,GA,13089023423,8.865,33.670366200000004,-84.3150551,Georgia,Grady Memorial Hospital,Comprehensive Stroke Center,-84.38242,33.752320000000005,11.02827952,1453,2018,"Census Tract 234.23, DeKalb County, Georgia",23423,13,89,13089023423,7545,3873,3672,40.3,753,7180.0,0.0,0.0,6961.0,0.0,46.0,173.0,238.0,312.0,87.0,33022.0,7282.0,939.0,368.0,637.0,920.0,776.0,837.0,507.0,543.0,7509,7046,463,13,89,23423,851.0998308000001,14186.104000000003,47
1192,29083,29391,GA,13089021412,1.21,33.8718337,-84.31522530000001,Georgia,Emory University Hospital,Comprehensive Stroke Center,-84.32186,33.792320000000004,8.840965548,991,2018,"Census Tract 214.12, DeKalb County, Georgia",21412,13,89,13089021412,3734,1903,1831,34.0,305,3540.0,21.0,275.0,130.0,0.0,148.0,2966.0,54.0,224.0,2885.0,61216.0,3594.0,187.0,291.0,182.0,189.0,341.0,285.0,116.0,1192.0,3734,3423,311,13,89,21412,3085.950413,10318.817000000001,52
1193,29085,29393,GA,13121011610,1.8119999999999998,34.086032700000004,-84.3156872,Georgia,WellStar Kennestone Regional Medical Center,Comprehensive Stroke Center,-84.55109,33.969758,25.27837105,231,2018,"Census Tract 116.10, Fulton County, Georgia",11610,13,121,13121011610,6136,3190,2946,36.0,588,5848.0,0.0,380.0,755.0,0.0,10.0,4703.0,183.0,453.0,4260.0,53910.0,6031.0,537.0,241.0,406.0,316.0,372.0,455.0,215.0,1420.0,6136,5920,216,13,121,11610,3386.3134659999996,28773.79799999999,77
1194,29086,29394,GA,13089021504,1.318,33.81311470000001,-84.3159074,Georgia,Emory University Hospital,Comprehensive Stroke Center,-84.32186,33.792320000000004,2.37147016,998,2018,"Census Tract 215.04, DeKalb County, Georgia",21504,13,89,13089021504,5131,2254,2877,32.6,885,4982.0,0.0,825.0,616.0,0.0,37.0,3504.0,102.0,169.0,3404.0,44375.0,4924.0,632.0,310.0,361.0,505.0,582.0,720.0,190.0,1099.0,4960,4744,216,13,89,21504,3893.0197270000003,3275.885,22
1195,29089,29397,GA,13089020801,0.535,33.7558508,-84.31622209999999,Georgia,Emory University Hospital,Comprehensive Stroke Center,-84.32186,33.792320000000004,4.078673343999999,1303,2018,"Census Tract 208.01, DeKalb County, Georgia",20801,13,89,13089020801,2641,1193,1448,37.3,298,2337.0,0.0,32.0,754.0,0.0,7.0,1544.0,256.0,21.0,1530.0,53057.0,2581.0,285.0,193.0,152.0,145.0,177.0,240.0,151.0,612.0,2641,2471,170,13,89,20801,4936.448598,4933.942,24
1196,29090,29398,GA,13131950200,84.109,30.887444800000004,-84.3172837,Florida,Tallahassee Memorial Hospital,Comprehensive Stroke Center,-84.26194,30.45625,48.09721119,1311,2018,"Census Tract 9502, Grady County, Georgia",950200,13,131,13131950200,3184,1495,1689,42.5,588,3150.0,20.0,2.0,676.0,0.0,3.0,2449.0,24.0,150.0,2305.0,24252.0,3034.0,424.0,313.0,312.0,319.0,306.0,160.0,47.0,156.0,3108,2378,730,13,131,950200,37.85563971,56793.089000000014,99
1197,29091,29399,GA,13089021603,1.484,33.828982,-84.31739809999999,Georgia,Emory University Hospital,Comprehensive Stroke Center,-84.32186,33.792320000000004,4.087442428999999,594,2018,"Census Tract 216.03, DeKalb County, Georgia",21603,13,89,13089021603,4607,2030,2577,35.9,719,4226.0,0.0,323.0,893.0,13.0,0.0,2997.0,284.0,242.0,2773.0,41986.0,4510.0,380.0,150.0,406.0,327.0,745.0,403.0,344.0,871.0,4607,4316,291,13,89,21603,3104.447439,5223.25,26
1198,29093,29401,GA,13089021414,0.41700000000000004,33.8484542,-84.3180774,Georgia,Emory University Hospital,Comprehensive Stroke Center,-84.32186,33.792320000000004,6.236197558,993,2018,"Census Tract 214.14, DeKalb County, Georgia",21414,13,89,13089021414,4087,1955,2132,29.1,71,3872.0,187.0,240.0,1215.0,0.0,613.0,1617.0,103.0,1749.0,684.0,30856.0,3975.0,287.0,167.0,527.0,400.0,298.0,345.0,56.0,369.0,4087,2740,1347,13,89,21414,9800.959233,7593.713000000001,48
1199,29094,29402,GA,13089023700,1.84,33.731308399999996,-84.3183573,Georgia,Grady Memorial Hospital,Comprehensive Stroke Center,-84.38242,33.752320000000005,6.377361456,612,2018,"Census Tract 237, DeKalb County, Georgia",23700,13,89,13089023700,6527,2475,4052,33.6,703,6199.0,41.0,24.0,5122.0,1.0,79.0,932.0,273.0,80.0,903.0,25832.0,6196.0,828.0,488.0,611.0,800.0,659.0,273.0,132.0,352.0,6521,5520,1001,13,89,23700,3547.2826090000003,8160.607000000001,27
1200,29100,29408,GA,13121011411,2.782,34.00583029999999,-84.3203283,Georgia,WellStar Kennestone Regional Medical Center,Comprehensive Stroke Center,-84.55109,33.969758,21.69409474,725,2018,"Census Tract 114.11, Fulton County, Georgia",11411,13,121,13121011411,8291,4228,4063,39.1,1172,8126.0,10.0,181.0,1324.0,0.0,227.0,6384.0,29.0,1421.0,5236.0,34866.0,8102.0,622.0,345.0,1018.0,881.0,595.0,448.0,477.0,1319.0,8291,7291,1000,13,121,11411,2980.23005,26209.196999999993,65
1201,29102,29410,GA,13089021214,2.1590000000000003,33.959826799999995,-84.3206253,Georgia,Emory University Hospital,Comprehensive Stroke Center,-84.32186,33.792320000000004,18.58023052,510,2018,"Census Tract 212.14, DeKalb County, Georgia",21214,13,89,13089021214,6246,3192,3054,42.1,1192,5949.0,0.0,415.0,210.0,0.0,0.0,5324.0,219.0,246.0,5078.0,63966.0,6095.0,619.0,222.0,315.0,226.0,368.0,398.0,133.0,1948.0,6246,6199,47,13,89,21214,2893.006021,21503.45600000001,80
1202,29103,29411,GA,13089022403,1.868,33.7761539,-84.32129379999999,Georgia,Emory University Hospital,Comprehensive Stroke Center,-84.32186,33.792320000000004,1.793886128,517,2018,"Census Tract 224.03, DeKalb County, Georgia",22403,13,89,13089022403,3962,1846,2116,44.4,659,3862.0,18.0,219.0,137.0,0.0,0.0,3488.0,73.0,67.0,3428.0,80203.0,3935.0,340.0,150.0,97.0,157.0,169.0,255.0,146.0,1455.0,3962,3901,61,13,89,22403,2120.9850109999998,3999.335,14
1203,29104,29412,GA,13089021209,1.8659999999999999,33.894412100000004,-84.3221253,Georgia,Emory University Hospital,Comprehensive Stroke Center,-84.32186,33.792320000000004,11.32403745,511,2018,"Census Tract 212.09, DeKalb County, Georgia",21209,13,89,13089021209,6480,2918,3562,38.9,1428,6264.0,119.0,819.0,680.0,0.0,119.0,4527.0,123.0,682.0,4083.0,50890.0,6256.0,621.0,379.0,538.0,458.0,566.0,731.0,374.0,1541.0,6349,6011,338,13,89,21209,3472.66881,14261.584,73
1204,29105,29413,GA,13151070501,19.828,33.3904136,-84.3223878,Georgia,Grady Memorial Hospital,Comprehensive Stroke Center,-84.38242,33.752320000000005,40.52585218,1965,2018,"Census Tract 705.01, Henry County, Georgia",70501,13,151,13151070501,7733,3741,3992,30.2,473,7560.0,0.0,27.0,3434.0,0.0,12.0,4087.0,141.0,1371.0,2716.0,27292.0,7701.0,745.0,611.0,758.0,752.0,713.0,577.0,156.0,290.0,7733,6147,1586,13,151,70501,390.00403470000003,44607.45100000002,77
1205,29106,29414,GA,13089022402,1.341,33.798109100000005,-84.3224275,Georgia,Emory University Hospital,Comprehensive Stroke Center,-84.32186,33.792320000000004,0.644266431,597,2018,"Census Tract 224.02, DeKalb County, Georgia",22402,13,89,13089022402,6725,3002,3723,20.9,492,6429.0,0.0,1801.0,1132.0,0.0,42.0,3454.0,296.0,503.0,3066.0,4041.0,1839.0,3167.0,289.0,299.0,187.0,162.0,83.0,80.0,282.0,6576,6319,257,13,89,22402,5014.914243,608.0110000000001,4
1206,29108,29416,GA,13121011420,0.6409999999999999,34.0332055,-84.3232629,Georgia,WellStar Kennestone Regional Medical Center,Comprehensive Stroke Center,-84.55109,33.969758,22.19284481,219,2018,"Census Tract 114.20, Fulton County, Georgia",11420,13,121,13121011420,7677,3873,3804,27.4,154,6877.0,23.0,177.0,1281.0,0.0,598.0,4798.0,608.0,4771.0,854.0,24754.0,7485.0,776.0,397.0,986.0,984.0,394.0,330.0,96.0,306.0,7677,4473,3204,13,121,11420,11976.599059999999,25701.875999999997,61
1207,29110,29418,GA,13089021413,0.373,33.8518693,-84.32349140000001,Georgia,Emory University Hospital,Comprehensive Stroke Center,-84.32186,33.792320000000004,6.606885792999999,992,2018,"Census Tract 214.13, DeKalb County, Georgia",21413,13,89,13089021413,4249,2143,2106,31.3,181,4126.0,238.0,4.0,398.0,0.0,1123.0,2363.0,72.0,2974.0,722.0,22257.0,4198.0,270.0,244.0,929.0,399.0,264.0,113.0,16.0,278.0,4249,2279,1970,13,89,21413,11391.420909999999,9149.370000000003,51
1208,29112,29420,GA,13205090500,154.89600000000002,31.136332399999997,-84.3241914,Florida,Tallahassee Memorial Hospital,Comprehensive Stroke Center,-84.26194,30.45625,75.63301982,199,2018,"Census Tract 905, Mitchell County, Georgia",90500,13,205,13205090500,5776,2699,3077,37.7,934,5510.0,0.0,21.0,3290.0,0.0,1.0,2198.0,234.0,3.0,2197.0,24825.0,5530.0,848.0,381.0,666.0,571.0,679.0,363.0,109.0,153.0,5718,4864,854,13,205,90500,37.2895362,85771.67400000003,116
1209,29113,29421,GA,13089020700,0.488,33.753896000000005,-84.3249841,Georgia,Emory University Hospital,Comprehensive Stroke Center,-84.32186,33.792320000000004,4.271737842,73,2018,"Census Tract 207, DeKalb County, Georgia",20700,13,89,13089020700,2351,1195,1156,35.4,188,2228.0,0.0,34.0,832.0,0.0,32.0,1330.0,57.0,40.0,1294.0,36250.0,2257.0,273.0,118.0,252.0,244.0,204.0,155.0,98.0,461.0,2323,2065,258,13,89,20700,4817.622950999999,5247.822,26
1210,29116,29424,GA,13255160500,12.466,33.2694367,-84.3257575,Georgia,Grady Memorial Hospital,Comprehensive Stroke Center,-84.38242,33.752320000000005,53.81643527,1257,2018,"Census Tract 1605, Spalding County, Georgia",160500,13,255,13255160500,6470,3155,3315,33.2,1014,6300.0,33.0,0.0,2846.0,19.0,0.0,3402.0,141.0,635.0,2767.0,22620.0,6218.0,821.0,558.0,1063.0,706.0,589.0,430.0,85.0,316.0,6320,5542,778,13,255,160500,519.0117119,60455.135000000046,95
1211,29120,29428,GA,13089021503,0.7440000000000001,33.81949229999999,-84.3267018,Georgia,Emory University Hospital,Comprehensive Stroke Center,-84.32186,33.792320000000004,3.0470830380000002,997,2018,"Census Tract 215.03, DeKalb County, Georgia",21503,13,89,13089021503,3887,1848,2039,30.6,458,3724.0,180.0,724.0,537.0,0.0,5.0,2278.0,125.0,341.0,2163.0,36707.0,3737.0,311.0,281.0,309.0,360.0,380.0,200.0,82.0,655.0,3733,3140,593,13,89,21503,5224.462366,3790.303,18
1212,29121,29429,GA,13063040613,5.215,33.5099245,-84.32672779999999,Georgia,Grady Memorial Hospital,Comprehensive Stroke Center,-84.38242,33.752320000000005,27.37753063,666,2018,"Census Tract 406.13, Clayton County, Georgia",40613,13,63,13063040613,8302,3853,4449,41.1,1376,7900.0,0.0,266.0,5210.0,0.0,5.0,2419.0,377.0,759.0,1867.0,28029.0,8257.0,1405.0,442.0,776.0,798.0,856.0,420.0,284.0,743.0,8272,7077,1195,13,63,40613,1591.946309,30525.918000000027,59
1213,29122,29430,GA,13089021216,1.401,33.927749600000006,-84.3271691,Georgia,Emory University Hospital,Comprehensive Stroke Center,-84.32186,33.792320000000004,15.02986381,1663,2018,"Census Tract 212.16, DeKalb County, Georgia",21216,13,89,13089021216,7850,4260,3590,34.7,648,7541.0,0.0,1928.0,1218.0,0.0,52.0,4343.0,240.0,143.0,4200.0,64956.0,7781.0,354.0,411.0,438.0,377.0,562.0,731.0,456.0,2409.0,7850,7573,277,13,89,21216,5603.140614,18163.841000000004,60
1214,29123,29431,GA,13255160100,26.026999999999997,33.3305333,-84.3272835,Georgia,Grady Memorial Hospital,Comprehensive Stroke Center,-84.38242,33.752320000000005,47.06155146,1259,2018,"Census Tract 1601, Spalding County, Georgia",160100,13,255,13255160100,5521,2710,2811,42.6,1117,5245.0,0.0,99.0,667.0,0.0,15.0,4464.0,139.0,255.0,4232.0,22896.0,5384.0,784.0,325.0,807.0,460.0,639.0,337.0,90.0,252.0,5521,4678,843,13,255,160100,212.1258693,52597.79300000004,80
1215,29124,29432,GA,13063040412,3.075,33.5707365,-84.3273936,Georgia,Grady Memorial Hospital,Comprehensive Stroke Center,-84.38242,33.752320000000005,20.77714915,663,2018,"Census Tract 404.12, Clayton County, Georgia",40412,13,63,13063040412,7416,3220,4196,33.8,549,7223.0,0.0,1221.0,4480.0,0.0,320.0,1202.0,156.0,1195.0,505.0,22500.0,7291.0,1138.0,518.0,1035.0,917.0,714.0,374.0,275.0,99.0,7394,5787,1607,13,63,40412,2411.7073170000003,23330.035000000014,39
1216,29125,29433,GA,13063040609,3.575,33.543971500000005,-84.3291756,Georgia,Grady Memorial Hospital,Comprehensive Stroke Center,-84.38242,33.752320000000005,23.63112365,693,2018,"Census Tract 406.09, Clayton County, Georgia",40609,13,63,13063040609,6427,2957,3470,35.8,669,6273.0,0.0,998.0,3794.0,0.0,184.0,1297.0,126.0,518.0,1012.0,28097.0,6393.0,664.0,388.0,691.0,701.0,851.0,463.0,99.0,299.0,6427,5280,1147,13,63,40609,1797.7622379999998,27000.488000000027,52
1217,29127,29435,GA,13089021411,0.644,33.86677720000001,-84.329312,Georgia,Emory University Hospital,Comprehensive Stroke Center,-84.32186,33.792320000000004,8.287500504,990,2018,"Census Tract 214.11, DeKalb County, Georgia",21411,13,89,13089021411,3282,1737,1545,33.1,201,3126.0,0.0,211.0,273.0,8.0,41.0,2593.0,81.0,144.0,2503.0,56904.0,3207.0,137.0,100.0,255.0,117.0,452.0,522.0,186.0,904.0,3262,3071,191,13,89,21411,5096.273292,10810.145000000004,56
1218,29128,29436,GA,13089021202,2.8160000000000003,33.9106209,-84.32931529999999,Georgia,Emory University Hospital,Comprehensive Stroke Center,-84.32186,33.792320000000004,13.14002748,624,2018,"Census Tract 212.02, DeKalb County, Georgia",21202,13,89,13089021202,8396,4474,3922,37.7,1195,8024.0,0.0,389.0,948.0,0.0,5.0,6682.0,210.0,253.0,6434.0,63984.0,8105.0,610.0,215.0,464.0,497.0,546.0,491.0,477.0,2203.0,8244,7814,430,13,89,21202,2981.534091,15771.028000000002,63
1219,29129,29437,GA,13089021405,0.9279999999999999,33.857150700000005,-84.3293418,Georgia,Emory University Hospital,Comprehensive Stroke Center,-84.32186,33.792320000000004,7.2242499129999995,1301,2018,"Census Tract 214.05, DeKalb County, Georgia",21405,13,89,13089021405,4728,2458,2270,35.0,103,4623.0,97.0,147.0,126.0,0.0,94.0,4159.0,55.0,747.0,3547.0,66934.0,4678.0,184.0,163.0,189.0,334.0,599.0,320.0,304.0,1567.0,4713,4398,315,13,89,21405,5094.827586,9616.339000000002,54
1220,29130,29438,GA,13089020300,0.7490000000000001,33.7659856,-84.32950090000001,Georgia,Emory University Hospital,Comprehensive Stroke Center,-84.32186,33.792320000000004,3.005484539,617,2018,"Census Tract 203, DeKalb County, Georgia",20300,13,89,13089020300,4283,2086,2197,36.8,321,4045.0,22.0,66.0,166.0,0.0,0.0,3791.0,186.0,124.0,3735.0,65464.0,4228.0,410.0,74.0,155.0,293.0,303.0,251.0,119.0,1390.0,4283,4107,176,13,89,20300,5718.291055,4125.700999999999,18
1221,29131,29439,GA,13063040407,3.516,33.6071615,-84.32983109999999,Georgia,Grady Memorial Hospital,Comprehensive Stroke Center,-84.38242,33.752320000000005,16.82280224,6,2018,"Census Tract 404.07, Clayton County, Georgia",40407,13,63,13063040407,3931,1768,2163,32.8,461,3682.0,0.0,668.0,1900.0,0.0,371.0,743.0,107.0,718.0,443.0,21360.0,3789.0,435.0,393.0,559.0,173.0,474.0,166.0,71.0,76.0,3910,3152,758,13,63,40407,1118.0318539999998,19476.766000000007,48
1222,29134,29442,GA,13123080100,137.80700000000002,34.688346100000004,-84.3312041,Georgia,WellStar Kennestone Regional Medical Center,Comprehensive Stroke Center,-84.55109,33.969758,82.24007541,1871,2018,"Census Tract 801, Gilmer County, Georgia",80100,13,123,13123080100,4220,2210,2010,52.6,1193,4003.0,0.0,18.0,28.0,0.0,0.0,3957.0,189.0,221.0,3830.0,23937.0,4192.0,764.0,453.0,497.0,424.0,409.0,266.0,52.0,415.0,4220,3540,680,13,123,80100,30.62253732,98526.41000000005,114
1223,29138,29446,GA,13111050400,44.206,34.8629431,-84.33165679999999,Tennessee,Erlanger Health System,Comprehensive Stroke Center,-85.29043,35.04872,89.96384585,481,2018,"Census Tract 504, Fannin County, Georgia",50400,13,111,13111050400,6942,3054,3888,50.7,2087,6703.0,56.0,0.0,57.0,0.0,4.0,6586.0,229.0,112.0,6532.0,24516.0,6697.0,1029.0,505.0,1137.0,694.0,789.0,474.0,125.0,503.0,6792,6109,683,13,111,50400,157.0375062,123928.69199999995,164
1224,29139,29447,GA,13249960100,94.895,32.3182006,-84.3324186,Alabama,Southeast Health,Comprehensive Stroke Center,-85.36301,31.21588,156.4306026,1843,2018,"Census Tract 9601, Schley County, Georgia",960100,13,249,13249960100,2974,1352,1622,36.5,567,2894.0,0.0,0.0,1087.0,0.0,5.0,1802.0,49.0,98.0,1753.0,22963.0,2943.0,463.0,124.0,371.0,323.0,302.0,124.0,44.0,77.0,2974,2580,394,13,249,960100,31.339902000000002,183320.73099999997,172
1225,29142,29450,GA,13121011421,1.499,34.0405266,-84.332837,Georgia,WellStar Kennestone Regional Medical Center,Comprehensive Stroke Center,-84.55109,33.969758,21.63625326,220,2018,"Census Tract 114.21, Fulton County, Georgia",11421,13,121,13121011421,4592,2345,2247,30.2,217,4256.0,0.0,346.0,1254.0,0.0,168.0,2488.0,204.0,1374.0,1320.0,26477.0,4460.0,335.0,333.0,640.0,577.0,333.0,183.0,66.0,455.0,4578,3328,1250,13,121,11421,3063.375584,25593.722999999998,57
1226,29143,29451,GA,13121010106,2.573,33.988341999999996,-84.332991,Georgia,WellStar Kennestone Regional Medical Center,Comprehensive Stroke Center,-84.55109,33.969758,20.25911635,948,2018,"Census Tract 101.06, Fulton County, Georgia",10106,13,121,13121010106,4444,2090,2354,39.1,612,4375.0,17.0,61.0,1242.0,0.0,7.0,3048.0,60.0,165.0,2896.0,42130.0,4435.0,494.0,182.0,245.0,485.0,591.0,297.0,111.0,974.0,4437,4050,387,13,121,10106,1727.1667309999998,26255.757999999994,55
1227,29144,29452,GA,13293010201,10.046,32.9290022,-84.33310949999999,Georgia,Grady Memorial Hospital,Comprehensive Stroke Center,-84.38242,33.752320000000005,91.42992784,1199,2018,"Census Tract 102.01, Upson County, Georgia",10201,13,293,13293010201,4934,2396,2538,36.4,789,4691.0,10.0,56.0,1277.0,12.0,0.0,3336.0,186.0,329.0,3019.0,21288.0,4611.0,651.0,360.0,726.0,489.0,438.0,187.0,69.0,141.0,4668,3950,718,13,293,10201,491.1407525,98539.65200000002,107
1228,29145,29453,GA,13063040408,2.519,33.5909098,-84.3337717,Georgia,Grady Memorial Hospital,Comprehensive Stroke Center,-84.38242,33.752320000000005,18.46276067,695,2018,"Census Tract 404.08, Clayton County, Georgia",40408,13,63,13063040408,8338,3844,4494,27.0,761,8108.0,0.0,1714.0,4688.0,0.0,162.0,1544.0,181.0,789.0,977.0,18197.0,6673.0,1367.0,888.0,1132.0,679.0,807.0,300.0,60.0,251.0,8123,6314,1809,13,63,40408,3310.043668,20550.12100000001,48
1229,29146,29454,GA,13089021416,0.3,33.847324,-84.33397120000001,Georgia,Emory University Hospital,Comprehensive Stroke Center,-84.32186,33.792320000000004,6.203172542000001,995,2018,"Census Tract 214.16, DeKalb County, Georgia",21416,13,89,13089021416,2088,1205,883,31.5,72,1910.0,207.0,110.0,105.0,0.0,63.0,1425.0,122.0,791.0,986.0,32086.0,2023.0,58.0,73.0,351.0,440.0,148.0,98.0,85.0,471.0,2088,1486,602,13,89,21416,6960.0,8580.396,45
1230,29147,29455,GA,13293010400,17.828,32.8665523,-84.33412340000001,Georgia,Grady Memorial Hospital,Comprehensive Stroke Center,-84.38242,33.752320000000005,98.34337948,1390,2018,"Census Tract 104, Upson County, Georgia",10400,13,293,13293010400,5557,2647,2910,39.1,1151,5506.0,0.0,0.0,2092.0,186.0,0.0,3228.0,22.0,124.0,3104.0,20685.0,5371.0,853.0,404.0,816.0,405.0,338.0,373.0,177.0,244.0,5400,4687,713,13,293,10400,311.7006955,106188.98599999999,110
1231,29148,29456,GA,13089021417,0.728,33.839670700000006,-84.3342163,Georgia,Emory University Hospital,Comprehensive Stroke Center,-84.32186,33.792320000000004,5.375241272,996,2018,"Census Tract 214.17, DeKalb County, Georgia",21417,13,89,13089021417,6047,3159,2888,29.2,246,5651.0,752.0,321.0,727.0,0.0,1175.0,2676.0,232.0,3732.0,969.0,24255.0,5843.0,411.0,341.0,1213.0,389.0,561.0,514.0,69.0,370.0,6047,3377,2670,13,89,21417,8306.318681,6954.712999999999,37
1232,29150,29458,GA,13095010403,134.03,31.5190525,-84.33548940000001,Alabama,Southeast Health,Comprehensive Stroke Center,-85.36301,31.21588,103.37173990000001,468,2018,"Census Tract 104.03, Dougherty County, Georgia",10403,13,95,13095010403,1571,790,781,42.6,354,1485.0,0.0,0.0,550.0,0.0,0.0,935.0,80.0,85.0,894.0,32406.0,1565.0,159.0,105.0,147.0,130.0,76.0,118.0,44.0,275.0,1571,1393,178,13,95,10403,11.72125644,114351.24299999994,103
1233,29151,29459,GA,13089023802,3.698,33.6940064,-84.3356621,Georgia,Grady Memorial Hospital,Comprehensive Stroke Center,-84.38242,33.752320000000005,7.785609656,1796,2018,"Census Tract 238.02, DeKalb County, Georgia",23802,13,89,13089023802,4331,1958,2373,32.1,376,4102.0,50.0,84.0,2861.0,0.0,101.0,1006.0,190.0,228.0,909.0,20200.0,3620.0,792.0,404.0,360.0,546.0,282.0,162.0,62.0,328.0,3686,2811,875,13,89,23802,1171.173607,9717.599999999999,39
1234,29152,29460,GA,13089020600,0.428,33.7576172,-84.33568220000001,Georgia,Emory University Hospital,Comprehensive Stroke Center,-84.32186,33.792320000000004,4.0565225510000005,618,2018,"Census Tract 206, DeKalb County, Georgia",20600,13,89,13089020600,1927,848,1079,34.1,89,1741.0,29.0,15.0,955.0,0.0,9.0,733.0,152.0,81.0,701.0,45313.0,1893.0,161.0,146.0,176.0,106.0,122.0,152.0,99.0,382.0,1927,1690,237,13,89,20600,4502.336449,5713.728999999999,28
1235,29155,29463,GA,13057090501,37.059,34.2697718,-84.3362192,Georgia,WellStar Kennestone Regional Medical Center,Comprehensive Stroke Center,-84.55109,33.969758,38.73537983,1634,2018,"Census Tract 905.01, Cherokee County, Georgia",90501,13,57,13057090501,6905,3835,3070,39.4,939,6660.0,0.0,37.0,17.0,0.0,25.0,6581.0,149.0,81.0,6530.0,31720.0,6797.0,879.0,482.0,450.0,718.0,534.0,530.0,370.0,784.0,6905,6431,474,13,57,90501,186.3245096,46658.85499999997,61
1236,29156,29464,GA,13057090502,30.976,34.2216979,-84.3362493,Georgia,WellStar Kennestone Regional Medical Center,Comprehensive Stroke Center,-84.55109,33.969758,34.26438709,1635,2018,"Census Tract 905.02, Cherokee County, Georgia",90502,13,57,13057090502,14905,7382,7523,42.7,2229,14591.0,0.0,304.0,249.0,0.0,0.0,14038.0,144.0,301.0,13793.0,50847.0,14724.0,1501.0,635.0,848.0,700.0,1213.0,1006.0,732.0,3241.0,14894,14457,437,13,57,90502,481.1789773,41755.006000000016,77
1237,29157,29465,GA,13089020900,1.681,33.7365044,-84.33689,Georgia,Grady Memorial Hospital,Comprehensive Stroke Center,-84.38242,33.752320000000005,4.569014875,72,2018,"Census Tract 209, DeKalb County, Georgia",20900,13,89,13089020900,5791,3006,2785,38.0,1012,5562.0,0.0,88.0,2604.0,0.0,0.0,2870.0,96.0,191.0,2679.0,50218.0,5410.0,382.0,367.0,690.0,316.0,477.0,819.0,299.0,1155.0,5739,4768,971,13,89,20900,3444.9732299999996,5566.439,29
1238,29161,29469,GA,13089021102,1.385,33.8699232,-84.3381563,Georgia,Emory University Hospital,Comprehensive Stroke Center,-84.32186,33.792320000000004,8.738878955,1661,2018,"Census Tract 211.02, DeKalb County, Georgia",21102,13,89,13089021102,6076,2540,3536,37.0,863,5872.0,0.0,209.0,823.0,0.0,126.0,4714.0,81.0,409.0,4468.0,51801.0,5320.0,806.0,271.0,430.0,220.0,601.0,454.0,186.0,1907.0,6076,5921,155,13,89,21102,4387.00361,10528.053000000005,60
1239,29162,29470,GA,13089023801,1.68,33.7174077,-84.3384079,Georgia,Grady Memorial Hospital,Comprehensive Stroke Center,-84.38242,33.752320000000005,5.624115722999999,613,2018,"Census Tract 238.01, DeKalb County, Georgia",23801,13,89,13089023801,3927,2010,1917,39.7,530,3771.0,29.0,54.0,2182.0,0.0,43.0,1463.0,99.0,153.0,1374.0,40484.0,3857.0,355.0,242.0,462.0,378.0,457.0,369.0,171.0,815.0,3922,3394,528,13,89,23801,2337.5,7425.755999999999,33
1240,29165,29473,GA,13255160700,12.029000000000002,33.2232107,-84.33886290000001,Georgia,Grady Memorial Hospital,Comprehensive Stroke Center,-84.38242,33.752320000000005,58.82463489999999,1264,2018,"Census Tract 1607, Spalding County, Georgia",160700,13,255,13255160700,7658,3700,3958,32.4,708,7423.0,19.0,0.0,3760.0,0.0,14.0,3630.0,47.0,192.0,3452.0,20523.0,6755.0,1130.0,475.0,962.0,638.0,931.0,202.0,34.0,168.0,6943,5576,1367,13,255,160700,636.6281486,67242.63400000002,100
1241,29167,29475,GA,13089020200,0.59,33.7756064,-84.3402667,Georgia,Emory University Hospital,Comprehensive Stroke Center,-84.32186,33.792320000000004,2.518544179,1299,2018,"Census Tract 202, DeKalb County, Georgia",20200,13,89,13089020200,1899,986,913,38.4,279,1847.0,0.0,134.0,208.0,0.0,0.0,1505.0,52.0,93.0,1412.0,58929.0,1863.0,232.0,63.0,55.0,82.0,186.0,190.0,122.0,584.0,1899,1805,94,13,89,20200,3218.644068,3164.383999999999,14
1242,29168,29476,GA,13089021215,1.255,33.9313283,-84.3407152,Georgia,Emory University Hospital,Comprehensive Stroke Center,-84.32186,33.792320000000004,15.51718723,1662,2018,"Census Tract 212.15, DeKalb County, Georgia",21215,13,89,13089021215,6554,3348,3206,33.1,477,6313.0,18.0,3208.0,518.0,0.0,0.0,2569.0,104.0,373.0,2196.0,75668.0,6417.0,259.0,64.0,295.0,347.0,324.0,372.0,309.0,2024.0,6554,6186,368,13,89,21215,5222.310757,18313.715000000004,65
1243,29170,29478,GA,13089021101,1.219,33.8890409,-84.34088299999999,Georgia,Emory University Hospital,Comprehensive Stroke Center,-84.32186,33.792320000000004,10.8717581,1660,2018,"Census Tract 211.01, DeKalb County, Georgia",21101,13,89,13089021101,3817,2011,1806,41.9,615,3693.0,0.0,228.0,291.0,5.0,36.0,3133.0,30.0,228.0,2923.0,82404.0,3722.0,256.0,191.0,242.0,162.0,150.0,148.0,68.0,1326.0,3817,3666,151,13,89,21101,3131.255127,13543.062000000005,69
1244,29172,29480,GA,13089021502,1.368,33.8172846,-84.3411507,Georgia,Emory University Hospital,Comprehensive Stroke Center,-84.32186,33.792320000000004,3.295184355,514,2018,"Census Tract 215.02, DeKalb County, Georgia",21502,13,89,13089021502,4124,2104,2020,38.3,680,3906.0,0.0,302.0,587.0,0.0,46.0,2971.0,195.0,246.0,2737.0,47357.0,4101.0,300.0,326.0,384.0,369.0,619.0,541.0,214.0,996.0,4109,3716,393,13,89,21502,3014.619883,4088.428,19
1245,29173,29481,GA,13089020500,0.6509999999999999,33.752658600000004,-84.34161929999999,Georgia,Grady Memorial Hospital,Comprehensive Stroke Center,-84.38242,33.752320000000005,3.780447723,71,2018,"Census Tract 205, DeKalb County, Georgia",20500,13,89,13089020500,3246,1615,1631,37.7,564,3124.0,13.0,93.0,1672.0,0.0,68.0,1278.0,115.0,110.0,1244.0,31140.0,3239.0,432.0,280.0,357.0,274.0,244.0,407.0,122.0,357.0,3246,2705,541,13,89,20500,4986.175115,4104.586,28
1246,29175,29483,GA,13089021213,1.166,33.9541114,-84.3423464,Georgia,Emory University Hospital,Comprehensive Stroke Center,-84.32186,33.792320000000004,18.04573788,75,2018,"Census Tract 212.13, DeKalb County, Georgia",21213,13,89,13089021213,3599,1702,1897,42.0,709,3515.0,0.0,197.0,57.0,0.0,0.0,3261.0,53.0,139.0,3122.0,65114.0,3568.0,276.0,113.0,164.0,100.0,315.0,167.0,110.0,1028.0,3599,3554,45,13,89,21213,3086.620926,21641.750999999986,79
1247,29176,29484,GA,13089022401,1.0090000000000001,33.788448200000005,-84.3430661,Georgia,Emory University Hospital,Comprehensive Stroke Center,-84.32186,33.792320000000004,2.0103266669999997,64,2018,"Census Tract 224.01, DeKalb County, Georgia",22401,13,89,13089022401,3736,1915,1821,39.2,665,3633.0,6.0,186.0,306.0,0.0,0.0,3135.0,103.0,177.0,2997.0,54108.0,3549.0,325.0,163.0,251.0,334.0,327.0,376.0,107.0,1266.0,3549,3516,33,13,89,22401,3702.675917,2655.5220000000004,17
1248,29177,29485,GA,13089020100,0.42200000000000004,33.799870899999995,-84.3432667,Georgia,Emory University Hospital,Comprehensive Stroke Center,-84.32186,33.792320000000004,2.152032162,82,2018,"Census Tract 201, DeKalb County, Georgia",20100,13,89,13089020100,2141,1018,1123,35.8,170,2065.0,0.0,26.0,36.0,0.0,5.0,1998.0,35.0,124.0,1896.0,80500.0,2100.0,181.0,32.0,62.0,70.0,135.0,128.0,45.0,797.0,2141,2057,84,13,89,20100,5073.459715999999,3346.255,18
1249,29179,29488,GA,13121010120,0.39,34.0033206,-84.34404359999999,Georgia,WellStar Kennestone Regional Medical Center,Comprehensive Stroke Center,-84.55109,33.969758,19.48981157,863,2018,"Census Tract 101.20, Fulton County, Georgia",10120,13,121,13121010120,2365,1150,1215,31.8,79,2228.0,12.0,153.0,353.0,0.0,10.0,1700.0,93.0,372.0,1426.0,42280.0,2321.0,111.0,74.0,236.0,216.0,362.0,262.0,213.0,367.0,2365,2033,332,13,121,10120,6064.102564,23424.871999999996,63
1250,29181,29490,GA,13089020400,0.391,33.7660727,-84.3443392,Georgia,Emory University Hospital,Comprehensive Stroke Center,-84.32186,33.792320000000004,3.5792224110000004,1302,2018,"Census Tract 204, DeKalb County, Georgia",20400,13,89,13089020400,2585,1259,1326,36.8,212,2483.0,0.0,212.0,98.0,0.0,0.0,2173.0,96.0,34.0,2168.0,66382.0,2569.0,125.0,91.0,99.0,109.0,321.0,188.0,146.0,808.0,2585,2537,48,13,89,20400,6611.253197,4271.088,24
1251,29183,29492,GA,13089021415,0.7859999999999999,33.8397088,-84.34489740000001,Georgia,Emory University Hospital,Comprehensive Stroke Center,-84.32186,33.792320000000004,5.672574737000001,994,2018,"Census Tract 214.15, DeKalb County, Georgia",21415,13,89,13089021415,3773,1784,1989,33.5,372,3634.0,50.0,363.0,171.0,0.0,157.0,2893.0,113.0,561.0,2583.0,54364.0,3719.0,129.0,199.0,370.0,261.0,469.0,443.0,360.0,982.0,3745,3357,388,13,89,21415,4800.2544530000005,7153.276000000001,43
1252,29185,29494,GA,13121010119,0.833,33.9913064,-84.34523459999998,Georgia,WellStar Kennestone Regional Medical Center,Comprehensive Stroke Center,-84.55109,33.969758,19.17181976,862,2018,"Census Tract 101.19, Fulton County, Georgia",10119,13,121,13121010119,6002,3014,2988,27.9,200,5551.0,5.0,125.0,3205.0,0.0,130.0,2086.0,304.0,892.0,1235.0,30678.0,5836.0,720.0,410.0,455.0,633.0,852.0,309.0,94.0,465.0,5937,5032,905,13,121,10119,7205.282112999999,24073.82,52
1253,29186,29495,GA,13121011416,2.555,34.0649975,-84.3455864,Georgia,WellStar Kennestone Regional Medical Center,Comprehensive Stroke Center,-84.55109,33.969758,21.72328955,215,2018,"Census Tract 114.16, Fulton County, Georgia",11416,13,121,13121011416,5781,3100,2681,41.6,796,5607.0,0.0,465.0,699.0,0.0,22.0,4421.0,39.0,330.0,4113.0,46583.0,5646.0,498.0,195.0,462.0,390.0,478.0,268.0,125.0,1440.0,5781,5374,407,13,121,11416,2262.622309,25965.589999999997,79
1254,29195,29504,GA,13063040621,3.102,33.4590317,-84.3496605,Georgia,Grady Memorial Hospital,Comprehensive Stroke Center,-84.38242,33.752320000000005,32.671929,1038,2018,"Census Tract 406.21, Clayton County, Georgia",40621,13,63,13063040621,9972,4718,5254,33.0,955,9700.0,0.0,265.0,7817.0,0.0,222.0,1396.0,199.0,750.0,911.0,27731.0,9899.0,1220.0,639.0,1039.0,1109.0,919.0,598.0,296.0,584.0,9972,8723,1249,13,63,40621,3214.700193,36253.581,82
1255,29197,29506,GA,13121010118,0.755,33.9735217,-84.34982190000001,Georgia,WellStar Kennestone Regional Medical Center,Comprehensive Stroke Center,-84.55109,33.969758,18.60496889,861,2018,"Census Tract 101.18, Fulton County, Georgia",10118,13,121,13121010118,5854,3118,2736,31.4,303,5607.0,28.0,225.0,1445.0,16.0,202.0,3691.0,138.0,1740.0,2153.0,29051.0,5745.0,435.0,404.0,714.0,961.0,382.0,434.0,107.0,490.0,5828,4231,1597,13,121,10118,7753.642384000001,23665.440999999984,50
1256,29198,29507,GA,13121011405,2.932,34.020189200000004,-84.3498247,Georgia,WellStar Kennestone Regional Medical Center,Comprehensive Stroke Center,-84.55109,33.969758,19.41813835,1018,2018,"Census Tract 114.05, Fulton County, Georgia",11405,13,121,13121011405,7215,3664,3551,32.8,755,7028.0,0.0,122.0,2043.0,0.0,88.0,4775.0,94.0,1645.0,3218.0,38102.0,7100.0,711.0,287.0,563.0,812.0,1031.0,574.0,118.0,1103.0,7157,5721,1436,13,121,11405,2460.777626,22372.851000000002,56
1257,29200,29509,GA,13121010122,1.242,33.9487098,-84.35140059999999,Georgia,Emory University Hospital,Comprehensive Stroke Center,-84.32186,33.792320000000004,17.56077453,86,2018,"Census Tract 101.22, Fulton County, Georgia",10122,13,121,13121010122,6369,3037,3332,33.2,616,6006.0,0.0,2758.0,718.0,0.0,0.0,2530.0,253.0,224.0,2401.0,67946.0,6259.0,276.0,388.0,262.0,398.0,496.0,474.0,306.0,2111.0,6369,6222,147,13,121,10122,5128.019324,20533.117000000002,68
1258,29202,29511,GA,13227050600,40.021,34.424008,-84.3515381,Georgia,WellStar Kennestone Regional Medical Center,Comprehensive Stroke Center,-84.55109,33.969758,53.64006876,872,2018,"Census Tract 506, Pickens County, Georgia",50600,13,227,13227050600,6346,3373,2973,42.3,865,5793.0,0.0,39.0,9.0,0.0,90.0,5655.0,522.0,338.0,5407.0,28152.0,6315.0,600.0,578.0,804.0,578.0,854.0,390.0,183.0,457.0,6306,5616,690,13,227,50600,158.56675249999998,61031.39300000002,71
1259,29203,29512,GA,13063040303,2.237,33.6339134,-84.3515821,Georgia,Grady Memorial Hospital,Comprehensive Stroke Center,-84.38242,33.752320000000005,13.44090838,532,2018,"Census Tract 403.03, Clayton County, Georgia",40303,13,63,13063040303,6467,2795,3672,33.0,483,6218.0,0.0,335.0,3762.0,0.0,453.0,1668.0,118.0,1358.0,773.0,22652.0,6332.0,870.0,340.0,720.0,531.0,749.0,353.0,33.0,78.0,6467,4834,1633,13,63,40303,2890.925346,15417.772,47
1260,29204,29513,GA,13293010202,24.246,32.9587144,-84.3523682,Georgia,Grady Memorial Hospital,Comprehensive Stroke Center,-84.38242,33.752320000000005,88.06386888,712,2018,"Census Tract 102.02, Upson County, Georgia",10202,13,293,13293010202,2694,1395,1299,48.7,535,2644.0,10.0,0.0,80.0,0.0,0.0,2554.0,25.0,0.0,2554.0,24155.0,2669.0,394.0,224.0,373.0,240.0,288.0,183.0,36.0,194.0,2694,2448,246,13,293,10202,111.1111111,97607.84400000001,106
1261,29206,29515,GA,13111050200,37.8,34.9495478,-84.3528536,Tennessee,Erlanger Health System,Comprehensive Stroke Center,-85.29043,35.04872,86.29443934,480,2018,"Census Tract 502, Fannin County, Georgia",50200,13,111,13111050200,7051,3299,3752,44.4,1802,6846.0,32.0,66.0,0.0,0.0,0.0,6748.0,12.0,267.0,6492.0,21757.0,6824.0,960.0,804.0,1039.0,906.0,787.0,191.0,126.0,273.0,7051,6040,1011,13,111,50200,186.5343915,115547.44000000012,149
1262,29207,29516,GA,13121003100,0.33799999999999997,33.752080799999995,-84.3530446,Georgia,Grady Memorial Hospital,Comprehensive Stroke Center,-84.38242,33.752320000000005,2.7218242010000004,705,2018,"Census Tract 31, Fulton County, Georgia",3100,13,121,13121003100,2026,931,1095,31.6,116,1863.0,0.0,3.0,629.0,0.0,14.0,1217.0,46.0,98.0,1149.0,33537.0,1909.0,243.0,86.0,345.0,215.0,314.0,144.0,28.0,355.0,2026,1754,272,13,121,3100,5994.08284,3012.301,26
1263,29208,29517,GA,13063040417,1.9980000000000002,33.5617454,-84.3532446,Georgia,Grady Memorial Hospital,Comprehensive Stroke Center,-84.38242,33.752320000000005,21.31033326,176,2018,"Census Tract 404.17, Clayton County, Georgia",40417,13,63,13063040417,5489,2454,3035,24.2,187,5154.0,0.0,46.0,4164.0,0.0,422.0,522.0,192.0,684.0,323.0,23091.0,5318.0,681.0,229.0,644.0,454.0,568.0,212.0,73.0,105.0,5470,4398,1072,13,63,40417,2747.247247,24701.64500000002,46
1264,29209,29518,GA,13121009404,0.7909999999999999,33.8388494,-84.3537715,Georgia,Emory University Hospital,Comprehensive Stroke Center,-84.32186,33.792320000000004,5.946841095,847,2018,"Census Tract 94.04, Fulton County, Georgia",9404,13,121,13121009404,4274,1966,2308,35.5,637,4236.0,27.0,428.0,654.0,0.0,13.0,3114.0,38.0,102.0,3038.0,53863.0,4274.0,420.0,219.0,228.0,299.0,456.0,616.0,189.0,1166.0,4274,4215,59,13,121,9404,5403.2869789999995,7814.602,46
1265,29210,29519,GA,13121010115,1.3319999999999999,33.896798700000005,-84.3538038,Georgia,Emory University Hospital,Comprehensive Stroke Center,-84.32186,33.792320000000004,11.959914300000001,859,2018,"Census Tract 101.15, Fulton County, Georgia",10115,13,121,13121010115,2774,1331,1443,48.0,562,2672.0,4.0,125.0,410.0,0.0,0.0,2133.0,65.0,35.0,2104.0,54535.0,2540.0,263.0,81.0,262.0,178.0,184.0,151.0,175.0,804.0,2577,2500,77,13,121,10115,2082.582583,14310.957000000006,54
1266,29212,29521,GA,13121001500,0.43700000000000006,33.776481200000006,-84.3539881,Georgia,Emory University Hospital,Comprehensive Stroke Center,-84.32186,33.792320000000004,3.455538775,696,2018,"Census Tract 15, Fulton County, Georgia",1500,13,121,13121001500,4649,2411,2238,33.4,269,4425.0,0.0,136.0,347.0,0.0,37.0,3905.0,171.0,356.0,3593.0,52414.0,4461.0,514.0,157.0,351.0,233.0,581.0,551.0,284.0,1198.0,4649,4265,384,13,121,1500,10638.443940000001,4314.268999999999,20
1267,29213,29522,GA,13063040416,1.4809999999999999,33.5795255,-84.3543849,Georgia,Grady Memorial Hospital,Comprehensive Stroke Center,-84.38242,33.752320000000005,19.34130522,175,2018,"Census Tract 404.16, Clayton County, Georgia",40416,13,63,13063040416,3450,1566,1884,34.9,389,3285.0,0.0,500.0,1437.0,0.0,671.0,677.0,132.0,1061.0,416.0,21854.0,3417.0,512.0,237.0,456.0,282.0,326.0,217.0,39.0,105.0,3450,2666,784,13,63,40416,2329.50709,22475.99100000001,30
1268,29214,29523,GA,13121005200,0.875,33.735510600000005,-84.35447740000001,Georgia,Grady Memorial Hospital,Comprehensive Stroke Center,-84.38242,33.752320000000005,3.190631527,776,2018,"Census Tract 52, Fulton County, Georgia",5200,13,121,13121005200,5420,2765,2655,33.9,266,5336.0,26.0,179.0,1134.0,0.0,140.0,3857.0,41.0,393.0,3611.0,54365.0,5197.0,730.0,167.0,257.0,445.0,418.0,428.0,330.0,1554.0,5420,5056,364,13,121,5200,6194.285714,4089.4539999999993,27
1269,29215,29524,GA,13121007100,0.9570000000000001,33.696357299999995,-84.3546554,Georgia,Grady Memorial Hospital,Comprehensive Stroke Center,-84.38242,33.752320000000005,6.719493037,546,2018,"Census Tract 71, Fulton County, Georgia",7100,13,121,13121007100,2299,1078,1221,41.0,331,2282.0,0.0,0.0,1998.0,0.0,14.0,270.0,2.0,145.0,139.0,19930.0,2279.0,369.0,196.0,521.0,136.0,252.0,76.0,43.0,23.0,2294,1854,440,13,121,7100,2402.298851,8152.771999999997,41
1270,29216,29525,GA,13121000100,1.287,33.7997992,-84.35492540000001,Georgia,Emory University Hospital,Comprehensive Stroke Center,-84.32186,33.792320000000004,3.1724090289999998,933,2018,"Census Tract 1, Fulton County, Georgia",100,13,121,13121000100,5373,2761,2612,38.1,461,5090.0,0.0,73.0,145.0,0.0,49.0,4823.0,218.0,185.0,4698.0,71250.0,5308.0,442.0,157.0,149.0,244.0,531.0,348.0,160.0,1869.0,5373,5156,217,13,121,100,4174.825175,3976.7329999999993,27
1271,29220,29529,GA,13121001600,0.35600000000000004,33.7664826,-84.3570224,Georgia,Grady Memorial Hospital,Comprehensive Stroke Center,-84.38242,33.752320000000005,2.829142137,704,2018,"Census Tract 16, Fulton County, Georgia",1600,13,121,13121001600,2172,1104,1068,31.8,150,2122.0,0.0,144.0,154.0,0.0,8.0,1816.0,33.0,69.0,1772.0,53981.0,2155.0,101.0,122.0,128.0,145.0,313.0,348.0,68.0,660.0,2172,2116,56,13,121,1600,6101.123596,3137.915,14
1272,29222,29531,GA,13121003000,0.457,33.758758,-84.35727790000001,Georgia,Grady Memorial Hospital,Comprehensive Stroke Center,-84.38242,33.752320000000005,2.436377678,540,2018,"Census Tract 30, Fulton County, Georgia",3000,13,121,13121003000,3540,1652,1888,35.0,225,3437.0,0.0,192.0,271.0,0.0,31.0,2943.0,53.0,95.0,2869.0,70139.0,3490.0,187.0,43.0,151.0,193.0,432.0,390.0,153.0,1315.0,3540,3465,75,13,121,3000,7746.170678,2584.053,23
1273,29224,29533,GA,13121010002,2.427,33.8680492,-84.35777159999999,Georgia,Emory University Hospital,Comprehensive Stroke Center,-84.32186,33.792320000000004,9.033712193,856,2018,"Census Tract 100.02, Fulton County, Georgia",10002,13,121,13121010002,7768,3883,3885,43.8,1383,7485.0,5.0,493.0,277.0,0.0,0.0,6710.0,237.0,369.0,6394.0,69474.0,7572.0,668.0,146.0,325.0,447.0,616.0,657.0,216.0,2866.0,7618,7374,244,13,121,10002,3200.65925,10690.798000000003,58
1274,29226,29535,GA,13231010400,41.278999999999996,33.0282153,-84.3580802,Georgia,Grady Memorial Hospital,Comprehensive Stroke Center,-84.38242,33.752320000000005,80.34340616,1896,2018,"Census Tract 104, Pike County, Georgia",10400,13,231,13231010400,3167,1663,1504,43.0,441,3141.0,0.0,10.0,87.0,0.0,14.0,3030.0,19.0,24.0,3020.0,29014.0,3132.0,334.0,190.0,395.0,310.0,385.0,225.0,101.0,178.0,3153,2870,283,13,231,10400,76.72181981,87783.62399999998,97
1275,29228,29537,GA,13121006900,1.217,33.7183138,-84.3587699,Georgia,Grady Memorial Hospital,Comprehensive Stroke Center,-84.38242,33.752320000000005,4.362397687,544,2018,"Census Tract 69, Fulton County, Georgia",6900,13,121,13121006900,3535,1738,1797,33.0,210,3420.0,49.0,28.0,1670.0,0.0,48.0,1625.0,61.0,499.0,1289.0,28801.0,3461.0,383.0,300.0,327.0,501.0,230.0,278.0,120.0,438.0,3535,3002,533,13,121,6900,2904.683648,6072.765,38
1276,29229,29538,GA,13121010117,0.528,33.9620438,-84.3590973,Georgia,WellStar Kennestone Regional Medical Center,Comprehensive Stroke Center,-84.55109,33.969758,17.76490547,860,2018,"Census Tract 101.17, Fulton County, Georgia",10117,13,121,13121010117,4286,1775,2511,31.4,108,4125.0,43.0,323.0,1949.0,0.0,15.0,1795.0,112.0,616.0,1207.0,34593.0,4237.0,188.0,252.0,743.0,417.0,618.0,325.0,265.0,350.0,4286,3489,797,13,121,10117,8117.424242,21853.53299999999,60
1277,29231,29540,GA,13121009403,0.455,33.8315945,-84.35990749999999,Georgia,Emory University Hospital,Comprehensive Stroke Center,-84.32186,33.792320000000004,5.602402767,846,2018,"Census Tract 94.03, Fulton County, Georgia",9403,13,121,13121009403,5042,2024,3018,33.0,712,4726.0,194.0,422.0,1557.0,0.0,174.0,2379.0,253.0,543.0,2200.0,38984.0,4979.0,434.0,366.0,380.0,817.0,593.0,457.0,375.0,699.0,5042,4508,534,13,121,9403,11081.31868,7037.660999999999,36
1278,29233,29542,GA,13227050100,38.326,34.505415,-84.360802,Georgia,WellStar Kennestone Regional Medical Center,Comprehensive Stroke Center,-84.55109,33.969758,61.95073873,870,2018,"Census Tract 501, Pickens County, Georgia",50100,13,227,13227050100,5333,2520,2813,63.6,2464,4914.0,0.0,0.0,103.0,0.0,17.0,4794.0,366.0,86.0,4747.0,40656.0,5269.0,476.0,399.0,580.0,345.0,739.0,788.0,126.0,1082.0,5322,5006,316,13,227,50100,139.1483588,74331.54300000003,100
1279,29235,29544,GA,13121007200,3.4610000000000003,33.656375700000005,-84.3609353,Georgia,Grady Memorial Hospital,Comprehensive Stroke Center,-84.38242,33.752320000000005,10.82663735,778,2018,"Census Tract 72, Fulton County, Georgia",7200,13,121,13121007200,2202,902,1300,35.2,287,2135.0,0.0,0.0,2100.0,0.0,14.0,21.0,14.0,16.0,19.0,17118.0,2131.0,336.0,125.0,409.0,156.0,174.0,96.0,9.0,61.0,2202,1810,392,13,121,7200,636.2323028,12787.619999999999,44
1280,29236,29545,GA,13121006802,0.28,33.704285399999996,-84.3609663,Georgia,Grady Memorial Hospital,Comprehensive Stroke Center,-84.38242,33.752320000000005,5.686786918999999,727,2018,"Census Tract 68.02, Fulton County, Georgia",6802,13,121,13121006802,2272,886,1386,12.5,84,2095.0,0.0,0.0,2056.0,0.0,39.0,0.0,20.0,0.0,0.0,8997.0,2115.0,437.0,70.0,88.0,54.0,34.0,10.0,12.0,47.0,2272,2028,244,13,121,6802,8114.285714,8189.820999999996,42
1281,29237,29546,GA,13121009602,0.917,33.8440942,-84.36142729999999,Georgia,Emory University Hospital,Comprehensive Stroke Center,-84.32186,33.792320000000004,6.811613447,851,2018,"Census Tract 96.02, Fulton County, Georgia",9602,13,121,13121009602,5078,2387,2691,44.8,1360,4839.0,0.0,202.0,799.0,0.0,13.0,3825.0,189.0,175.0,3760.0,62000.0,5012.0,420.0,195.0,337.0,361.0,307.0,489.0,345.0,1626.0,5045,4918,127,13,121,9602,5537.622683,8294.133,51
1282,29239,29548,GA,13007960100,181.709,31.3322322,-84.36146629999999,Alabama,Southeast Health,Comprehensive Stroke Center,-85.36301,31.21588,96.2451765,12,2018,"Census Tract 9601, Baker County, Georgia",960100,13,7,13007960100,1991,907,1084,43.4,342,1973.0,0.0,95.0,902.0,0.0,21.0,955.0,0.0,62.0,922.0,25000.0,1973.0,279.0,174.0,189.0,223.0,153.0,73.0,71.0,122.0,1991,1732,259,13,7,960100,10.95707973,109307.50799999996,102
1283,29240,29549,GA,13121009200,1.3459999999999999,33.8122786,-84.3618468,Georgia,Emory University Hospital,Comprehensive Stroke Center,-84.32186,33.792320000000004,4.31403387,548,2018,"Census Tract 92, Fulton County, Georgia",9200,13,121,13121009200,7323,4081,3242,33.8,384,6892.0,12.0,618.0,1505.0,0.0,0.0,4757.0,383.0,1594.0,3274.0,44605.0,7275.0,260.0,278.0,927.0,888.0,1006.0,726.0,400.0,1285.0,7323,6112,1211,13,121,9200,5440.564636,6386.582,29
1284,29241,29550,GA,13121001400,0.27899999999999997,33.7770784,-84.3622634,Georgia,Grady Memorial Hospital,Comprehensive Stroke Center,-84.38242,33.752320000000005,3.3208603039999995,733,2018,"Census Tract 14, Fulton County, Georgia",1400,13,121,13121001400,2514,1266,1248,32.0,127,2415.0,0.0,93.0,88.0,0.0,35.0,2199.0,89.0,63.0,2161.0,62230.0,2504.0,64.0,135.0,206.0,173.0,318.0,252.0,169.0,821.0,2514,2381,133,13,121,1400,9010.752687999999,4272.619,21
1285,29242,29551,GA,13273120500,64.219,31.682411199999997,-84.36231640000001,Alabama,Southeast Health,Comprehensive Stroke Center,-85.36301,31.21588,108.27432350000001,1180,2018,"Census Tract 1205, Terrell County, Georgia",120500,13,273,13273120500,1578,774,804,42.2,292,1534.0,6.0,0.0,377.0,0.0,44.0,1107.0,6.0,195.0,1029.0,26953.0,1537.0,216.0,144.0,196.0,186.0,189.0,117.0,16.0,123.0,1578,1339,239,13,273,120500,24.57216712,129091.664,111
1286,29243,29552,GA,13063040307,1.183,33.59885,-84.3624905,Georgia,Grady Memorial Hospital,Comprehensive Stroke Center,-84.38242,33.752320000000005,17.12239619,171,2018,"Census Tract 403.07, Clayton County, Georgia",40307,13,63,13063040307,5082,2595,2487,29.7,526,4860.0,0.0,860.0,1885.0,0.0,777.0,1338.0,144.0,1290.0,831.0,20938.0,5004.0,737.0,397.0,633.0,565.0,340.0,211.0,69.0,79.0,5082,3825,1257,13,63,40307,4295.857988000001,18916.049000000003,42
1287,29244,29553,GA,13063040612,2.7310000000000003,33.5209285,-84.3626158,Georgia,Grady Memorial Hospital,Comprehensive Stroke Center,-84.38242,33.752320000000005,25.73066692,2,2018,"Census Tract 406.12, Clayton County, Georgia",40612,13,63,13063040612,7827,4078,3749,31.8,412,7507.0,66.0,144.0,5106.0,0.0,548.0,1643.0,226.0,1053.0,1297.0,20029.0,6092.0,1277.0,575.0,1021.0,780.0,530.0,352.0,42.0,212.0,6205,5013,1192,13,63,40612,2865.983156,27825.202999999998,61
1288,29245,29554,GA,13121010110,2.06,33.920540100000004,-84.3632092,Georgia,Emory University Hospital,Comprehensive Stroke Center,-84.32186,33.792320000000004,14.7279052,951,2018,"Census Tract 101.10, Fulton County, Georgia",10110,13,121,13121010110,7438,3571,3867,35.1,1029,7153.0,31.0,734.0,1045.0,0.0,25.0,5318.0,175.0,1283.0,4131.0,49890.0,7328.0,377.0,428.0,715.0,500.0,751.0,924.0,388.0,1439.0,7438,6828,610,13,121,10110,3610.679612,18050.74200000001,61
1289,29246,29555,GA,13063040611,2.377,33.552752000000005,-84.3634253,Georgia,Grady Memorial Hospital,Comprehensive Stroke Center,-84.38242,33.752320000000005,22.205322100000004,1,2018,"Census Tract 406.11, Clayton County, Georgia",40611,13,63,13063040611,6225,2773,3452,28.8,258,5980.0,0.0,0.0,3309.0,0.0,1128.0,1543.0,117.0,1820.0,898.0,22562.0,6097.0,823.0,375.0,826.0,715.0,543.0,292.0,43.0,76.0,6212,4378,1834,13,63,40611,2618.847286,24663.127000000008,50
1290,29247,29556,GA,13121010123,1.067,33.9448567,-84.36385229999999,Georgia,Emory University Hospital,Comprehensive Stroke Center,-84.32186,33.792320000000004,17.35976958,87,2018,"Census Tract 101.23, Fulton County, Georgia",10123,13,121,13121010123,5047,2281,2766,38.4,585,4950.0,19.0,397.0,1245.0,0.0,0.0,3289.0,69.0,908.0,2437.0,41762.0,5019.0,425.0,168.0,288.0,727.0,495.0,549.0,218.0,967.0,5047,4664,383,13,121,10123,4730.084349000001,20393.533000000007,59
1291,29249,29558,GA,13121000200,1.111,33.791632899999996,-84.3641988,Georgia,Emory University Hospital,Comprehensive Stroke Center,-84.32186,33.792320000000004,3.9217104610000004,537,2018,"Census Tract 2, Fulton County, Georgia",200,13,121,13121000200,6291,3442,2849,38.2,669,5971.0,0.0,193.0,226.0,0.0,30.0,5522.0,212.0,349.0,5244.0,65094.0,6056.0,545.0,253.0,178.0,296.0,410.0,809.0,257.0,2240.0,6164,6017,147,13,121,200,5662.466247,4930.054999999999,28
1292,29250,29559,GA,13121009402,0.516,33.8221523,-84.3642584,Georgia,Emory University Hospital,Comprehensive Stroke Center,-84.32186,33.792320000000004,5.1343065789999995,788,2018,"Census Tract 94.02, Fulton County, Georgia",9402,13,121,13121009402,5124,2573,2551,27.9,44,4857.0,46.0,820.0,841.0,77.0,68.0,3005.0,231.0,636.0,2581.0,50639.0,5088.0,548.0,88.0,414.0,320.0,765.0,728.0,400.0,1076.0,5124,4636,488,13,121,9402,9930.232558,6245.965,35
1293,29254,29563,GA,13121005000,0.525,33.7420805,-84.3650954,Georgia,Grady Memorial Hospital,Comprehensive Stroke Center,-84.38242,33.752320000000005,1.966406997,937,2018,"Census Tract 50, Fulton County, Georgia",5000,13,121,13121005000,2021,1006,1015,36.0,229,1976.0,2.0,61.0,320.0,0.0,0.0,1593.0,30.0,106.0,1510.0,55078.0,1876.0,202.0,98.0,134.0,108.0,224.0,214.0,112.0,620.0,1891,1738,153,13,121,5000,3849.52381,2706.6769999999997,18
1294,29255,29564,GA,13121003200,0.41100000000000003,33.749823299999996,-84.3650959,Georgia,Grady Memorial Hospital,Comprehensive Stroke Center,-84.38242,33.752320000000005,1.6288503019999998,735,2018,"Census Tract 32, Fulton County, Georgia",3200,13,121,13121003200,2316,1281,1035,34.5,216,2129.0,0.0,32.0,157.0,0.0,19.0,1921.0,150.0,145.0,1821.0,53769.0,2279.0,81.0,234.0,138.0,282.0,234.0,286.0,224.0,631.0,2293,2129,164,13,121,3200,5635.036496,2380.328,20
1295,29257,29566,GA,13261950400,140.592,32.040543,-84.36532249999999,Alabama,Southeast Health,Comprehensive Stroke Center,-85.36301,31.21588,131.60501969999999,502,2018,"Census Tract 9504, Sumter County, Georgia",950400,13,261,13261950400,2850,1243,1607,50.1,686,2784.0,0.0,3.0,982.0,0.0,69.0,1730.0,6.0,135.0,1664.0,22191.0,2630.0,391.0,255.0,461.0,293.0,331.0,184.0,13.0,135.0,2690,2429,261,13,261,950400,20.27142369,155800.719,148
1296,29258,29567,GA,13063040622,3.1830000000000003,33.483274699999996,-84.365512,Georgia,Grady Memorial Hospital,Comprehensive Stroke Center,-84.38242,33.752320000000005,29.88251371,1039,2018,"Census Tract 406.22, Clayton County, Georgia",40622,13,63,13063040622,8578,3434,5144,29.3,678,8247.0,97.0,1049.0,4404.0,0.0,577.0,2120.0,235.0,1280.0,1560.0,25431.0,8482.0,1095.0,518.0,816.0,759.0,950.0,570.0,90.0,149.0,8578,6558,2020,13,63,40622,2694.941879,32322.702999999998,75
1297,29259,29568,GA,13121011503,11.794,34.105973799999994,-84.36592209999999,Georgia,WellStar Kennestone Regional Medical Center,Comprehensive Stroke Center,-84.55109,33.969758,22.8183069,227,2018,"Census Tract 115.03, Fulton County, Georgia",11503,13,121,13121011503,11245,5640,5605,41.5,1366,10724.0,0.0,728.0,737.0,20.0,99.0,9140.0,373.0,409.0,8770.0,61768.0,11097.0,1039.0,523.0,705.0,427.0,489.0,517.0,187.0,3187.0,11245,10747,498,13,121,11503,953.4509072000001,28900.678999999993,86
1298,29260,29569,GA,13121010208,2.079,33.989705900000004,-84.3662291,Georgia,WellStar Kennestone Regional Medical Center,Comprehensive Stroke Center,-84.55109,33.969758,17.225092899999996,534,2018,"Census Tract 102.08, Fulton County, Georgia",10208,13,121,13121010208,4308,1976,2332,37.4,984,4252.0,0.0,125.0,1346.0,0.0,35.0,2746.0,31.0,581.0,2214.0,35842.0,4283.0,255.0,179.0,881.0,430.0,446.0,479.0,155.0,758.0,4308,3723,585,13,121,10208,2072.150072,27849.561999999998,66
1299,29261,29570,GA,13063040620,3.5,33.4890457,-84.3662641,Georgia,Grady Memorial Hospital,Comprehensive Stroke Center,-84.38242,33.752320000000005,29.23967213,1037,2018,"Census Tract 406.20, Clayton County, Georgia",40620,13,63,13063040620,4468,2176,2292,34.5,329,4183.0,0.0,5.0,3214.0,0.0,158.0,806.0,246.0,317.0,679.0,28706.0,4421.0,492.0,313.0,585.0,440.0,398.0,424.0,62.0,301.0,4446,3969,477,13,63,40620,1276.5714289999999,32904.24600000001,77
1300,29263,29572,GA,13121010209,1.3880000000000001,33.971313,-84.366547,Georgia,WellStar Kennestone Regional Medical Center,Comprehensive Stroke Center,-84.55109,33.969758,17.05571967,550,2018,"Census Tract 102.09, Fulton County, Georgia",10209,13,121,13121010209,5699,2669,3030,35.4,161,5434.0,0.0,200.0,2441.0,0.0,77.0,2716.0,180.0,536.0,2414.0,40381.0,5614.0,528.0,200.0,647.0,600.0,805.0,912.0,211.0,680.0,5699,5164,535,13,121,10209,4105.907781,23155.619999999988,72
1301,29265,29574,GA,13121001700,0.48200000000000004,33.765902399999995,-84.36719520000001,Georgia,Grady Memorial Hospital,Comprehensive Stroke Center,-84.38242,33.752320000000005,2.063769911,711,2018,"Census Tract 17, Fulton County, Georgia",1700,13,121,13121001700,4414,2202,2212,31.2,258,4356.0,0.0,108.0,1737.0,0.0,33.0,2478.0,46.0,221.0,2346.0,54129.0,4402.0,228.0,138.0,420.0,448.0,445.0,674.0,342.0,968.0,4403,4169,234,13,121,1700,9157.676349,2593.9169999999995,16
1302,29266,29575,GA,13121010113,0.848,33.905112,-84.3675067,Georgia,Emory University Hospital,Comprehensive Stroke Center,-84.32186,33.792320000000004,13.20484515,857,2018,"Census Tract 101.13, Fulton County, Georgia",10113,13,121,13121010113,5469,2357,3112,31.6,176,4977.0,284.0,493.0,1093.0,0.0,359.0,2748.0,472.0,1955.0,1781.0,35865.0,5436.0,273.0,149.0,763.0,738.0,580.0,275.0,231.0,983.0,5456,4432,1024,13,121,10113,6449.292453,16134.356000000007,47
1303,29267,29576,GA,13121006801,0.255,33.7102924,-84.36778840000001,Georgia,Grady Memorial Hospital,Comprehensive Stroke Center,-84.38242,33.752320000000005,4.85480937,737,2018,"Census Tract 68.01, Fulton County, Georgia",6801,13,121,13121006801,2384,2384,0,42.2,155,2222.0,57.0,0.0,1411.0,0.0,99.0,655.0,162.0,370.0,488.0,8405.0,0.0,627.0,125.0,111.0,80.0,58.0,88.0,0.0,68.0,0,0,0,13,121,6801,9349.019608,5727.741,33
1304,29269,29578,GA,13121007002,1.6880000000000002,33.6920865,-84.3682107,Georgia,Grady Memorial Hospital,Comprehensive Stroke Center,-84.38242,33.752320000000005,6.809509765,545,2018,"Census Tract 70.02, Fulton County, Georgia",7002,13,121,13121007002,2688,952,1736,30.6,252,2665.0,21.0,26.0,2504.0,0.0,51.0,63.0,0.0,141.0,40.0,23391.0,2665.0,374.0,261.0,318.0,367.0,310.0,93.0,23.0,57.0,2688,2042,646,13,121,7002,1592.417062,8154.935999999999,38
1305,29270,29579,GA,13121011422,1.4269999999999998,34.006102500000004,-84.3682633,Georgia,WellStar Kennestone Regional Medical Center,Comprehensive Stroke Center,-84.55109,33.969758,17.36717209,221,2018,"Census Tract 114.22, Fulton County, Georgia",11422,13,121,13121011422,4026,2059,1967,42.5,390,3747.0,11.0,251.0,485.0,0.0,10.0,2990.0,268.0,265.0,2857.0,42694.0,3926.0,310.0,171.0,293.0,348.0,394.0,368.0,106.0,827.0,3926,3431,495,13,121,11422,2821.303434,20879.812999999995,71
1306,29273,29582,GA,13121002900,0.276,33.758005299999994,-84.3693491,Georgia,Grady Memorial Hospital,Comprehensive Stroke Center,-84.38242,33.752320000000005,1.365354804,539,2018,"Census Tract 29, Fulton County, Georgia",2900,13,121,13121002900,2518,1320,1198,32.3,208,2438.0,0.0,147.0,1043.0,0.0,31.0,1217.0,80.0,106.0,1142.0,39728.0,2448.0,271.0,207.0,171.0,303.0,375.0,211.0,111.0,498.0,2448,2302,146,13,121,2900,9123.188406000001,1617.605,13
1307,29274,29583,GA,13121011417,2.907,34.056471,-84.36935509999999,Georgia,WellStar Kennestone Regional Medical Center,Comprehensive Stroke Center,-84.55109,33.969758,19.34724944,216,2018,"Census Tract 114.17, Fulton County, Georgia",11417,13,121,13121011417,5353,2455,2898,54.0,1768,4970.0,37.0,303.0,263.0,0.0,139.0,4228.0,246.0,428.0,3960.0,38879.0,5216.0,660.0,242.0,467.0,527.0,521.0,462.0,213.0,1150.0,5353,5159,194,13,121,11417,1841.417269,22831.304999999993,81
1308,29276,29585,GA,13121010121,0.81,33.9311537,-84.3706421,Georgia,Emory University Hospital,Comprehensive Stroke Center,-84.32186,33.792320000000004,16.04737946,85,2018,"Census Tract 101.21, Fulton County, Georgia",10121,13,121,13121010121,2140,1025,1115,44.2,571,2102.0,0.0,77.0,143.0,0.0,11.0,1871.0,16.0,35.0,1847.0,65017.0,2118.0,144.0,79.0,103.0,172.0,158.0,221.0,146.0,732.0,2140,2083,57,13,121,10121,2641.975309,19290.696000000007,59
1309,29277,29586,GA,13121005300,0.855,33.7321404,-84.3708875,Georgia,Grady Memorial Hospital,Comprehensive Stroke Center,-84.38242,33.752320000000005,2.480293989,700,2018,"Census Tract 53, Fulton County, Georgia",5300,13,121,13121005300,3713,1761,1952,36.7,200,3488.0,0.0,28.0,956.0,11.0,0.0,2493.0,151.0,161.0,2384.0,61289.0,3631.0,175.0,154.0,206.0,257.0,364.0,269.0,186.0,1108.0,3707,3498,209,13,121,5300,4342.690058,3531.1489999999994,27
1310,29279,29588,GA,13121001300,0.508,33.776193299999996,-84.3715699,Georgia,Grady Memorial Hospital,Comprehensive Stroke Center,-84.38242,33.752320000000005,2.832335449,745,2018,"Census Tract 13, Fulton County, Georgia",1300,13,121,13121001300,4356,2579,1777,32.0,286,4094.0,0.0,217.0,994.0,0.0,52.0,2831.0,123.0,349.0,2567.0,52188.0,3733.0,422.0,205.0,283.0,340.0,404.0,439.0,140.0,1117.0,3872,3661,211,13,121,1300,8574.80315,3444.1639999999998,26
1311,29281,29590,GA,13063040608,16.548,33.40686710000001,-84.3719708,Georgia,Grady Memorial Hospital,Comprehensive Stroke Center,-84.38242,33.752320000000005,38.32812329,9,2018,"Census Tract 406.08, Clayton County, Georgia",40608,13,63,13063040608,12430,5754,6676,35.7,1310,11672.0,0.0,609.0,8437.0,0.0,425.0,2201.0,488.0,864.0,1857.0,31447.0,12041.0,1407.0,829.0,1416.0,1023.0,1704.0,907.0,295.0,767.0,12430,10655,1775,13,63,40608,751.148175,43696.26500000002,88
1312,29282,29591,GA,13063040302,2.194,33.6332886,-84.3719886,Georgia,Grady Memorial Hospital,Comprehensive Stroke Center,-84.38242,33.752320000000005,13.23796515,531,2018,"Census Tract 403.02, Clayton County, Georgia",40302,13,63,13063040302,5683,2776,2907,26.7,417,5469.0,166.0,139.0,2928.0,0.0,647.0,1589.0,109.0,1533.0,941.0,20081.0,5578.0,597.0,351.0,806.0,622.0,248.0,241.0,14.0,82.0,5683,4202,1481,13,63,40302,2590.246126,15583.698,42
1313,29283,29592,GA,13121010114,1.5630000000000002,33.8890375,-84.3727042,Georgia,Emory University Hospital,Comprehensive Stroke Center,-84.32186,33.792320000000004,11.71465691,858,2018,"Census Tract 101.14, Fulton County, Georgia",10114,13,121,13121010114,6775,3155,3620,32.7,742,6431.0,370.0,177.0,923.0,0.0,81.0,4880.0,213.0,1266.0,4178.0,50202.0,6601.0,402.0,465.0,783.0,174.0,623.0,768.0,355.0,1340.0,6732,5710,1022,13,121,10114,4334.612924,14952.508000000005,62
1314,29285,29594,GA,13121011419,2.64,34.045539,-84.372937,Georgia,WellStar Kennestone Regional Medical Center,Comprehensive Stroke Center,-84.55109,33.969758,18.47959635,218,2018,"Census Tract 114.19, Fulton County, Georgia",11419,13,121,13121011419,5505,2540,2965,49.2,1072,5302.0,72.0,223.0,456.0,0.0,35.0,4516.0,124.0,257.0,4259.0,52083.0,5426.0,537.0,228.0,424.0,272.0,382.0,412.0,100.0,1551.0,5505,5310,195,13,121,11419,2085.227273,21565.884999999995,79
1315,29286,29595,GA,13121011505,1.609,34.0808748,-84.37310240000001,Georgia,WellStar Kennestone Regional Medical Center,Comprehensive Stroke Center,-84.55109,33.969758,20.54600182,229,2018,"Census Tract 115.05, Fulton County, Georgia",11505,13,121,13121011505,4325,2095,2230,44.1,435,4267.0,10.0,122.0,223.0,0.0,0.0,3912.0,32.0,245.0,3677.0,62880.0,4299.0,495.0,169.0,166.0,206.0,174.0,217.0,131.0,1257.0,4325,4174,151,13,121,11505,2688.0049719999997,24640.266999999996,89
1316,29288,29597,GA,13121006400,0.485,33.7188154,-84.3735791,Georgia,Grady Memorial Hospital,Comprehensive Stroke Center,-84.38242,33.752320000000005,3.805489226,777,2018,"Census Tract 64, Fulton County, Georgia",6400,13,121,13121006400,1052,558,494,35.1,69,1037.0,45.0,0.0,652.0,0.0,56.0,284.0,0.0,199.0,186.0,18438.0,1037.0,171.0,129.0,169.0,145.0,31.0,53.0,4.0,42.0,1052,858,194,13,121,6400,2169.072165,5772.347999999999,34
1317,29290,29599,GA,13063040414,0.8109999999999999,33.5862404,-84.3745625,Georgia,Grady Memorial Hospital,Comprehensive Stroke Center,-84.38242,33.752320000000005,18.43536379,173,2018,"Census Tract 404.14, Clayton County, Georgia",40414,13,63,13063040414,2111,1081,1030,26.9,155,2075.0,0.0,0.0,994.0,0.0,420.0,661.0,0.0,719.0,391.0,21793.0,2075.0,209.0,146.0,412.0,207.0,140.0,111.0,16.0,10.0,2111,1542,569,13,63,40414,2602.959309,20265.806000000004,35
1318,29291,29600,GA,13121010001,1.561,33.8625134,-84.3754032,Georgia,Emory University Hospital,Comprehensive Stroke Center,-84.32186,33.792320000000004,9.229634754,855,2018,"Census Tract 100.01, Fulton County, Georgia",10001,13,121,13121010001,4834,2449,2385,39.4,613,4622.0,0.0,507.0,534.0,0.0,29.0,3552.0,84.0,85.0,3496.0,60024.0,4706.0,400.0,255.0,267.0,201.0,414.0,420.0,113.0,1593.0,4834,4666,168,13,121,10001,3096.732864,11220.421000000002,55
1319,29292,29601,GA,13121009603,0.725,33.8343705,-84.37575720000001,Georgia,Emory University Hospital,Comprehensive Stroke Center,-84.32186,33.792320000000004,6.8305427729999995,852,2018,"Census Tract 96.03, Fulton County, Georgia",9603,13,121,13121009603,4655,2311,2344,34.7,575,4500.0,0.0,168.0,841.0,0.0,81.0,3410.0,136.0,227.0,3243.0,64244.0,4636.0,295.0,188.0,335.0,319.0,480.0,393.0,335.0,1649.0,4655,4275,380,13,121,9603,6420.689655,8449.985999999999,48
1320,29293,29602,GA,13057090100,68.77199999999999,34.3420106,-84.3763195,Georgia,WellStar Kennestone Regional Medical Center,Comprehensive Stroke Center,-84.55109,33.969758,44.32592304,635,2018,"Census Tract 901, Cherokee County, Georgia",90100,13,57,13057090100,9534,4794,4740,40.7,1582,9162.0,18.0,0.0,238.0,0.0,23.0,8883.0,234.0,209.0,8752.0,35240.0,9367.0,881.0,581.0,1084.0,727.0,1204.0,674.0,373.0,1080.0,9516,8759,757,13,57,90100,138.6320014,49377.852,60
1321,29296,29605,GA,13121009601,0.317,33.846391600000004,-84.3777069,Georgia,Emory University Hospital,Comprehensive Stroke Center,-84.32186,33.792320000000004,7.9185160020000005,850,2018,"Census Tract 96.01, Fulton County, Georgia",9601,13,121,13121009601,2640,1581,1059,28.2,125,2475.0,0.0,122.0,226.0,0.0,32.0,2095.0,120.0,142.0,1953.0,59338.0,2584.0,165.0,96.0,265.0,124.0,298.0,270.0,225.0,851.0,2640,2536,104,13,121,9601,8328.07571,9849.193,53
1322,29297,29606,GA,13121001800,0.354,33.7663445,-84.3780718,Georgia,Grady Memorial Hospital,Comprehensive Stroke Center,-84.38242,33.752320000000005,1.6068839419999998,734,2018,"Census Tract 18, Fulton County, Georgia",1800,13,121,13121001800,4215,2129,2086,37.4,691,4125.0,0.0,261.0,1883.0,0.0,63.0,1918.0,90.0,185.0,1844.0,37978.0,4215.0,871.0,268.0,321.0,389.0,531.0,411.0,256.0,748.0,4215,4049,166,13,121,1800,11906.77966,2381.764,17
1323,29298,29607,GA,13121000400,0.601,33.788324100000004,-84.3785105,Georgia,Grady Memorial Hospital,Comprehensive Stroke Center,-84.38242,33.752320000000005,4.009898426,932,2018,"Census Tract 4, Fulton County, Georgia",400,13,121,13121000400,1910,865,1045,44.6,394,1833.0,0.0,57.0,253.0,0.0,0.0,1523.0,23.0,57.0,1473.0,47260.0,1718.0,237.0,0.0,114.0,135.0,295.0,130.0,53.0,559.0,1910,1840,70,13,121,400,3178.0366059999997,4596.099999999999,29
1324,29300,29609,GA,13063040619,1.41,33.504936199999996,-84.3790981,Georgia,Grady Memorial Hospital,Comprehensive Stroke Center,-84.38242,33.752320000000005,27.44047767,1036,2018,"Census Tract 406.19, Clayton County, Georgia",40619,13,63,13063040619,2453,1189,1264,39.5,182,2372.0,0.0,29.0,1793.0,0.0,60.0,490.0,47.0,484.0,102.0,27441.0,2403.0,288.0,211.0,283.0,274.0,332.0,169.0,82.0,173.0,2453,2049,404,13,63,40619,1739.716312,30660.360000000004,70
1325,29301,29610,GA,13063040415,1.567,33.57246,-84.3791989,Georgia,Grady Memorial Hospital,Comprehensive Stroke Center,-84.38242,33.752320000000005,19.95164316,174,2018,"Census Tract 404.15, Clayton County, Georgia",40415,13,63,13063040415,6335,3321,3014,26.8,317,6116.0,0.0,65.0,4371.0,0.0,360.0,1320.0,84.0,1534.0,324.0,20841.0,6200.0,931.0,516.0,673.0,553.0,478.0,522.0,17.0,35.0,6335,4286,2049,13,63,40415,4042.75686,22464.033000000007,40
1326,29302,29611,GA,13121002800,0.289,33.758086999999996,-84.37939899999999,Georgia,Grady Memorial Hospital,Comprehensive Stroke Center,-84.38242,33.752320000000005,0.698218995,698,2018,"Census Tract 28, Fulton County, Georgia",2800,13,121,13121002800,5188,2286,2902,21.0,261,4993.0,21.0,324.0,3007.0,0.0,57.0,1584.0,187.0,362.0,1370.0,14199.0,2414.0,1478.0,115.0,515.0,150.0,210.0,326.0,73.0,269.0,5188,4771,417,13,121,2800,17951.557090000002,649.893,5
1327,29303,29612,GA,13121004900,0.42200000000000004,33.740912200000004,-84.3794478,Georgia,Grady Memorial Hospital,Comprehensive Stroke Center,-84.38242,33.752320000000005,1.294951768,749,2018,"Census Tract 49, Fulton County, Georgia",4900,13,121,13121004900,2645,1450,1195,36.3,282,2441.0,0.0,56.0,887.0,0.0,10.0,1488.0,143.0,143.0,1397.0,47961.0,2584.0,319.0,163.0,177.0,200.0,178.0,285.0,134.0,556.0,2645,2340,305,13,121,4900,6267.772512,1588.621,13
1328,29304,29613,GA,13121010210,1.76,33.9525466,-84.3796136,Georgia,WellStar Kennestone Regional Medical Center,Comprehensive Stroke Center,-84.55109,33.969758,15.96358518,1026,2018,"Census Tract 102.10, Fulton County, Georgia",10210,13,121,13121010210,6618,3304,3314,36.5,756,6488.0,0.0,222.0,1307.0,7.0,273.0,4679.0,46.0,823.0,3992.0,45739.0,6534.0,372.0,215.0,781.0,539.0,767.0,573.0,388.0,1194.0,6618,5962,656,13,121,10210,3760.2272729999995,19777.22299999999,62
1329,29306,29615,GA,13121001201,0.21899999999999997,33.7763742,-84.38030490000001,Georgia,Grady Memorial Hospital,Comprehensive Stroke Center,-84.38242,33.752320000000005,2.67523231,833,2018,"Census Tract 12.01, Fulton County, Georgia",1201,13,121,13121001201,4265,2255,2010,32.7,323,4100.0,2.0,326.0,619.0,0.0,57.0,3096.0,114.0,169.0,2992.0,49606.0,4188.0,338.0,0.0,442.0,618.0,578.0,582.0,148.0,1223.0,4265,4114,151,13,121,1201,19474.88584,3006.31,24
1330,29309,29618,GA,13121009300,0.9329999999999999,33.8212723,-84.3808773,Georgia,Emory University Hospital,Comprehensive Stroke Center,-84.32186,33.792320000000004,6.338360516,787,2018,"Census Tract 93, Fulton County, Georgia",9300,13,121,13121009300,5117,2378,2739,33.7,704,5000.0,9.0,136.0,140.0,0.0,23.0,4692.0,39.0,548.0,4167.0,60235.0,5039.0,375.0,215.0,228.0,356.0,568.0,416.0,169.0,1681.0,5104,4573,531,13,121,9300,5484.458735,7591.602999999999,41
1331,29310,29619,GA,13121007300,2.94,33.672717,-84.3812442,Georgia,Grady Memorial Hospital,Comprehensive Stroke Center,-84.38242,33.752320000000005,8.830014884,781,2018,"Census Tract 73, Fulton County, Georgia",7300,13,121,13121007300,7513,2653,4860,32.2,851,7108.0,0.0,0.0,6697.0,0.0,119.0,292.0,333.0,101.0,218.0,18878.0,7439.0,1291.0,715.0,915.0,849.0,686.0,131.0,22.0,199.0,7513,5567,1946,13,121,7300,2555.442177,10332.095999999998,32
1332,29314,29623,GA,13121011900,0.5820000000000001,33.7538839,-84.3825135,Georgia,Grady Memorial Hospital,Comprehensive Stroke Center,-84.38242,33.752320000000005,0.173680737,249,2018,"Census Tract 119, Fulton County, Georgia",11900,13,121,13121011900,3334,1654,1680,30.9,547,3240.0,2.0,121.0,1898.0,0.0,0.0,1219.0,45.0,167.0,1090.0,19795.0,2617.0,706.0,314.0,377.0,142.0,438.0,172.0,166.0,244.0,3334,3059,275,13,121,11900,5728.522336999999,294.408,3
1333,29315,29624,GA,13057090802,17.078,34.169317799999995,-84.38272990000002,Georgia,WellStar Kennestone Regional Medical Center,Comprehensive Stroke Center,-84.55109,33.969758,27.04675854,1632,2018,"Census Tract 908.02, Cherokee County, Georgia",90802,13,57,13057090802,7326,3472,3854,41.8,987,7150.0,0.0,68.0,170.0,0.0,0.0,6912.0,110.0,326.0,6696.0,41420.0,7220.0,932.0,316.0,517.0,466.0,796.0,625.0,159.0,1235.0,7326,6743,583,13,57,90802,428.9729477,33593.767000000014,81
1334,29318,29627,GA,13121001100,0.182,33.784163299999996,-84.38301690000002,Georgia,Grady Memorial Hospital,Comprehensive Stroke Center,-84.38242,33.752320000000005,3.5324345260000003,732,2018,"Census Tract 11, Fulton County, Georgia",1100,13,121,13121001100,4554,2408,2146,36.8,244,4311.0,52.0,443.0,272.0,0.0,59.0,3485.0,203.0,186.0,3380.0,84593.0,4514.0,169.0,147.0,243.0,145.0,175.0,536.0,361.0,2226.0,4530,4375,155,13,121,1100,25021.97802,3762.18,22
1335,29321,29630,GA,13121005501,0.461,33.729867,-84.38373709999999,Georgia,Grady Memorial Hospital,Comprehensive Stroke Center,-84.38242,33.752320000000005,2.493424316,706,2018,"Census Tract 55.01, Fulton County, Georgia",5501,13,121,13121005501,2349,1144,1205,29.2,161,2250.0,6.0,63.0,1723.0,0.0,0.0,458.0,41.0,139.0,379.0,19129.0,2291.0,538.0,172.0,244.0,153.0,153.0,160.0,57.0,120.0,2349,2007,342,13,121,5501,5095.444685,3293.640999999999,22
1336,29322,29631,GA,13121004800,0.152,33.7443311,-84.3839375,Georgia,Grady Memorial Hospital,Comprehensive Stroke Center,-84.38242,33.752320000000005,0.897197758,699,2018,"Census Tract 48, Fulton County, Georgia",4800,13,121,13121004800,1144,577,567,31.4,131,1135.0,0.0,120.0,768.0,0.0,17.0,230.0,9.0,30.0,230.0,19907.0,1144.0,178.0,85.0,215.0,93.0,107.0,78.0,15.0,21.0,1144,984,160,13,121,4800,7526.315789,1468.1479999999997,11
1337,29324,29633,GA,13121010212,1.258,33.9021495,-84.38428859999999,Georgia,Emory University Hospital,Comprehensive Stroke Center,-84.32186,33.792320000000004,13.48293743,89,2018,"Census Tract 102.12, Fulton County, Georgia",10212,13,121,13121010212,5464,2687,2777,33.0,526,5246.0,728.0,208.0,275.0,5.0,220.0,3810.0,195.0,2414.0,2533.0,33391.0,5441.0,354.0,190.0,778.0,467.0,538.0,254.0,155.0,730.0,5464,4141,1323,13,121,10212,4343.402226,15950.650000000005,65
1338,29328,29637,GA,13121001202,0.18600000000000003,33.776784,-84.3851556,Georgia,Grady Memorial Hospital,Comprehensive Stroke Center,-84.38242,33.752320000000005,2.725309704,834,2018,"Census Tract 12.02, Fulton County, Georgia",1202,13,121,13121001202,4597,2817,1780,34.4,295,4463.0,29.0,306.0,764.0,0.0,158.0,3206.0,109.0,308.0,3013.0,62728.0,4572.0,363.0,104.0,309.0,309.0,578.0,524.0,358.0,1660.0,4578,4482,96,13,121,1202,24715.05376,2867.9509999999996,21
1339,29329,29638,GA,13121000500,1.273,33.7961563,-84.38536690000001,Georgia,Grady Memorial Hospital,Comprehensive Stroke Center,-84.38242,33.752320000000005,4.869904683,703,2018,"Census Tract 5, Fulton County, Georgia",500,13,121,13121000500,5317,2738,2579,31.4,250,5051.0,0.0,295.0,1210.0,12.0,93.0,3441.0,266.0,339.0,3263.0,46672.0,4958.0,434.0,219.0,344.0,467.0,795.0,206.0,228.0,1467.0,5317,4954,363,13,121,500,4176.74784,5073.883,29
1340,29333,29642,GA,13121009502,0.721,33.841987700000004,-84.38606829999999,Georgia,Emory University Hospital,Comprehensive Stroke Center,-84.32186,33.792320000000004,8.104801088,849,2018,"Census Tract 95.02, Fulton County, Georgia",9502,13,121,13121009502,3447,1572,1875,44.6,870,3368.0,0.0,233.0,554.0,8.0,13.0,2560.0,79.0,83.0,2495.0,51875.0,3238.0,199.0,233.0,275.0,255.0,323.0,494.0,119.0,849.0,3238,3171,67,13,121,9502,4780.859917,9940.766,57
1341,29335,29644,GA,13121009102,0.607,33.806760600000004,-84.3865964,Georgia,Grady Memorial Hospital,Comprehensive Stroke Center,-84.38242,33.752320000000005,6.05084246,845,2018,"Census Tract 91.02, Fulton County, Georgia",9102,13,121,13121009102,3369,1647,1722,34.0,428,3153.0,0.0,234.0,629.0,0.0,16.0,2274.0,216.0,180.0,2205.0,59125.0,3258.0,252.0,183.0,222.0,292.0,272.0,334.0,89.0,1106.0,3258,3091,167,13,121,9102,5550.247117,6874.514999999998,37
1342,29336,29645,GA,13121005502,0.657,33.7162175,-84.38676509999999,Georgia,Grady Memorial Hospital,Comprehensive Stroke Center,-84.38242,33.752320000000005,4.0245968539999994,938,2018,"Census Tract 55.02, Fulton County, Georgia",5502,13,121,13121005502,2887,975,1912,29.6,253,2866.0,0.0,0.0,2659.0,0.0,0.0,207.0,0.0,0.0,207.0,17886.0,2843.0,391.0,278.0,265.0,232.0,195.0,104.0,32.0,82.0,2887,2546,341,13,121,5502,4394.216134,4782.910999999999,27
1343,29337,29646,GA,13121007001,1.761,33.6915165,-84.38680550000001,Georgia,Grady Memorial Hospital,Comprehensive Stroke Center,-84.38242,33.752320000000005,6.7564022889999995,731,2018,"Census Tract 70.01, Fulton County, Georgia",7001,13,121,13121007001,5002,2044,2958,32.7,507,4887.0,2.0,0.0,4613.0,0.0,169.0,103.0,23.0,264.0,102.0,17358.0,4910.0,964.0,335.0,644.0,354.0,417.0,128.0,11.0,60.0,4990,3995,995,13,121,7001,2840.431573,7889.596999999999,32
1344,29338,29647,GA,13063040306,1.6869999999999998,33.6042708,-84.38691290000001,Georgia,Grady Memorial Hospital,Comprehensive Stroke Center,-84.38242,33.752320000000005,16.4263968,170,2018,"Census Tract 403.06, Clayton County, Georgia",40306,13,63,13063040306,4289,2215,2074,25.5,203,3885.0,9.0,71.0,2349.0,127.0,518.0,811.0,208.0,1311.0,65.0,20871.0,4093.0,534.0,225.0,571.0,455.0,263.0,48.0,12.0,52.0,4289,3181,1108,13,63,40306,2542.382928,18194.986,32
1345,29339,29648,GA,13121001900,0.392,33.7661809,-84.3873376,Georgia,Grady Memorial Hospital,Comprehensive Stroke Center,-84.38242,33.752320000000005,1.603506703,538,2018,"Census Tract 19, Fulton County, Georgia",1900,13,121,13121001900,5060,2948,2112,21.9,97,4823.0,43.0,797.0,1640.0,11.0,33.0,2299.0,237.0,287.0,2148.0,13078.0,2293.0,1573.0,177.0,277.0,158.0,236.0,255.0,80.0,581.0,5060,4573,487,13,121,1900,12908.163270000001,1831.4400000000005,9
1346,29340,29649,GA,13063040516,1.702,33.530809600000005,-84.38735279999999,Georgia,Grady Memorial Hospital,Comprehensive Stroke Center,-84.38242,33.752320000000005,24.57329327,658,2018,"Census Tract 405.16, Clayton County, Georgia",40516,13,63,13063040516,6431,2905,3526,30.0,496,6362.0,0.0,355.0,5228.0,0.0,274.0,505.0,56.0,641.0,354.0,26167.0,6418.0,741.0,416.0,700.0,712.0,537.0,357.0,93.0,256.0,6431,5221,1210,13,63,40516,3778.4958869999996,28682.573,72
1347,29346,29655,GA,13121011418,4.109,34.0392348,-84.38979690000001,Georgia,WellStar Kennestone Regional Medical Center,Comprehensive Stroke Center,-84.55109,33.969758,16.77521599,217,2018,"Census Tract 114.18, Fulton County, Georgia",11418,13,121,13121011418,6238,3092,3146,45.0,1178,6236.0,0.0,9.0,314.0,0.0,0.0,5913.0,2.0,204.0,5709.0,61058.0,6051.0,672.0,264.0,270.0,254.0,312.0,469.0,111.0,1964.0,6051,5969,82,13,121,11418,1518.130932,22111.858999999993,81
1348,29347,29656,GA,13063040308,3.575,33.6341183,-84.39000279999999,Georgia,Grady Memorial Hospital,Comprehensive Stroke Center,-84.38242,33.752320000000005,13.12939763,172,2018,"Census Tract 403.08, Clayton County, Georgia",40308,13,63,13063040308,4442,2280,2162,39.4,670,4174.0,7.0,219.0,2132.0,0.0,489.0,1327.0,199.0,1199.0,759.0,15724.0,3979.0,847.0,720.0,750.0,350.0,338.0,85.0,20.0,159.0,4029,2867,1162,13,63,40308,1242.517483,14520.449999999997,30
1349,29348,29657,GA,13121001001,0.361,33.7828223,-84.3902405,Georgia,Grady Memorial Hospital,Comprehensive Stroke Center,-84.38242,33.752320000000005,3.459954712,831,2018,"Census Tract 10.01, Fulton County, Georgia",1001,13,121,13121001001,2766,1784,982,26.0,53,2620.0,10.0,724.0,361.0,0.0,31.0,1494.0,138.0,136.0,1422.0,30290.0,1653.0,454.0,124.0,214.0,295.0,163.0,198.0,39.0,520.0,2766,2593,173,13,121,1001,7662.0498609999995,3747.419,15
1350,29349,29658,GA,13063040521,1.014,33.5697628,-84.3905458,Georgia,Grady Memorial Hospital,Comprehensive Stroke Center,-84.38242,33.752320000000005,20.26258655,358,2018,"Census Tract 405.21, Clayton County, Georgia",40521,13,63,13063040521,3424,1481,1943,30.9,274,3203.0,0.0,146.0,2507.0,0.0,145.0,405.0,183.0,282.0,354.0,20221.0,3386.0,562.0,288.0,464.0,154.0,317.0,198.0,20.0,95.0,3424,2707,717,13,63,40521,3376.7258380000003,23304.817000000006,46
1351,29351,29660,GA,13121011423,2.498,34.0212455,-84.391009,Georgia,WellStar Kennestone Regional Medical Center,Comprehensive Stroke Center,-84.55109,33.969758,15.85420286,222,2018,"Census Tract 114.23, Fulton County, Georgia",11423,13,121,13121011423,5002,2510,2492,40.4,635,4731.0,11.0,141.0,289.0,8.0,84.0,4198.0,227.0,247.0,3982.0,55895.0,4958.0,376.0,157.0,375.0,295.0,342.0,442.0,196.0,1340.0,5002,4763,239,13,121,11423,2002.4019219999998,19870.216999999997,79
1352,29353,29662,GA,13063040518,1.365,33.5103898,-84.39129969999999,Georgia,Grady Memorial Hospital,Comprehensive Stroke Center,-84.38242,33.752320000000005,26.84651322,7,2018,"Census Tract 405.18, Clayton County, Georgia",40518,13,63,13063040518,5366,2256,3110,33.1,368,5174.0,53.0,13.0,4280.0,0.0,71.0,757.0,168.0,440.0,407.0,20766.0,5312.0,698.0,436.0,857.0,539.0,560.0,129.0,54.0,78.0,5366,4102,1264,13,63,40518,3931.1355310000004,30415.579,75
1353,29356,29665,GA,13063040524,2.072,33.5526754,-84.3915052,Georgia,Grady Memorial Hospital,Comprehensive Stroke Center,-84.38242,33.752320000000005,22.15983588,1030,2018,"Census Tract 405.24, Clayton County, Georgia",40524,13,63,13063040524,7830,3374,4456,33.7,666,7769.0,0.0,287.0,6549.0,0.0,186.0,747.0,10.0,576.0,546.0,23390.0,7714.0,1441.0,475.0,837.0,795.0,922.0,392.0,112.0,179.0,7830,6941,889,13,63,40524,3778.957529,25485.510000000002,63
1354,29357,29666,GA,13121003500,0.5429999999999999,33.750944399999995,-84.3916567,Georgia,Grady Memorial Hospital,Comprehensive Stroke Center,-84.38242,33.752320000000005,0.8693010109999999,935,2018,"Census Tract 35, Fulton County, Georgia",3500,13,121,13121003500,2022,1477,545,42.3,98,1955.0,9.0,18.0,1189.0,0.0,0.0,739.0,67.0,89.0,698.0,11458.0,1647.0,764.0,114.0,129.0,45.0,147.0,122.0,56.0,221.0,1647,1002,645,13,121,3500,3723.756906,1314.8200000000002,9
1355,29358,29667,GA,13121009900,2.9960000000000004,33.8613359,-84.3918503,Georgia,Emory University Hospital,Comprehensive Stroke Center,-84.32186,33.792320000000004,10.0290126,947,2018,"Census Tract 99, Fulton County, Georgia",9900,13,121,13121009900,5280,2771,2509,37.1,556,5099.0,0.0,70.0,40.0,0.0,0.0,4989.0,97.0,87.0,4902.0,68306.0,5196.0,344.0,108.0,229.0,324.0,269.0,372.0,205.0,1701.0,5280,5148,132,13,121,9900,1762.3498,11742.518000000002,53
1356,29359,29668,GA,13121012000,0.889,33.7361403,-84.39282299999999,Georgia,Grady Memorial Hospital,Comprehensive Stroke Center,-84.38242,33.752320000000005,2.037117319,250,2018,"Census Tract 120, Fulton County, Georgia",12000,13,121,13121012000,3019,1599,1420,35.2,173,2939.0,16.0,0.0,2622.0,0.0,13.0,288.0,63.0,90.0,227.0,17423.0,2977.0,580.0,301.0,403.0,329.0,253.0,135.0,0.0,75.0,2994,2357,637,13,121,12000,3395.950506,3392.0939999999996,22
1357,29361,29670,GA,13121002100,0.3,33.7655158,-84.3948076,Georgia,Grady Memorial Hospital,Comprehensive Stroke Center,-84.38242,33.752320000000005,1.859939611,1022,2018,"Census Tract 21, Fulton County, Georgia",2100,13,121,13121002100,2463,1438,1025,36.7,95,2435.0,0.0,183.0,1522.0,0.0,7.0,723.0,21.0,72.0,680.0,19564.0,2456.0,590.0,183.0,220.0,133.0,207.0,142.0,28.0,288.0,2463,1873,590,13,121,2100,8210.0,2260.3689999999997,16
1358,29362,29671,GA,13121009101,0.657,33.8093237,-84.395033,Georgia,Grady Memorial Hospital,Comprehensive Stroke Center,-84.38242,33.752320000000005,6.429780501000001,844,2018,"Census Tract 91.01, Fulton County, Georgia",9101,13,121,13121009101,5270,2391,2879,33.5,731,4859.0,0.0,461.0,751.0,0.0,46.0,3601.0,291.0,72.0,3571.0,58477.0,5150.0,512.0,276.0,328.0,265.0,683.0,546.0,377.0,1737.0,5270,5032,238,13,121,9101,8021.30898,6763.278999999999,39
1359,29363,29672,GA,13121006700,1.306,33.7021727,-84.3954527,Georgia,Grady Memorial Hospital,Comprehensive Stroke Center,-84.38242,33.752320000000005,5.691846632000001,543,2018,"Census Tract 67, Fulton County, Georgia",6700,13,121,13121006700,4031,1819,2212,36.5,609,3966.0,0.0,5.0,3798.0,0.0,26.0,137.0,23.0,48.0,116.0,16617.0,3989.0,905.0,349.0,529.0,371.0,203.0,119.0,64.0,197.0,4031,3278,753,13,121,6700,3086.523737,7151.181999999999,24
1360,29364,29673,GA,13063040525,0.8959999999999999,33.4980413,-84.3954969,Georgia,Grady Memorial Hospital,Comprehensive Stroke Center,-84.38242,33.752320000000005,28.22957284,1031,2018,"Census Tract 405.25, Clayton County, Georgia",40525,13,63,13063040525,3176,1401,1775,33.4,356,3069.0,0.0,48.0,2725.0,0.0,78.0,218.0,95.0,159.0,144.0,25341.0,3152.0,355.0,217.0,372.0,317.0,332.0,175.0,38.0,100.0,3171,2583,588,13,63,40525,3544.642857,31812.280000000002,96
1361,29365,29674,GA,13121010211,1.4780000000000002,33.881268299999995,-84.3956762,Georgia,Emory University Hospital,Comprehensive Stroke Center,-84.32186,33.792320000000004,12.00095786,88,2018,"Census Tract 102.11, Fulton County, Georgia",10211,13,121,13121010211,2691,1357,1334,44.8,387,2678.0,0.0,54.0,68.0,0.0,0.0,2556.0,0.0,50.0,2518.0,71346.0,2650.0,132.0,186.0,135.0,77.0,169.0,147.0,47.0,863.0,2663,2581,82,13,121,10211,1820.703654,14198.876000000002,63
1362,29366,29675,GA,13067030319,2.665,33.965725899999995,-84.39590559999999,Georgia,WellStar Kennestone Regional Medical Center,Comprehensive Stroke Center,-84.55109,33.969758,14.34906512,565,2018,"Census Tract 303.19, Cobb County, Georgia",30319,13,67,13067030319,4436,2272,2164,45.2,738,4317.0,0.0,500.0,151.0,0.0,23.0,3643.0,111.0,246.0,3472.0,50850.0,4428.0,358.0,86.0,238.0,400.0,351.0,386.0,99.0,1033.0,4436,4118,318,13,67,30319,1664.540338,16935.561,72
1363,29367,29676,GA,13121009501,1.739,33.830825,-84.3962959,Georgia,Emory University Hospital,Comprehensive Stroke Center,-84.32186,33.792320000000004,8.107962226,848,2018,"Census Tract 95.01, Fulton County, Georgia",9501,13,121,13121009501,3617,1634,1983,55.0,1105,3572.0,0.0,44.0,27.0,0.0,0.0,3501.0,25.0,37.0,3478.0,72311.0,3597.0,235.0,154.0,218.0,177.0,260.0,192.0,174.0,1304.0,3617,3617,0,13,121,9501,2079.9309949999997,10330.373999999998,55
1364,29376,29685,GA,13067030337,1.757,33.9790594,-84.3993265,Georgia,WellStar Kennestone Regional Medical Center,Comprehensive Stroke Center,-84.55109,33.969758,14.06273838,554,2018,"Census Tract 303.37, Cobb County, Georgia",30337,13,67,13067030337,4606,2285,2321,43.9,814,4529.0,0.0,308.0,185.0,0.0,45.0,3991.0,39.0,231.0,3825.0,62688.0,4568.0,400.0,162.0,310.0,161.0,279.0,233.0,154.0,1317.0,4606,4571,35,13,67,30337,2621.5139440000003,19045.908999999992,85
1365,29377,29686,GA,13121001002,0.6809999999999999,33.776353799999995,-84.3995123,Georgia,Grady Memorial Hospital,Comprehensive Stroke Center,-84.38242,33.752320000000005,3.10058241,832,2018,"Census Tract 10.02, Fulton County, Georgia",1002,13,121,13121001002,7063,4581,2482,20.0,0,6809.0,73.0,1479.0,1648.0,0.0,108.0,3501.0,254.0,558.0,3220.0,3775.0,883.0,2659.0,263.0,337.0,184.0,81.0,66.0,40.0,45.0,7063,6890,173,13,121,1002,10371.51248,3982.844999999999,21
1366,29378,29687,GA,13121006300,0.512,33.72376129999999,-84.39970490000002,Georgia,Grady Memorial Hospital,Comprehensive Stroke Center,-84.38242,33.752320000000005,3.549604193,940,2018,"Census Tract 63, Fulton County, Georgia",6300,13,121,13121006300,1389,703,686,35.0,179,1328.0,0.0,15.0,1204.0,0.0,7.0,102.0,61.0,14.0,102.0,16979.0,1389.0,369.0,112.0,109.0,174.0,91.0,82.0,0.0,63.0,1389,1042,347,13,121,6300,2712.890625,4821.035999999999,24
1367,29381,29690,GA,13121010205,2.545,33.919412799999996,-84.4006248,Georgia,WellStar Kennestone Regional Medical Center,Comprehensive Stroke Center,-84.55109,33.969758,14.98883533,533,2018,"Census Tract 102.05, Fulton County, Georgia",10205,13,121,13121010205,5350,2331,3019,44.8,1169,5143.0,0.0,155.0,142.0,0.0,0.0,4846.0,151.0,230.0,4616.0,54531.0,5294.0,514.0,250.0,529.0,306.0,293.0,546.0,75.0,1540.0,5350,5202,148,13,121,10205,2102.1611,19417.569999999992,37
1368,29383,29692,GA,13121004400,0.319,33.740758500000005,-84.401777,Georgia,Grady Memorial Hospital,Comprehensive Stroke Center,-84.38242,33.752320000000005,2.2048674,796,2018,"Census Tract 44, Fulton County, Georgia",4400,13,121,13121004400,2654,878,1776,27.5,200,2445.0,0.0,0.0,2267.0,0.0,0.0,178.0,197.0,64.0,114.0,14331.0,2642.0,529.0,374.0,360.0,137.0,173.0,26.0,38.0,41.0,2654,2091,563,13,121,4400,8319.749216,3121.77,18
1369,29385,29694,GA,13063040522,1.931,33.587053499999996,-84.40216269999999,Georgia,Grady Memorial Hospital,Comprehensive Stroke Center,-84.38242,33.752320000000005,18.42198552,1028,2018,"Census Tract 405.22, Clayton County, Georgia",40522,13,63,13063040522,4833,2541,2292,30.9,475,4621.0,0.0,399.0,3320.0,0.0,238.0,664.0,106.0,521.0,420.0,22317.0,4521.0,590.0,412.0,769.0,535.0,434.0,240.0,9.0,83.0,4680,3982,698,13,63,40522,2502.8482649999996,22237.899000000005,48
1370,29388,29697,GA,13121002600,0.369,33.758793700000005,-84.4026285,Georgia,Grady Memorial Hospital,Comprehensive Stroke Center,-84.38242,33.752320000000005,2.0052581330000003,795,2018,"Census Tract 26, Fulton County, Georgia",2600,13,121,13121002600,1565,742,823,27.6,68,1538.0,0.0,22.0,1460.0,0.0,38.0,18.0,6.0,23.0,14.0,20794.0,1520.0,222.0,112.0,227.0,89.0,157.0,47.0,26.0,59.0,1565,1303,262,13,121,2600,4241.192411999999,3165.0779999999995,25
1371,29390,29699,GA,13121003600,0.152,33.751873100000005,-84.4029233,Georgia,Grady Memorial Hospital,Comprehensive Stroke Center,-84.38242,33.752320000000005,1.90032437,736,2018,"Census Tract 36, Fulton County, Georgia",3600,13,121,13121003600,1498,973,525,29.0,136,1347.0,0.0,14.0,1183.0,0.0,0.0,150.0,151.0,15.0,135.0,23906.0,1402.0,213.0,242.0,138.0,129.0,126.0,60.0,81.0,183.0,1498,1210,288,13,121,3600,9855.263158,2619.229999999999,20
1372,29392,29701,GA,13121005700,0.321,33.7319561,-84.403266,Georgia,Grady Memorial Hospital,Comprehensive Stroke Center,-84.38242,33.752320000000005,2.972051268,707,2018,"Census Tract 57, Fulton County, Georgia",5700,13,121,13121005700,1704,892,812,27.9,172,1652.0,0.0,6.0,1598.0,0.0,0.0,48.0,37.0,13.0,43.0,14805.0,1651.0,396.0,206.0,228.0,98.0,146.0,71.0,17.0,32.0,1704,1453,251,13,121,5700,5308.411215,4020.617999999999,26
1373,29393,29702,GA,13121011506,4.269,34.079931200000004,-84.4033555,Georgia,WellStar Kennestone Regional Medical Center,Comprehensive Stroke Center,-84.55109,33.969758,18.31711794,230,2018,"Census Tract 115.06, Fulton County, Georgia",11506,13,121,13121011506,6105,3194,2911,44.7,982,5909.0,0.0,60.0,357.0,4.0,0.0,5488.0,163.0,202.0,5288.0,52987.0,6065.0,723.0,292.0,285.0,459.0,322.0,320.0,179.0,1780.0,6105,5539,566,13,121,11506,1430.077301,20848.812,90
1374,29397,29706,GA,13121000600,0.563,33.785386200000005,-84.4056539,Georgia,Grady Memorial Hospital,Comprehensive Stroke Center,-84.38242,33.752320000000005,4.252506887,934,2018,"Census Tract 6, Fulton County, Georgia",600,13,121,13121000600,7646,5078,2568,24.1,124,7434.0,8.0,1959.0,1339.0,15.0,141.0,3972.0,212.0,439.0,3702.0,23269.0,6491.0,1602.0,481.0,692.0,534.0,454.0,649.0,210.0,820.0,7646,6799,847,13,121,600,13580.81705,4801.566000000001,28
1375,29400,29709,GA,13121007400,0.898,33.678910200000004,-84.4070935,Georgia,Grady Memorial Hospital,Comprehensive Stroke Center,-84.38242,33.752320000000005,8.457504417,798,2018,"Census Tract 74, Fulton County, Georgia",7400,13,121,13121007400,3540,1896,1644,33.4,652,3473.0,0.0,11.0,2702.0,0.0,511.0,249.0,25.0,575.0,191.0,14345.0,3143.0,613.0,549.0,497.0,260.0,239.0,25.0,7.0,13.0,3161,2492,669,13,121,7400,3942.0935409999997,10244.876999999999,23
1376,29404,29713,GA,13063040515,2.287,33.5313286,-84.40796170000002,Georgia,Grady Memorial Hospital,Comprehensive Stroke Center,-84.38242,33.752320000000005,24.62573162,0,2018,"Census Tract 405.15, Clayton County, Georgia",40515,13,63,13063040515,7183,3230,3953,32.7,638,6802.0,0.0,70.0,5457.0,0.0,598.0,677.0,273.0,895.0,380.0,27538.0,7069.0,855.0,337.0,870.0,822.0,884.0,611.0,146.0,99.0,7177,6031,1146,13,63,40515,3140.795802,27767.850000000002,70
1377,29406,29715,GA,13121011800,0.731,33.7708994,-84.40878719999999,Georgia,Grady Memorial Hospital,Comprehensive Stroke Center,-84.38242,33.752320000000005,3.1958883080000002,248,2018,"Census Tract 118, Fulton County, Georgia",11800,13,121,13121011800,2148,913,1235,25.6,99,2111.0,0.0,151.0,1593.0,0.0,24.0,343.0,37.0,120.0,300.0,23284.0,2148.0,323.0,160.0,191.0,237.0,155.0,107.0,33.0,72.0,2148,1648,500,13,121,11800,2938.440492,3950.6719999999996,30
1378,29408,29717,GA,13121004300,0.237,33.7453619,-84.40910759999998,Georgia,Grady Memorial Hospital,Comprehensive Stroke Center,-84.38242,33.752320000000005,2.5904027590000003,541,2018,"Census Tract 43, Fulton County, Georgia",4300,13,121,13121004300,3133,669,2464,20.9,31,3060.0,0.0,169.0,2407.0,0.0,25.0,459.0,73.0,113.0,394.0,7821.0,1482.0,1163.0,175.0,209.0,138.0,174.0,71.0,64.0,142.0,3133,2797,336,13,121,4300,13219.40928,3248.8259999999996,23
1379,29409,29718,GA,13063040523,1.043,33.5599525,-84.4092722,Georgia,Grady Memorial Hospital,Comprehensive Stroke Center,-84.38242,33.752320000000005,21.48155033,1029,2018,"Census Tract 405.23, Clayton County, Georgia",40523,13,63,13063040523,3069,1560,1509,33.6,334,2993.0,0.0,178.0,2256.0,0.0,209.0,350.0,44.0,307.0,340.0,23409.0,3037.0,342.0,255.0,431.0,391.0,165.0,226.0,68.0,108.0,3051,2625,426,13,63,40523,2942.473634,23934.479,54
1380,29410,29719,GA,13121010800,2.158,33.66212279999999,-84.40933299999999,Georgia,Grady Memorial Hospital,Comprehensive Stroke Center,-84.38242,33.752320000000005,10.31079741,1017,2018,"Census Tract 108, Fulton County, Georgia",10800,13,121,13121010800,6581,3331,3250,33.0,724,6149.0,0.0,192.0,2554.0,0.0,450.0,2953.0,398.0,1291.0,1826.0,30594.0,6547.0,698.0,565.0,527.0,806.0,942.0,486.0,63.0,405.0,6581,4910,1671,13,121,10800,3049.582947,11558.872,30
1381,29411,29720,GA,13121007500,1.272,33.693485700000004,-84.40979370000001,Georgia,Grady Memorial Hospital,Comprehensive Stroke Center,-84.38242,33.752320000000005,7.00158738,941,2018,"Census Tract 75, Fulton County, Georgia",7500,13,121,13121007500,3412,1436,1976,39.9,473,3295.0,0.0,31.0,2925.0,0.0,24.0,315.0,79.0,43.0,278.0,19412.0,3366.0,689.0,326.0,534.0,347.0,317.0,144.0,44.0,161.0,3412,2702,710,13,121,7500,2682.389937,8328.749999999998,23
1382,29412,29721,GA,13121006500,1.2670000000000001,33.714100200000004,-84.410126,Georgia,Grady Memorial Hospital,Comprehensive Stroke Center,-84.38242,33.752320000000005,4.956180293,729,2018,"Census Tract 65, Fulton County, Georgia",6500,13,121,13121006500,4279,2103,2176,36.6,426,3955.0,8.0,0.0,3065.0,0.0,5.0,877.0,226.0,34.0,850.0,27402.0,4112.0,584.0,171.0,483.0,579.0,298.0,367.0,17.0,221.0,4279,3474,805,13,121,6500,3377.26914,6334.96,34
1383,29413,29722,GA,13121003700,0.035,33.7489883,-84.4101331,Georgia,Grady Memorial Hospital,Comprehensive Stroke Center,-84.38242,33.752320000000005,2.594181296,792,2018,"Census Tract 37, Fulton County, Georgia",3700,13,121,13121003700,148,81,67,72.2,134,148.0,0.0,0.0,148.0,0.0,0.0,0.0,0.0,0.0,0.0,16339.0,148.0,25.0,27.0,41.0,0.0,41.0,0.0,0.0,0.0,148,134,14,13,121,3700,4228.571429,3170.5939999999996,26
1384,29415,29724,GA,13121005800,0.485,33.731861,-84.41059849999999,Georgia,Grady Memorial Hospital,Comprehensive Stroke Center,-84.38242,33.752320000000005,3.459399036,542,2018,"Census Tract 58, Fulton County, Georgia",5800,13,121,13121005800,1698,735,963,33.8,190,1619.0,0.0,49.0,1266.0,0.0,0.0,304.0,58.0,14.0,304.0,21055.0,1605.0,279.0,130.0,160.0,202.0,108.0,92.0,11.0,67.0,1698,1261,437,13,121,5800,3501.030928,4494.065000000001,25
1385,29417,29726,GA,13121009000,1.217,33.814129,-84.41082850000001,Georgia,Grady Memorial Hospital,Comprehensive Stroke Center,-84.38242,33.752320000000005,7.343327196000001,786,2018,"Census Tract 90, Fulton County, Georgia",9000,13,121,13121009000,5300,2782,2518,32.9,280,5118.0,11.0,403.0,430.0,0.0,8.0,4266.0,60.0,148.0,4126.0,63271.0,5178.0,244.0,82.0,246.0,266.0,628.0,436.0,307.0,1447.0,5285,5215,70,13,121,9000,4354.971240999999,8401.536,34
1386,29420,29729,GA,13121003800,0.322,33.750828600000006,-84.412023,Georgia,Grady Memorial Hospital,Comprehensive Stroke Center,-84.38242,33.752320000000005,2.747786397,746,2018,"Census Tract 38, Fulton County, Georgia",3800,13,121,13121003800,4075,2408,1667,20.1,26,3992.0,22.0,270.0,2864.0,0.0,24.0,812.0,83.0,244.0,657.0,3784.0,320.0,1768.0,236.0,132.0,60.0,63.0,10.0,0.0,30.0,4075,3767,308,13,121,3800,12655.2795,3477.3469999999993,25
1387,29421,29730,GA,13067030335,1.995,34.0075935,-84.4120365,Georgia,WellStar Kennestone Regional Medical Center,Comprehensive Stroke Center,-84.55109,33.969758,13.51619631,1866,2018,"Census Tract 303.35, Cobb County, Georgia",30335,13,67,13067030335,4855,2478,2377,44.8,941,4693.0,0.0,237.0,143.0,0.0,39.0,4274.0,97.0,183.0,4091.0,70072.0,4766.0,425.0,176.0,228.0,186.0,284.0,262.0,217.0,1527.0,4855,4787,68,13,67,30335,2433.58396,17635.382999999994,78
1388,29423,29732,GA,13067030336,2.878,33.9904162,-84.4121739,Georgia,WellStar Kennestone Regional Medical Center,Comprehensive Stroke Center,-84.55109,33.969758,13.03964333,751,2018,"Census Tract 303.36, Cobb County, Georgia",30336,13,67,13067030336,7249,3402,3847,44.8,1077,7226.0,0.0,708.0,31.0,49.0,35.0,6403.0,7.0,391.0,6026.0,73408.0,7233.0,679.0,329.0,284.0,178.0,333.0,423.0,146.0,2251.0,7249,6935,314,13,67,30336,2518.76303,15577.095000000001,69
1389,29425,29734,GA,13121002500,0.337,33.7590744,-84.4126613,Georgia,Grady Memorial Hospital,Comprehensive Stroke Center,-84.38242,33.752320000000005,2.900242931,794,2018,"Census Tract 25, Fulton County, Georgia",2500,13,121,13121002500,2438,1135,1303,33.5,278,2367.0,5.0,13.0,2193.0,0.0,20.0,136.0,41.0,63.0,113.0,19811.0,2357.0,442.0,208.0,415.0,277.0,166.0,107.0,43.0,49.0,2438,2050,388,13,121,2500,7234.421365,3755.1849999999995,29
1390,29426,29735,GA,13063040526,1.952,33.5080964,-84.4128313,Georgia,Grady Memorial Hospital,Comprehensive Stroke Center,-84.38242,33.752320000000005,27.23480025,1032,2018,"Census Tract 405.26, Clayton County, Georgia",40526,13,63,13063040526,6896,3565,3331,29.8,545,6717.0,0.0,0.0,5740.0,0.0,0.0,977.0,111.0,993.0,318.0,27329.0,6770.0,487.0,293.0,767.0,790.0,501.0,447.0,85.0,475.0,6896,5731,1165,13,63,40526,3532.786885,30383.793,81
1391,29430,29739,GA,13063040520,0.828,33.598082299999994,-84.4143113,Georgia,Grady Memorial Hospital,Comprehensive Stroke Center,-84.38242,33.752320000000005,17.36126016,178,2018,"Census Tract 405.20, Clayton County, Georgia",40520,13,63,13063040520,4283,2300,1983,28.8,121,3884.0,0.0,59.0,3653.0,0.0,55.0,117.0,241.0,164.0,76.0,28431.0,4110.0,472.0,303.0,421.0,556.0,630.0,198.0,36.0,47.0,4283,3150,1133,13,63,40520,5172.705314,20227.630000000005,47
1392,29431,29740,GA,13121009801,2.182,33.8391503,-84.4145464,Georgia,Emory University Hospital,Comprehensive Stroke Center,-84.32186,33.792320000000004,10.03092641,853,2018,"Census Tract 98.01, Fulton County, Georgia",9801,13,121,13121009801,4543,2193,2350,45.9,1053,4491.0,0.0,126.0,335.0,0.0,0.0,4030.0,9.0,169.0,3915.0,72643.0,4417.0,387.0,191.0,306.0,180.0,172.0,258.0,77.0,1505.0,4460,4381,79,13,121,9801,2082.03483,12536.185000000003,58
1393,29433,29742,GA,13063040202,3.8560000000000003,33.6143004,-84.415514,Georgia,Grady Memorial Hospital,Comprehensive Stroke Center,-84.38242,33.752320000000005,15.6132106,660,2018,"Census Tract 402.02, Clayton County, Georgia",40202,13,63,13063040202,2917,1249,1668,25.7,165,2837.0,0.0,99.0,2287.0,0.0,128.0,323.0,47.0,241.0,216.0,19632.0,2865.0,454.0,217.0,406.0,342.0,158.0,116.0,10.0,13.0,2917,2147,770,13,63,40202,756.4834025,18929.417999999998,40
1394,29434,29743,GA,13113140406,5.1370000000000005,33.46021330000001,-84.4160043,Georgia,Grady Memorial Hospital,Comprehensive Stroke Center,-84.38242,33.752320000000005,32.54868484,652,2018,"Census Tract 1404.06, Fayette County, Georgia",140406,13,113,13113140406,3683,1534,2149,36.6,665,3328.0,101.0,0.0,1121.0,97.0,215.0,1794.0,335.0,389.0,1721.0,25857.0,3663.0,480.0,351.0,448.0,386.0,391.0,228.0,66.0,315.0,3683,3371,312,13,113,140406,716.9554214999999,35863.558,87
1395,29439,29748,GA,13255160600,43.723,33.2454783,-84.4171532,Georgia,Grady Memorial Hospital,Comprehensive Stroke Center,-84.38242,33.752320000000005,56.30809619,1262,2018,"Census Tract 1606, Spalding County, Georgia",160600,13,255,13255160600,3753,1798,1955,47.4,841,3719.0,0.0,0.0,132.0,0.0,4.0,3583.0,0.0,64.0,3519.0,24664.0,3719.0,490.0,368.0,501.0,453.0,304.0,250.0,45.0,282.0,3753,3244,509,13,255,160600,85.83583011,63513.04500000001,93
1396,29441,29750,GA,13067030343,1.751,34.033716,-84.417613,Georgia,WellStar Kennestone Regional Medical Center,Comprehensive Stroke Center,-84.55109,33.969758,14.22615557,1066,2018,"Census Tract 303.43, Cobb County, Georgia",30343,13,67,13067030343,4400,2156,2244,43.7,610,4249.0,31.0,280.0,93.0,0.0,7.0,3838.0,121.0,68.0,3800.0,60592.0,4370.0,492.0,116.0,245.0,166.0,319.0,233.0,188.0,1230.0,4400,4307,93,13,67,30343,2512.8498,17195.965,81
1397,29442,29751,GA,13063040519,0.611,33.591583,-84.4176676,Georgia,Grady Memorial Hospital,Comprehensive Stroke Center,-84.38242,33.752320000000005,18.1255693,177,2018,"Census Tract 405.19, Clayton County, Georgia",40519,13,63,13063040519,5075,2171,2904,28.5,233,4730.0,0.0,0.0,4657.0,0.0,26.0,47.0,192.0,93.0,47.0,21626.0,4814.0,351.0,689.0,927.0,538.0,548.0,148.0,133.0,115.0,5075,3886,1189,13,63,40519,8306.055645999999,21258.947000000007,52
1398,29444,29753,GA,13121004200,0.48200000000000004,33.739042299999994,-84.41818549999999,Georgia,Grady Memorial Hospital,Comprehensive Stroke Center,-84.38242,33.752320000000005,3.626507245,748,2018,"Census Tract 42, Fulton County, Georgia",4200,13,121,13121004200,2453,919,1534,44.1,570,2429.0,0.0,0.0,2271.0,0.0,0.0,158.0,0.0,54.0,129.0,14857.0,2429.0,612.0,325.0,287.0,227.0,138.0,99.0,48.0,125.0,2453,2066,387,13,121,4200,5089.211618,4197.752000000001,19
1399,29445,29754,GA,13121002300,0.436,33.7672497,-84.41863740000001,Georgia,Grady Memorial Hospital,Comprehensive Stroke Center,-84.38242,33.752320000000005,3.741718511,697,2018,"Census Tract 23, Fulton County, Georgia",2300,13,121,13121002300,1459,731,728,39.4,273,1421.0,0.0,0.0,1312.0,0.0,0.0,109.0,32.0,3.0,109.0,17047.0,1453.0,235.0,197.0,272.0,76.0,117.0,53.0,5.0,4.0,1459,1180,279,13,121,2300,3346.330275,4790.833,38
1400,29447,29756,GA,13121008902,2.674,33.7984651,-84.41942990000001,Georgia,Grady Memorial Hospital,Comprehensive Stroke Center,-84.38242,33.752320000000005,6.160309778999999,946,2018,"Census Tract 89.02, Fulton County, Georgia",8902,13,121,13121008902,7307,3815,3492,31.1,273,7131.0,69.0,361.0,2225.0,0.0,16.0,4460.0,17.0,338.0,4182.0,49571.0,7148.0,756.0,318.0,487.0,617.0,849.0,823.0,525.0,1655.0,7307,6815,492,13,121,8902,2732.610322,6582.277999999999,32
1401,29448,29757,GA,13113140407,8.45,33.4376751,-84.41991879999999,Georgia,Grady Memorial Hospital,Comprehensive Stroke Center,-84.38242,33.752320000000005,35.0720121,644,2018,"Census Tract 1404.07, Fayette County, Georgia",140407,13,113,13113140407,8417,4094,4323,40.8,1446,7587.0,0.0,342.0,3073.0,0.0,91.0,4081.0,754.0,401.0,4050.0,34056.0,8062.0,967.0,674.0,720.0,751.0,1064.0,544.0,369.0,1018.0,8107,7287,820,13,113,140407,996.0946746,39169.958000000006,94
1402,29449,29758,GA,13121010204,3.637,33.9220502,-84.420917,Georgia,WellStar Kennestone Regional Medical Center,Comprehensive Stroke Center,-84.55109,33.969758,13.14577335,549,2018,"Census Tract 102.04, Fulton County, Georgia",10204,13,121,13121010204,5161,2495,2666,46.3,1070,5071.0,16.0,110.0,74.0,0.0,0.0,4871.0,76.0,61.0,4810.0,72375.0,5147.0,392.0,186.0,269.0,199.0,269.0,355.0,100.0,1669.0,5151,5050,101,13,121,10204,1419.02667,19282.079999999994,40
1403,29450,29759,GA,13113140408,6.041,33.3953611,-84.4215502,Georgia,Grady Memorial Hospital,Comprehensive Stroke Center,-84.38242,33.752320000000005,39.75832627,636,2018,"Census Tract 1404.08, Fayette County, Georgia",140408,13,113,13113140408,3075,1570,1505,42.7,493,3002.0,0.0,63.0,432.0,0.0,23.0,2484.0,51.0,186.0,2337.0,33750.0,3053.0,405.0,146.0,349.0,234.0,354.0,194.0,42.0,511.0,3075,2886,189,13,113,140408,509.0216852,44097.13400000002,95
1404,29452,29761,GA,13121010206,5.652,33.895981299999995,-84.4216668,Georgia,WellStar Kennestone Regional Medical Center,Comprehensive Stroke Center,-84.55109,33.969758,14.49676713,899,2018,"Census Tract 102.06, Fulton County, Georgia",10206,13,121,13121010206,5703,2649,3054,50.1,1379,5570.0,6.0,359.0,256.0,0.0,0.0,4949.0,49.0,123.0,4836.0,83800.0,5619.0,522.0,136.0,304.0,180.0,365.0,277.0,138.0,2082.0,5679,5646,33,13,121,10206,1009.023355,17277.104,39
1405,29453,29762,GA,13121006200,0.402,33.728483000000004,-84.42173050000001,Georgia,Grady Memorial Hospital,Comprehensive Stroke Center,-84.38242,33.752320000000005,4.501080658999999,728,2018,"Census Tract 62, Fulton County, Georgia",6200,13,121,13121006200,1729,865,864,33.1,129,1724.0,12.0,0.0,1603.0,0.0,0.0,109.0,5.0,11.0,98.0,22487.0,1729.0,207.0,120.0,281.0,274.0,97.0,69.0,51.0,58.0,1729,1491,238,13,121,6200,4300.995025,5586.463999999998,25
1406,29456,29765,GA,13121003900,0.325,33.7500701,-84.42214270000001,Georgia,Grady Memorial Hospital,Comprehensive Stroke Center,-84.38242,33.752320000000005,3.688888625,1025,2018,"Census Tract 39, Fulton County, Georgia",3900,13,121,13121003900,2414,1136,1278,25.8,222,2351.0,0.0,0.0,2310.0,0.0,34.0,7.0,0.0,34.0,7.0,21382.0,2351.0,358.0,136.0,255.0,267.0,231.0,26.0,5.0,63.0,2414,2017,397,13,121,3900,7427.692308,4421.606,29
1407,29457,29766,GA,13121006601,0.7609999999999999,33.7114357,-84.4224569,Georgia,Grady Memorial Hospital,Comprehensive Stroke Center,-84.38242,33.752320000000005,5.859284468999999,730,2018,"Census Tract 66.01, Fulton County, Georgia",6601,13,121,13121006601,1762,903,859,35.8,216,1718.0,0.0,23.0,1401.0,0.0,0.0,294.0,28.0,16.0,282.0,19123.0,1745.0,354.0,177.0,218.0,129.0,118.0,84.0,34.0,129.0,1762,1502,260,13,121,6601,2315.374507,7126.1849999999995,32
1408,29460,29769,GA,13121000700,0.672,33.77996029999999,-84.4233105,Georgia,Grady Memorial Hospital,Comprehensive Stroke Center,-84.38242,33.752320000000005,4.873191761,744,2018,"Census Tract 7, Fulton County, Georgia",700,13,121,13121000700,3414,2965,449,40.5,159,3271.0,33.0,34.0,2229.0,8.0,38.0,929.0,138.0,210.0,830.0,14696.0,953.0,982.0,209.0,295.0,295.0,183.0,119.0,50.0,232.0,966,854,112,13,121,700,5080.357143,6311.7519999999995,36
1409,29464,29773,GA,13121002400,0.522,33.7586698,-84.4248089,Georgia,Grady Memorial Hospital,Comprehensive Stroke Center,-84.38242,33.752320000000005,3.989928315,793,2018,"Census Tract 24, Fulton County, Georgia",2400,13,121,13121002400,2868,1348,1520,30.8,336,2806.0,0.0,0.0,2661.0,0.0,8.0,137.0,22.0,23.0,118.0,16272.0,2759.0,576.0,238.0,372.0,179.0,168.0,92.0,112.0,61.0,2868,2141,727,13,121,2400,5494.252874,5510.232999999997,38
1410,29465,29774,GA,13227050200,18.941,34.4778467,-84.4249459,Georgia,WellStar Kennestone Regional Medical Center,Comprehensive Stroke Center,-84.55109,33.969758,57.54648439,871,2018,"Census Tract 502, Pickens County, Georgia",50200,13,227,13227050200,6520,3294,3226,44.2,1167,6182.0,0.0,48.0,255.0,0.0,0.0,5879.0,338.0,326.0,5553.0,25637.0,6354.0,1029.0,721.0,741.0,661.0,580.0,656.0,158.0,514.0,6354,5403,951,13,227,50200,344.2268096,65489.48100000001,90
1411,29466,29775,GA,13121009802,4.0760000000000005,33.8636555,-84.42505059999999,Georgia,Emory University Hospital,Comprehensive Stroke Center,-84.32186,33.792320000000004,12.40386881,854,2018,"Census Tract 98.02, Fulton County, Georgia",9802,13,121,13121009802,4461,2117,2344,45.1,792,4371.0,0.0,533.0,241.0,0.0,7.0,3590.0,77.0,40.0,3570.0,74563.0,4448.0,381.0,89.0,244.0,176.0,241.0,255.0,183.0,1555.0,4461,4356,105,13,121,9802,1094.455348,15694.126000000006,61
1412,29470,29780,GA,13063040514,1.8359999999999999,33.5377326,-84.42633470000001,Georgia,Grady Memorial Hospital,Comprehensive Stroke Center,-84.38242,33.752320000000005,24.14729974,664,2018,"Census Tract 405.14, Clayton County, Georgia",40514,13,63,13063040514,7858,3154,4704,34.3,734,7489.0,62.0,87.0,6052.0,0.0,489.0,799.0,189.0,1090.0,253.0,25074.0,7634.0,730.0,704.0,1034.0,807.0,607.0,489.0,297.0,281.0,7847,6234,1613,13,63,40514,4279.956427,27555.851000000002,72
1413,29471,29781,GA,13067030334,1.527,33.9714862,-84.426608,Georgia,WellStar Kennestone Regional Medical Center,Comprehensive Stroke Center,-84.55109,33.969758,11.50579673,1533,2018,"Census Tract 303.34, Cobb County, Georgia",30334,13,67,13067030334,3525,1784,1741,46.2,666,3436.0,0.0,281.0,209.0,0.0,25.0,2921.0,81.0,101.0,2872.0,53717.0,3506.0,277.0,123.0,184.0,163.0,266.0,267.0,111.0,820.0,3525,3369,156,13,67,30334,2308.447937,13744.097000000002,59
1414,29473,29783,GA,13121011000,1.093,33.674276299999995,-84.4270054,Georgia,Grady Memorial Hospital,Comprehensive Stroke Center,-84.38242,33.752320000000005,9.592346556,1020,2018,"Census Tract 110, Fulton County, Georgia",11000,13,121,13121011000,3048,1429,1619,31.3,267,2972.0,0.0,0.0,2132.0,0.0,93.0,747.0,15.0,685.0,170.0,19157.0,2939.0,371.0,299.0,436.0,238.0,249.0,45.0,17.0,150.0,3023,2266,757,13,121,11000,2788.6550780000002,12101.357999999998,32
1415,29474,29784,GA,13121011100,1.335,33.688080600000006,-84.4272218,Georgia,Grady Memorial Hospital,Comprehensive Stroke Center,-84.38242,33.752320000000005,8.246990181000001,1021,2018,"Census Tract 111, Fulton County, Georgia",11100,13,121,13121011100,2376,1255,1121,46.8,318,2301.0,0.0,37.0,1243.0,0.0,47.0,974.0,27.0,57.0,964.0,34497.0,2328.0,156.0,157.0,325.0,332.0,327.0,278.0,72.0,258.0,2376,1961,415,13,121,11100,1779.775281,10475.702999999996,32
1416,29475,29785,GA,13063040510,1.169,33.5874245,-84.4273281,Georgia,Grady Memorial Hospital,Comprehensive Stroke Center,-84.38242,33.752320000000005,18.75782055,657,2018,"Census Tract 405.10, Clayton County, Georgia",40510,13,63,13063040510,4048,1588,2460,28.4,327,4018.0,0.0,227.0,3487.0,0.0,105.0,199.0,26.0,105.0,199.0,22266.0,4028.0,493.0,298.0,606.0,443.0,397.0,144.0,77.0,95.0,4032,3035,997,13,63,40510,3462.788708,22434.127000000004,53
1417,29479,29789,GA,13121004100,0.48700000000000004,33.740885,-84.4280836,Georgia,Grady Memorial Hospital,Comprehensive Stroke Center,-84.38242,33.752320000000005,4.417121954,936,2018,"Census Tract 41, Fulton County, Georgia",4100,13,121,13121004100,2135,1164,971,34.9,165,2059.0,0.0,0.0,1842.0,0.0,0.0,217.0,46.0,12.0,212.0,23239.0,2104.0,420.0,95.0,240.0,239.0,179.0,102.0,43.0,130.0,2135,1794,341,13,121,4100,4383.9835729999995,5109.357999999999,22
1418,29482,29792,GA,13121006602,0.245,33.7186105,-84.42866240000001,Georgia,Grady Memorial Hospital,Comprehensive Stroke Center,-84.38242,33.752320000000005,5.687149825,709,2018,"Census Tract 66.02, Fulton County, Georgia",6602,13,121,13121006602,1195,646,549,31.6,87,1182.0,0.0,0.0,1162.0,0.0,18.0,2.0,0.0,15.0,2.0,15909.0,1162.0,255.0,100.0,116.0,131.0,128.0,0.0,0.0,12.0,1195,954,241,13,121,6602,4877.55102,6522.446999999998,34
1419,29485,29795,GA,13067030318,4.441,33.9455066,-84.4289385,Georgia,WellStar Kennestone Regional Medical Center,Comprehensive Stroke Center,-84.55109,33.969758,11.606566800000001,560,2018,"Census Tract 303.18, Cobb County, Georgia",30318,13,67,13067030318,7652,3621,4031,46.9,1590,7438.0,0.0,611.0,60.0,0.0,0.0,6767.0,214.0,214.0,6553.0,60408.0,7643.0,673.0,227.0,525.0,276.0,404.0,582.0,274.0,2240.0,7643,7588,55,13,67,30318,1723.0353519999999,13438.778999999999,61
1420,29487,29797,GA,13123080500,58.808,34.592835799999996,-84.43004690000001,Georgia,WellStar Kennestone Regional Medical Center,Comprehensive Stroke Center,-84.55109,33.969758,70.00931383,1868,2018,"Census Tract 805, Gilmer County, Georgia",80500,13,123,13123080500,3531,1860,1671,51.0,907,3464.0,0.0,0.0,17.0,0.0,67.0,3380.0,40.0,101.0,3346.0,25448.0,3429.0,488.0,317.0,568.0,360.0,392.0,238.0,153.0,263.0,3438,2842,596,13,123,80500,60.04285131,84828.69000000005,110
1421,29490,29800,GA,13067030328,2.55,34.0229425,-84.4312466,Georgia,WellStar Kennestone Regional Medical Center,Comprehensive Stroke Center,-84.55109,33.969758,12.5457344,760,2018,"Census Tract 303.28, Cobb County, Georgia",30328,13,67,13067030328,6564,3298,3266,47.5,1204,6459.0,17.0,337.0,583.0,0.0,0.0,5522.0,102.0,499.0,5147.0,53320.0,6561.0,530.0,392.0,454.0,561.0,365.0,313.0,118.0,1985.0,6564,6312,252,13,67,30328,2574.117647,15609.095000000008,75
1422,29491,29801,GA,13067030342,1.8,34.0505085,-84.4314493,Georgia,WellStar Kennestone Regional Medical Center,Comprehensive Stroke Center,-84.55109,33.969758,14.22561413,1065,2018,"Census Tract 303.42, Cobb County, Georgia",30342,13,67,13067030342,4491,2157,2334,48.4,746,4321.0,0.0,276.0,118.0,10.0,32.0,3885.0,140.0,128.0,3789.0,52273.0,4461.0,317.0,209.0,321.0,294.0,350.0,235.0,156.0,1240.0,4491,4337,154,13,67,30342,2495.0,16110.178000000007,79
1423,29492,29803,GA,13121008904,1.1520000000000001,33.8192698,-84.4330314,Georgia,Grady Memorial Hospital,Comprehensive Stroke Center,-84.38242,33.752320000000005,8.781630827,843,2018,"Census Tract 89.04, Fulton County, Georgia",8904,13,121,13121008904,5064,2405,2659,36.9,679,4849.0,0.0,259.0,458.0,0.0,12.0,4120.0,186.0,130.0,4002.0,61220.0,5035.0,295.0,82.0,215.0,361.0,613.0,653.0,402.0,1515.0,5016,4910,106,13,121,8904,4395.833333,9883.171999999997,42
1424,29493,29804,GA,13063040512,1.7369999999999999,33.5743855,-84.433311,Georgia,Grady Memorial Hospital,Comprehensive Stroke Center,-84.38242,33.752320000000005,20.29241057,665,2018,"Census Tract 405.12, Clayton County, Georgia",40512,13,63,13063040512,5387,2521,2866,33.9,556,5274.0,0.0,148.0,4673.0,0.0,89.0,364.0,58.0,283.0,192.0,25472.0,5292.0,884.0,282.0,594.0,718.0,515.0,339.0,100.0,170.0,5387,4570,817,13,63,40512,3101.324122,24996.47,65
1425,29495,29806,GA,13121008400,0.687,33.7618564,-84.4355747,Georgia,Grady Memorial Hospital,Comprehensive Stroke Center,-84.38242,33.752320000000005,5.03693648,784,2018,"Census Tract 84, Fulton County, Georgia",8400,13,121,13121008400,2733,1292,1441,45.9,614,2687.0,8.0,26.0,2361.0,0.0,0.0,292.0,46.0,60.0,279.0,15991.0,2478.0,630.0,315.0,420.0,254.0,167.0,96.0,39.0,76.0,2733,2304,429,13,121,8400,3978.165939,5896.456999999999,35
1426,29496,29807,GA,13121004000,0.622,33.7499716,-84.4362262,Georgia,Grady Memorial Hospital,Comprehensive Stroke Center,-84.38242,33.752320000000005,4.99212309,747,2018,"Census Tract 40, Fulton County, Georgia",4000,13,121,13121004000,2323,1118,1205,37.9,377,2315.0,0.0,19.0,2200.0,0.0,24.0,72.0,8.0,41.0,72.0,17263.0,2323.0,492.0,256.0,287.0,143.0,266.0,63.0,51.0,110.0,2323,1840,483,13,121,4000,3734.726688,5888.119999999998,29
1427,29499,29810,GA,13121006100,0.868,33.727755200000004,-84.4370324,Georgia,Grady Memorial Hospital,Comprehensive Stroke Center,-84.38242,33.752320000000005,5.747541697000001,939,2018,"Census Tract 61, Fulton County, Georgia",6100,13,121,13121006100,3824,1635,2189,35.6,578,3759.0,0.0,0.0,3613.0,0.0,0.0,146.0,49.0,106.0,49.0,17408.0,3808.0,781.0,350.0,514.0,524.0,257.0,42.0,57.0,105.0,3824,3060,764,13,121,6100,4405.529954,6905.208999999999,36
1428,29504,29815,GA,13063040513,2.658,33.5584721,-84.4387615,Georgia,Grady Memorial Hospital,Comprehensive Stroke Center,-84.38242,33.752320000000005,22.12687441,694,2018,"Census Tract 405.13, Clayton County, Georgia",40513,13,63,13063040513,4589,2250,2339,44.2,654,4418.0,0.0,243.0,3464.0,0.0,71.0,640.0,133.0,201.0,522.0,25967.0,4537.0,876.0,456.0,315.0,508.0,477.0,351.0,177.0,240.0,4589,4049,540,13,63,40513,1726.4860800000001,25546.112000000005,66
1429,29505,29816,GA,13121006000,0.605,33.7379429,-84.439035,Georgia,Grady Memorial Hospital,Comprehensive Stroke Center,-84.38242,33.752320000000005,5.482956432999999,708,2018,"Census Tract 60, Fulton County, Georgia",6000,13,121,13121006000,3549,1779,1770,37.5,440,3379.0,9.0,37.0,3069.0,0.0,0.0,264.0,41.0,60.0,223.0,21703.0,3420.0,442.0,278.0,653.0,290.0,311.0,176.0,63.0,270.0,3549,3066,483,13,121,6000,5866.115702,6263.518999999999,30
1430,29506,29817,GA,13273120200,155.885,31.843617300000002,-84.4390792,Alabama,Southeast Health,Comprehensive Stroke Center,-85.36301,31.21588,111.99995190000001,1177,2018,"Census Tract 1202, Terrell County, Georgia",120200,13,273,13273120200,1420,663,757,47.3,364,1396.0,4.0,0.0,517.0,0.0,0.0,875.0,16.0,32.0,845.0,18029.0,1405.0,261.0,175.0,194.0,110.0,164.0,101.0,15.0,43.0,1420,1179,241,13,273,120200,9.109279276,132933.80400000006,125
1431,29507,29818,GA,13231010200,42.867,33.158256699999995,-84.4394892,Georgia,Grady Memorial Hospital,Comprehensive Stroke Center,-84.38242,33.752320000000005,66.10237298,288,2018,"Census Tract 102, Pike County, Georgia",10200,13,231,13231010200,3435,1648,1787,40.6,515,3374.0,0.0,39.0,141.0,0.0,5.0,3189.0,13.0,95.0,3106.0,34722.0,3387.0,345.0,164.0,423.0,216.0,478.0,163.0,80.0,417.0,3435,2972,463,13,231,10200,80.13156974,72192.01699999999,89
1432,29508,29819,GA,13121012300,1.379,33.6613178,-84.4395348,Georgia,Grady Memorial Hospital,Comprehensive Stroke Center,-84.38242,33.752320000000005,11.39804933,251,2018,"Census Tract 123, Fulton County, Georgia",12300,13,121,13121012300,2869,1431,1438,39.4,236,2593.0,10.0,16.0,1390.0,0.0,173.0,1004.0,256.0,254.0,973.0,31560.0,2813.0,239.0,164.0,316.0,347.0,189.0,142.0,96.0,468.0,2862,2514,348,13,121,12300,2080.4931109999998,13564.295,34
1433,29509,29820,GA,13121008903,0.444,33.816552200000004,-84.4402752,Georgia,Grady Memorial Hospital,Comprehensive Stroke Center,-84.38242,33.752320000000005,8.914681195,842,2018,"Census Tract 89.03, Fulton County, Georgia",8903,13,121,13121008903,2175,1153,1022,31.4,81,2133.0,0.0,83.0,746.0,0.0,478.0,826.0,42.0,896.0,426.0,36481.0,2175.0,137.0,170.0,171.0,210.0,189.0,99.0,94.0,402.0,2175,1576,599,13,121,8903,4898.648649000001,11050.072999999995,44
1434,29510,29821,GA,13121007603,1.218,33.706509499999996,-84.440383,Georgia,Grady Memorial Hospital,Comprehensive Stroke Center,-84.38242,33.752320000000005,7.394246834,835,2018,"Census Tract 76.03, Fulton County, Georgia",7603,13,121,13121007603,4735,1800,2935,31.3,745,4735.0,11.0,48.0,4605.0,0.0,28.0,43.0,0.0,28.0,43.0,13342.0,4422.0,1231.0,786.0,715.0,178.0,291.0,154.0,0.0,17.0,4698,3625,1073,13,121,7603,3887.520525,9042.942000000001,38
1435,29511,29822,GA,13057090804,10.324000000000002,34.1441797,-84.4405896,Georgia,WellStar Kennestone Regional Medical Center,Comprehensive Stroke Center,-84.55109,33.969758,21.87233559,160,2018,"Census Tract 908.04, Cherokee County, Georgia",90804,13,57,13057090804,9900,5097,4803,41.2,1514,9628.0,0.0,152.0,508.0,0.0,56.0,8912.0,186.0,753.0,8239.0,38331.0,9784.0,811.0,670.0,1036.0,672.0,949.0,735.0,430.0,1622.0,9900,8903,997,13,57,90804,958.930647,25886.691999999992,66
1436,29513,29824,GA,13063040204,1.056,33.6040061,-84.4409621,Georgia,Grady Memorial Hospital,Comprehensive Stroke Center,-84.38242,33.752320000000005,17.32307346,169,2018,"Census Tract 402.04, Clayton County, Georgia",40204,13,63,13063040204,4439,2373,2066,29.4,257,4305.0,0.0,0.0,4005.0,0.0,127.0,173.0,34.0,221.0,128.0,26640.0,4316.0,343.0,268.0,638.0,550.0,505.0,329.0,55.0,184.0,4439,3506,933,13,63,40204,4203.598485,20733.988000000005,45
1437,29516,29827,GA,13067030332,1.385,33.9852375,-84.4415196,Georgia,WellStar Kennestone Regional Medical Center,Comprehensive Stroke Center,-84.55109,33.969758,10.26985707,750,2018,"Census Tract 303.32, Cobb County, Georgia",30332,13,67,13067030332,3265,1423,1842,43.8,610,3200.0,0.0,522.0,59.0,0.0,37.0,2582.0,65.0,68.0,2539.0,59817.0,3265.0,332.0,56.0,229.0,126.0,177.0,175.0,110.0,931.0,3265,3195,70,13,67,30332,2357.400722,12346.764000000001,48
1438,29519,29830,GA,13057090803,9.248,34.1755415,-84.4428556,Georgia,WellStar Kennestone Regional Medical Center,Comprehensive Stroke Center,-84.55109,33.969758,24.91690427,159,2018,"Census Tract 908.03, Cherokee County, Georgia",90803,13,57,13057090803,11543,5553,5990,37.8,1539,11038.0,0.0,176.0,610.0,0.0,27.0,10225.0,341.0,963.0,9512.0,37537.0,11379.0,1265.0,556.0,866.0,786.0,908.0,893.0,455.0,1822.0,11543,10780,763,13,57,90803,1248.161765,30046.677000000014,75
1439,29522,29833,GA,13067030326,2.7430000000000003,34.0656798,-84.443664,Georgia,WellStar Kennestone Regional Medical Center,Comprehensive Stroke Center,-84.55109,33.969758,14.54863835,766,2018,"Census Tract 303.26, Cobb County, Georgia",30326,13,67,13067030326,4507,2237,2270,44.1,487,4405.0,46.0,389.0,179.0,0.0,19.0,3772.0,94.0,717.0,3100.0,53168.0,4487.0,494.0,258.0,203.0,272.0,196.0,314.0,131.0,1141.0,4507,4031,476,13,67,30326,1643.091506,16201.642000000007,79
1440,29523,29834,GA,13121011201,1.435,33.692344899999995,-84.44368829999999,Georgia,Grady Memorial Hospital,Comprehensive Stroke Center,-84.38242,33.752320000000005,8.746395639,1024,2018,"Census Tract 112.01, Fulton County, Georgia",11201,13,121,13121011201,3531,1451,2080,32.4,384,3398.0,5.0,42.0,2670.0,0.0,19.0,662.0,57.0,9.0,653.0,17055.0,3444.0,601.0,487.0,556.0,291.0,341.0,167.0,61.0,55.0,3531,2952,579,13,121,11201,2460.627178,10661.407999999994,30
1441,29525,29836,GA,13293010300,81.75,32.9098494,-84.4437521,Georgia,Grady Memorial Hospital,Comprehensive Stroke Center,-84.38242,33.752320000000005,93.6130358,1389,2018,"Census Tract 103, Upson County, Georgia",10300,13,293,13293010300,3350,1720,1630,48.5,724,3318.0,68.0,49.0,128.0,0.0,0.0,3073.0,28.0,0.0,3073.0,24095.0,3346.0,524.0,270.0,494.0,562.0,259.0,271.0,52.0,123.0,3350,3025,325,13,293,10300,40.97859327,103380.98200000003,112
1442,29526,29837,GA,13057090602,13.954,34.2291846,-84.44388599999999,Georgia,WellStar Kennestone Regional Medical Center,Comprehensive Stroke Center,-84.55109,33.969758,30.42955625,634,2018,"Census Tract 906.02, Cherokee County, Georgia",90602,13,57,13057090602,8280,4074,4206,36.7,1006,7916.0,0.0,76.0,629.0,0.0,413.0,6798.0,324.0,1919.0,5694.0,28857.0,8137.0,808.0,576.0,960.0,798.0,765.0,549.0,109.0,843.0,8197,6715,1482,13,57,90602,593.3782428,36937.159000000014,53
1443,29527,29838,GA,13121009700,4.063,33.8422302,-84.4439703,Georgia,Grady Memorial Hospital,Comprehensive Stroke Center,-84.38242,33.752320000000005,11.48663422,898,2018,"Census Tract 97, Fulton County, Georgia",9700,13,121,13121009700,3874,1887,1987,42.8,652,3841.0,0.0,206.0,370.0,0.0,31.0,3234.0,0.0,102.0,3175.0,100667.0,3841.0,227.0,118.0,148.0,160.0,140.0,182.0,69.0,1478.0,3874,3790,84,13,121,9700,953.4826482999999,14031.067999999992,31
1444,29528,29839,GA,13121008500,1.43,33.7755602,-84.4440291,Georgia,Grady Memorial Hospital,Comprehensive Stroke Center,-84.38242,33.752320000000005,6.26256396,945,2018,"Census Tract 85, Fulton County, Georgia",8500,13,121,13121008500,2546,1258,1288,49.0,620,2496.0,0.0,0.0,2455.0,0.0,0.0,41.0,50.0,0.0,41.0,14786.0,2544.0,533.0,466.0,414.0,257.0,110.0,87.0,47.0,43.0,2546,2153,393,13,121,8500,1780.41958,7407.825999999998,42
1445,29536,29847,GA,13063040509,2.004,33.582523200000004,-84.4470958,Georgia,Grady Memorial Hospital,Comprehensive Stroke Center,-84.38242,33.752320000000005,19.76537723,5,2018,"Census Tract 405.09, Clayton County, Georgia",40509,13,63,13063040509,4554,2127,2427,42.9,676,4474.0,0.0,12.0,4063.0,0.0,188.0,211.0,17.0,305.0,145.0,27415.0,4412.0,432.0,296.0,682.0,333.0,580.0,243.0,199.0,312.0,4554,3840,714,13,63,40509,2272.45509,23321.679000000007,59
1446,29537,29848,GA,13067030322,1.42,34.046999299999996,-84.44721750000001,Georgia,WellStar Kennestone Regional Medical Center,Comprehensive Stroke Center,-84.55109,33.969758,12.86378195,566,2018,"Census Tract 303.22, Cobb County, Georgia",30322,13,67,13067030322,3508,1679,1829,41.6,528,3406.0,0.0,142.0,502.0,0.0,11.0,2751.0,102.0,42.0,2709.0,42781.0,3508.0,304.0,216.0,312.0,182.0,299.0,254.0,94.0,713.0,3508,3395,113,13,67,30322,2470.422535,14596.600000000006,76
1447,29539,29850,GA,13057090901,8.682,34.116282,-84.44789279999999,Georgia,WellStar Kennestone Regional Medical Center,Comprehensive Stroke Center,-84.55109,33.969758,18.84036797,632,2018,"Census Tract 909.01, Cherokee County, Georgia",90901,13,57,13057090901,7882,3994,3888,36.9,826,7438.0,31.0,172.0,114.0,0.0,0.0,7121.0,403.0,342.0,6779.0,36916.0,7841.0,999.0,345.0,728.0,666.0,700.0,664.0,296.0,1265.0,7834,7326,508,13,57,90901,907.8553329,22839.196999999993,66
1448,29541,29852,GA,13067030331,2.4330000000000003,34.001644299999995,-84.4487328,Georgia,WellStar Kennestone Regional Medical Center,Comprehensive Stroke Center,-84.55109,33.969758,10.09753493,1535,2018,"Census Tract 303.31, Cobb County, Georgia",30331,13,67,13067030331,6002,3083,2919,42.9,984,5824.0,21.0,166.0,425.0,0.0,51.0,5161.0,106.0,343.0,4876.0,47268.0,5930.0,414.0,249.0,561.0,381.0,561.0,500.0,188.0,1252.0,6002,5778,224,13,67,30331,2466.913276,13519.842000000004,60
1449,29542,29853,GA,13057090902,7.246,34.0882297,-84.4491443,Georgia,WellStar Kennestone Regional Medical Center,Comprehensive Stroke Center,-84.55109,33.969758,16.16584462,1631,2018,"Census Tract 909.02, Cherokee County, Georgia",90902,13,57,13057090902,16314,7709,8605,39.0,2288,15891.0,0.0,624.0,1223.0,0.0,210.0,13834.0,290.0,1503.0,12471.0,42601.0,16181.0,1283.0,745.0,1470.0,1275.0,1723.0,1263.0,571.0,2964.0,16314,15113,1201,13,57,90902,2251.449075,21516.583,78
1450,29545,29856,GA,13121011202,1.239,33.677197799999995,-84.4503095,Georgia,Grady Memorial Hospital,Comprehensive Stroke Center,-84.38242,33.752320000000005,10.44164122,743,2018,"Census Tract 112.02, Fulton County, Georgia",11202,13,121,13121011202,4169,2389,1780,38.0,430,4023.0,0.0,25.0,2115.0,0.0,151.0,1732.0,107.0,592.0,1316.0,24678.0,4082.0,539.0,373.0,595.0,541.0,386.0,292.0,38.0,207.0,4121,3152,969,13,121,11202,3364.810331,12105.724999999997,45
1451,29546,29857,GA,13113140501,27.616,33.352514899999996,-84.45034079999999,Georgia,Grady Memorial Hospital,Comprehensive Stroke Center,-84.38242,33.752320000000005,44.79046251,645,2018,"Census Tract 1405.01, Fayette County, Georgia",140501,13,113,13113140501,6632,3363,3269,44.3,1075,6558.0,32.0,215.0,465.0,1.0,36.0,5809.0,58.0,69.0,5741.0,40471.0,6615.0,720.0,399.0,667.0,413.0,687.0,518.0,132.0,1300.0,6632,6481,151,13,113,140501,240.1506373,50524.429000000004,96
1452,29550,29861,GA,13087970100,158.73,30.942088800000004,-84.4511135,Florida,Tallahassee Memorial Hospital,Comprehensive Stroke Center,-84.26194,30.45625,56.82944943,572,2018,"Census Tract 9701, Decatur County, Georgia",970100,13,87,13087970100,3524,1610,1914,45.8,670,3445.0,0.0,0.0,526.0,0.0,252.0,2667.0,38.0,302.0,2617.0,24199.0,3483.0,297.0,276.0,512.0,307.0,327.0,121.0,60.0,204.0,3524,2787,737,13,87,970100,22.201222199999997,63107.04100000001,99
1453,29552,29863,GA,13067030333,2.9530000000000003,33.966223600000006,-84.45200849999999,Georgia,WellStar Kennestone Regional Medical Center,Comprehensive Stroke Center,-84.55109,33.969758,9.165443232000001,567,2018,"Census Tract 303.33, Cobb County, Georgia",30333,13,67,13067030333,5868,3064,2804,45.4,1185,5548.0,0.0,687.0,372.0,0.0,0.0,4489.0,269.0,260.0,4412.0,54202.0,5802.0,569.0,218.0,346.0,311.0,486.0,378.0,194.0,1592.0,5868,5753,115,13,67,30333,1987.13173,10931.367,52
1454,29553,29864,GA,13067030339,1.61,33.882999,-84.45202900000001,Georgia,WellStar Kennestone Regional Medical Center,Comprehensive Stroke Center,-84.55109,33.969758,13.28564511,1860,2018,"Census Tract 303.39, Cobb County, Georgia",30339,13,67,13067030339,6145,3240,2905,30.8,300,6105.0,0.0,851.0,1196.0,0.0,175.0,3883.0,40.0,830.0,3195.0,40477.0,6145.0,493.0,294.0,674.0,821.0,897.0,814.0,254.0,1108.0,6145,5783,362,13,67,30339,3816.7701859999997,14406.852,29
1455,29555,29866,GA,13067030320,3.4360000000000004,33.9217087,-84.45224,Georgia,WellStar Kennestone Regional Medical Center,Comprehensive Stroke Center,-84.55109,33.969758,10.578724000000001,1857,2018,"Census Tract 303.20, Cobb County, Georgia",30320,13,67,13067030320,7361,3502,3859,42.0,1106,7082.0,138.0,891.0,924.0,0.0,43.0,5086.0,212.0,300.0,4908.0,57461.0,7294.0,528.0,211.0,473.0,427.0,808.0,628.0,474.0,1988.0,7341,7142,199,13,67,30320,2142.316647,12603.021999999999,41
1456,29556,29867,GA,13121008302,0.73,33.7573898,-84.452286,Georgia,Grady Memorial Hospital,Comprehensive Stroke Center,-84.38242,33.752320000000005,6.497417515,547,2018,"Census Tract 83.02, Fulton County, Georgia",8302,13,121,13121008302,1709,824,885,48.8,545,1691.0,2.0,0.0,1672.0,0.0,0.0,17.0,9.0,10.0,17.0,19228.0,1526.0,258.0,189.0,341.0,206.0,169.0,51.0,13.0,22.0,1535,1296,239,13,121,8302,2341.09589,7412.697,26
1457,29557,29868,GA,13063040203,1.123,33.607511200000005,-84.45295809999999,Georgia,Grady Memorial Hospital,Comprehensive Stroke Center,-84.38242,33.752320000000005,17.34251281,168,2018,"Census Tract 402.03, Clayton County, Georgia",40203,13,63,13063040203,3612,1562,2050,31.5,143,3499.0,0.0,88.0,3324.0,0.0,0.0,87.0,44.0,20.0,67.0,24938.0,3543.0,487.0,258.0,470.0,361.0,400.0,213.0,95.0,143.0,3600,2568,1032,13,63,40203,3216.384684,21079.825,43
1458,29560,29871,GA,13121008101,0.349,33.7359326,-84.4538952,Georgia,Grady Memorial Hospital,Comprehensive Stroke Center,-84.38242,33.752320000000005,6.867851276000001,701,2018,"Census Tract 81.01, Fulton County, Georgia",8101,13,121,13121008101,1530,765,765,40.7,259,1530.0,0.0,0.0,1525.0,0.0,0.0,5.0,0.0,0.0,5.0,20920.0,1530.0,223.0,190.0,241.0,148.0,155.0,49.0,5.0,37.0,1530,1411,119,13,121,8101,4383.954154999999,7815.5,39
1459,29563,29874,GA,13121008000,2.283,33.724532200000006,-84.4555814,Georgia,Grady Memorial Hospital,Comprehensive Stroke Center,-84.38242,33.752320000000005,7.447369208,783,2018,"Census Tract 80, Fulton County, Georgia",8000,13,121,13121008000,5916,2884,3032,39.8,1091,5801.0,0.0,0.0,5675.0,0.0,0.0,126.0,60.0,46.0,126.0,19688.0,5861.0,1225.0,455.0,733.0,640.0,437.0,258.0,146.0,371.0,5916,4865,1051,13,121,8000,2591.327201,8719.153,44
1460,29570,29881,GA,13121010601,1.131,33.6610333,-84.45727579999999,Georgia,Grady Memorial Hospital,Comprehensive Stroke Center,-84.38242,33.752320000000005,12.27491363,741,2018,"Census Tract 106.01, Fulton County, Georgia",10601,13,121,13121010601,3824,1767,2057,36.8,501,3761.0,0.0,34.0,2548.0,0.0,94.0,1085.0,7.0,128.0,1061.0,22036.0,3747.0,667.0,272.0,387.0,262.0,220.0,280.0,37.0,312.0,3824,3324,500,13,121,10601,3381.0786909999997,14197.305,49
1461,29571,29882,GA,13067030327,1.8659999999999999,34.0249511,-84.45753959999999,Georgia,WellStar Kennestone Regional Medical Center,Comprehensive Stroke Center,-84.55109,33.969758,10.59152594,1858,2018,"Census Tract 303.27, Cobb County, Georgia",30327,13,67,13067030327,4855,2474,2381,43.2,617,4602.0,12.0,413.0,358.0,0.0,91.0,3728.0,216.0,130.0,3702.0,52136.0,4818.0,458.0,226.0,357.0,261.0,259.0,302.0,240.0,1113.0,4855,4616,239,13,67,30327,2601.822079,12695.834000000004,63
1462,29573,29884,GA,13273120300,23.611,31.808737199999996,-84.45839740000001,Alabama,Southeast Health,Comprehensive Stroke Center,-85.36301,31.21588,108.18830109999999,1178,2018,"Census Tract 1203, Terrell County, Georgia",120300,13,273,13273120300,2949,1284,1665,38.9,402,2877.0,0.0,8.0,2400.0,0.0,0.0,469.0,46.0,0.0,469.0,14903.0,2923.0,570.0,364.0,217.0,329.0,125.0,84.0,25.0,148.0,2918,2147,771,13,273,120300,124.89941129999998,129431.659,127
1463,29577,29888,GA,13121008301,1.015,33.764226,-84.4588619,Georgia,Grady Memorial Hospital,Comprehensive Stroke Center,-84.38242,33.752320000000005,7.204083118,780,2018,"Census Tract 83.01, Fulton County, Georgia",8301,13,121,13121008301,2456,1073,1383,38.8,475,2442.0,0.0,0.0,2399.0,0.0,0.0,43.0,14.0,4.0,39.0,16551.0,2456.0,565.0,175.0,292.0,363.0,178.0,79.0,0.0,29.0,2456,1887,569,13,121,8301,2419.704433,7912.225000000001,34
1464,29578,29889,GA,13121008800,3.72,33.8123521,-84.45907170000001,Georgia,Grady Memorial Hospital,Comprehensive Stroke Center,-84.38242,33.752320000000005,9.733458,738,2018,"Census Tract 88, Fulton County, Georgia",8800,13,121,13121008800,5012,2609,2403,33.1,288,4610.0,0.0,46.0,1055.0,0.0,214.0,3295.0,232.0,474.0,2965.0,52800.0,4842.0,370.0,96.0,270.0,299.0,599.0,435.0,157.0,1119.0,5012,4622,390,13,121,8800,1347.3118279999999,13112.355999999996,44
1465,29581,29892,GA,13121008700,2.991,33.793907,-84.4599967,Georgia,Grady Memorial Hospital,Comprehensive Stroke Center,-84.38242,33.752320000000005,8.539014583,841,2018,"Census Tract 87, Fulton County, Georgia",8700,13,121,13121008700,5592,2634,2958,30.9,809,5443.0,0.0,0.0,4871.0,0.0,0.0,572.0,2.0,107.0,467.0,21383.0,5413.0,845.0,517.0,771.0,729.0,539.0,218.0,108.0,214.0,5580,4640,940,13,121,8700,1869.6088260000001,10048.228999999996,45
1466,29589,29900,GA,13121007602,1.301,33.710901299999996,-84.4621548,Georgia,Grady Memorial Hospital,Comprehensive Stroke Center,-84.38242,33.752320000000005,8.701043132999999,710,2018,"Census Tract 76.02, Fulton County, Georgia",7602,13,121,13121007602,2653,1254,1399,47.1,520,2642.0,0.0,0.0,2557.0,0.0,35.0,50.0,5.0,65.0,50.0,20982.0,2647.0,497.0,289.0,326.0,247.0,317.0,87.0,22.0,131.0,2648,2194,454,13,121,7602,2039.2006149999997,10066.051,41
1467,29590,29901,GA,13057090400,17.143,34.276522299999996,-84.46232509999999,Georgia,WellStar Kennestone Regional Medical Center,Comprehensive Stroke Center,-84.55109,33.969758,34.99913052,630,2018,"Census Tract 904, Cherokee County, Georgia",90400,13,57,13057090400,9288,4567,4721,34.7,1278,9008.0,73.0,104.0,853.0,0.0,579.0,7399.0,131.0,2029.0,6045.0,26083.0,9033.0,914.0,567.0,1383.0,1162.0,905.0,414.0,230.0,569.0,9193,7023,2170,13,57,90400,541.795485,39513.545000000006,54
1468,29599,29911,GA,13067031212,1.5419999999999998,33.8546655,-84.4647072,Georgia,Grady Memorial Hospital,Comprehensive Stroke Center,-84.38242,33.752320000000005,13.67210114,1482,2018,"Census Tract 312.12, Cobb County, Georgia",31212,13,67,13067031212,2337,1209,1128,54.8,682,2232.0,0.0,98.0,54.0,0.0,28.0,2052.0,97.0,55.0,2022.0,71008.0,2329.0,203.0,90.0,112.0,102.0,149.0,159.0,64.0,838.0,2337,2274,63,13,67,31212,1515.564202,16406.653999999995,43
1469,29601,29913,GA,13113140102,11.912,33.494915,-84.4653495,Georgia,Grady Memorial Hospital,Comprehensive Stroke Center,-84.38242,33.752320000000005,29.569059499999998,653,2018,"Census Tract 1401.02, Fayette County, Georgia",140102,13,113,13113140102,5494,2747,2747,47.6,1213,5463.0,0.0,410.0,2353.0,15.0,18.0,2667.0,31.0,103.0,2582.0,36389.0,5432.0,705.0,375.0,479.0,470.0,667.0,625.0,174.0,683.0,5494,5117,377,13,113,140102,461.21558089999996,34403.954999999994,73
1470,29602,29914,GA,13121007604,0.43200000000000005,33.7010616,-84.4654727,Georgia,Grady Memorial Hospital,Comprehensive Stroke Center,-84.38242,33.752320000000005,9.569359856,836,2018,"Census Tract 76.04, Fulton County, Georgia",7604,13,121,13121007604,2468,932,1536,33.6,245,2305.0,0.0,36.0,2210.0,0.0,0.0,59.0,152.0,225.0,26.0,13718.0,2457.0,499.0,421.0,381.0,141.0,87.0,52.0,77.0,22.0,2468,1770,698,13,121,7604,5712.962963,10945.551999999996,49
1471,29603,29915,GA,13067030340,1.6540000000000001,34.0517167,-84.465787,Georgia,WellStar Kennestone Regional Medical Center,Comprehensive Stroke Center,-84.55109,33.969758,12.03068273,1063,2018,"Census Tract 303.40, Cobb County, Georgia",30340,13,67,13067030340,3870,2001,1869,45.5,605,3801.0,0.0,255.0,99.0,0.0,0.0,3447.0,32.0,222.0,3225.0,57875.0,3833.0,450.0,143.0,192.0,212.0,234.0,312.0,95.0,1077.0,3870,3748,122,13,67,30340,2339.782346,15959.926000000007,80
1472,29605,29917,GA,13121008601,1.744,33.78147070000001,-84.4661985,Georgia,Grady Memorial Hospital,Comprehensive Stroke Center,-84.38242,33.752320000000005,8.407534231,797,2018,"Census Tract 86.01, Fulton County, Georgia",8601,13,121,13121008601,4404,1878,2526,28.2,753,4297.0,0.0,0.0,4243.0,0.0,2.0,52.0,43.0,38.0,51.0,13649.0,4226.0,1011.0,461.0,550.0,351.0,185.0,96.0,27.0,63.0,4290,3616,674,13,121,8601,2525.229358,9712.919999999998,46
1473,29606,29918,GA,13231010300,66.715,33.053889500000004,-84.46620340000001,Georgia,Grady Memorial Hospital,Comprehensive Stroke Center,-84.38242,33.752320000000005,77.85518286,1895,2018,"Census Tract 103, Pike County, Georgia",10300,13,231,13231010300,4286,2069,2217,37.3,583,4209.0,0.0,0.0,628.0,0.0,0.0,3581.0,45.0,30.0,3551.0,24863.0,4111.0,522.0,370.0,487.0,347.0,357.0,303.0,96.0,261.0,4243,3707,536,13,231,10300,64.24342352,85440.612,98
1474,29610,29922,GA,13113140405,7.694,33.407897399999996,-84.4665531,Georgia,Grady Memorial Hospital,Comprehensive Stroke Center,-84.38242,33.752320000000005,38.99187141,643,2018,"Census Tract 1404.05, Fayette County, Georgia",140405,13,113,13113140405,4020,1806,2214,42.7,727,3954.0,19.0,90.0,928.0,0.0,65.0,2852.0,66.0,126.0,2802.0,38125.0,4020.0,470.0,195.0,212.0,484.0,207.0,433.0,147.0,695.0,4020,3750,270,13,113,140405,522.4850533,41478.04000000002,95
1475,29611,29923,GA,13113140502,27.163,33.296802899999996,-84.46674,Georgia,Grady Memorial Hospital,Comprehensive Stroke Center,-84.38242,33.752320000000005,51.12674156,641,2018,"Census Tract 1405.02, Fayette County, Georgia",140502,13,113,13113140502,3352,1769,1583,42.8,506,3308.0,59.0,11.0,58.0,0.0,2.0,3178.0,42.0,53.0,3131.0,34620.0,3350.0,410.0,178.0,381.0,243.0,312.0,269.0,121.0,482.0,3352,3184,168,13,113,140502,123.4031587,54996.149000000005,98
1476,29612,29924,GA,13067030408,0.912,33.9346665,-84.466767,Georgia,WellStar Kennestone Regional Medical Center,Comprehensive Stroke Center,-84.55109,33.969758,8.712368385,1070,2018,"Census Tract 304.08, Cobb County, Georgia",30408,13,67,13067030408,2913,1443,1470,37.4,457,2764.0,0.0,263.0,441.0,0.0,82.0,1978.0,142.0,263.0,1803.0,44369.0,2906.0,218.0,126.0,330.0,228.0,406.0,387.0,144.0,485.0,2913,2547,366,13,67,30408,3194.078947,9972.32,48
1477,29613,29925,GA,13121011301,1.944,33.6891521,-84.46816559999999,Georgia,Grady Memorial Hospital,Comprehensive Stroke Center,-84.38242,33.752320000000005,10.59487117,723,2018,"Census Tract 113.01, Fulton County, Georgia",11301,13,121,13121011301,4959,2156,2803,43.5,1033,4774.0,6.0,182.0,3625.0,5.0,205.0,751.0,119.0,527.0,511.0,23914.0,4568.0,743.0,439.0,649.0,550.0,379.0,347.0,202.0,247.0,4959,4390,569,13,121,11301,2550.9259260000003,13225.178,41
1478,29615,29927,GA,13067030345,1.6340000000000001,33.8976294,-84.468274,Georgia,WellStar Kennestone Regional Medical Center,Comprehensive Stroke Center,-84.55109,33.969758,11.07416816,1068,2018,"Census Tract 303.45, Cobb County, Georgia",30345,13,67,13067030345,5121,2476,2645,30.0,162,4966.0,0.0,1136.0,1751.0,0.0,797.0,1282.0,143.0,1000.0,1071.0,49812.0,5055.0,232.0,265.0,398.0,455.0,454.0,494.0,219.0,1074.0,5087,4089,998,13,67,30345,3134.026928,12271.979000000001,22
1479,29619,29931,GA,13067030330,2.334,33.9906941,-84.46931909999999,Georgia,WellStar Kennestone Regional Medical Center,Comprehensive Stroke Center,-84.55109,33.969758,7.90494549,1864,2018,"Census Tract 303.30, Cobb County, Georgia",30330,13,67,13067030330,6371,3146,3225,39.4,846,5965.0,92.0,1015.0,424.0,0.0,0.0,4434.0,325.0,329.0,4105.0,46607.0,6290.0,599.0,303.0,311.0,330.0,569.0,377.0,135.0,1376.0,6371,5989,382,13,67,30330,2729.648672,11257.994000000002,45
1480,29621,29933,GA,13121010603,2.374,33.6453948,-84.4699103,Georgia,Grady Memorial Hospital,Comprehensive Stroke Center,-84.38242,33.752320000000005,14.36824728,791,2018,"Census Tract 106.03, Fulton County, Georgia",10603,13,121,13121010603,4532,1870,2662,31.2,260,4201.0,25.0,0.0,3939.0,0.0,189.0,48.0,102.0,160.0,48.0,19653.0,4303.0,662.0,410.0,748.0,438.0,359.0,129.0,39.0,104.0,4532,3730,802,13,121,10603,1909.014322,16952.215999999993,42
1481,29623,29935,GA,13067031207,1.0759999999999998,33.8710765,-84.47017029999999,Georgia,WellStar Kennestone Regional Medical Center,Comprehensive Stroke Center,-84.55109,33.969758,13.25905366,1478,2018,"Census Tract 312.07, Cobb County, Georgia",31207,13,67,13067031207,4834,2109,2725,35.5,494,4586.0,0.0,758.0,1379.0,0.0,54.0,2395.0,198.0,127.0,2323.0,54383.0,4784.0,535.0,279.0,163.0,317.0,444.0,797.0,340.0,1176.0,4834,4278,556,13,67,31207,4492.565056,14810.760000000002,42
1482,29624,29936,GA,13067030409,1.415,33.9655821,-84.4710691,Georgia,WellStar Kennestone Regional Medical Center,Comprehensive Stroke Center,-84.55109,33.969758,7.410004463,1071,2018,"Census Tract 304.09, Cobb County, Georgia",30409,13,67,13067030409,3428,1715,1713,43.0,510,3224.0,0.0,137.0,208.0,0.0,0.0,2879.0,145.0,219.0,2671.0,49350.0,3369.0,379.0,85.0,131.0,310.0,246.0,258.0,16.0,864.0,3428,3141,287,13,67,30409,2422.614841,9396.407000000003,41
1483,29627,29939,GA,13121008102,2.785,33.7418287,-84.471601,Georgia,Grady Memorial Hospital,Comprehensive Stroke Center,-84.38242,33.752320000000005,8.344839858,944,2018,"Census Tract 81.02, Fulton County, Georgia",8102,13,121,13121008102,7010,2987,4023,38.2,1028,6937.0,0.0,66.0,6323.0,0.0,317.0,231.0,15.0,538.0,10.0,20227.0,6952.0,1117.0,531.0,1108.0,902.0,462.0,177.0,77.0,244.0,7010,5642,1368,13,121,8102,2517.055655,9770.421999999999,33
1484,29631,29943,GA,13121010604,1.831,33.6280717,-84.4732073,Georgia,Grady Memorial Hospital,Comprehensive Stroke Center,-84.38242,33.752320000000005,16.14867164,742,2018,"Census Tract 106.04, Fulton County, Georgia",10604,13,121,13121010604,2587,1351,1236,40.3,268,2554.0,64.0,24.0,2208.0,0.0,0.0,258.0,33.0,219.0,196.0,26076.0,2587.0,318.0,262.0,432.0,362.0,366.0,148.0,17.0,187.0,2587,2146,441,13,121,10604,1412.889132,17776.355,45
1485,29637,29949,GA,13067030413,0.557,33.918395000000004,-84.4753524,Georgia,WellStar Kennestone Regional Medical Center,Comprehensive Stroke Center,-84.55109,33.969758,9.026675893,1075,2018,"Census Tract 304.13, Cobb County, Georgia",30413,13,67,13067030413,5525,2699,2826,30.4,41,5124.0,10.0,407.0,1552.0,42.0,17.0,3096.0,270.0,701.0,2555.0,32603.0,5394.0,320.0,503.0,669.0,610.0,731.0,525.0,214.0,377.0,5495,3308,2187,13,67,30413,9919.210054000001,10237.552000000001,29
1486,29638,29950,GA,13067030344,0.894,33.9075148,-84.4754314,Georgia,WellStar Kennestone Regional Medical Center,Comprehensive Stroke Center,-84.55109,33.969758,9.82815877,1067,2018,"Census Tract 303.44, Cobb County, Georgia",30344,13,67,13067030344,3835,1650,2185,31.0,126,3790.0,0.0,524.0,2007.0,0.0,117.0,1142.0,29.0,445.0,823.0,36851.0,3800.0,283.0,246.0,360.0,375.0,517.0,508.0,197.0,233.0,3835,3210,625,13,67,30344,4289.709172,12416.885000000002,26
1487,29640,29952,GA,13067031205,2.8,33.8272323,-84.4758978,Georgia,Grady Memorial Hospital,Comprehensive Stroke Center,-84.38242,33.752320000000005,11.99951411,1476,2018,"Census Tract 312.05, Cobb County, Georgia",31205,13,67,13067031205,6481,3020,3461,33.5,548,6181.0,0.0,296.0,2833.0,0.0,202.0,2850.0,237.0,472.0,2640.0,41148.0,6418.0,461.0,201.0,663.0,741.0,700.0,451.0,272.0,1578.0,6463,5971,492,13,67,31205,2314.642857,14694.703999999994,41
1488,29641,29953,GA,13113140403,6.044,33.472943199999996,-84.4759094,Georgia,Grady Memorial Hospital,Comprehensive Stroke Center,-84.38242,33.752320000000005,32.17885646,651,2018,"Census Tract 1404.03, Fayette County, Georgia",140403,13,113,13113140403,5517,2518,2999,46.4,1143,5365.0,0.0,190.0,2863.0,5.0,226.0,2081.0,117.0,399.0,1929.0,43356.0,5474.0,535.0,323.0,400.0,480.0,481.0,552.0,129.0,1053.0,5517,4921,596,13,113,140403,912.8060887,37406.171,77
1489,29645,29957,GA,13121010508,1.508,33.5919667,-84.4764025,Georgia,Grady Memorial Hospital,Comprehensive Stroke Center,-84.38242,33.752320000000005,19.80656455,779,2018,"Census Tract 105.08, Fulton County, Georgia",10508,13,121,13121010508,3372,1666,1706,36.3,482,3214.0,0.0,0.0,3057.0,0.0,0.0,157.0,80.0,124.0,98.0,27713.0,3248.0,248.0,447.0,297.0,286.0,314.0,345.0,75.0,246.0,3364,3014,350,13,121,10508,2236.074271,22980.872,53
1490,29648,29960,GA,13121010516,3.242,33.5747658,-84.4766503,Georgia,Grady Memorial Hospital,Comprehensive Stroke Center,-84.38242,33.752320000000005,21.54578815,91,2018,"Census Tract 105.16, Fulton County, Georgia",10516,13,121,13121010516,8887,3745,5142,35.1,936,8441.0,0.0,16.0,7942.0,0.0,119.0,364.0,213.0,211.0,268.0,26933.0,8625.0,875.0,431.0,967.0,986.0,935.0,375.0,209.0,204.0,8864,7255,1609,13,121,10516,2741.20913,25081.494000000002,65
1491,29649,29961,GA,13121010507,2.6710000000000003,33.608917,-84.4769375,Georgia,Grady Memorial Hospital,Comprehensive Stroke Center,-84.38242,33.752320000000005,18.16068619,536,2018,"Census Tract 105.07, Fulton County, Georgia",10507,13,121,13121010507,7497,3657,3840,30.9,643,7335.0,0.0,0.0,6857.0,0.0,41.0,437.0,91.0,300.0,137.0,22007.0,7390.0,1079.0,678.0,850.0,744.0,760.0,267.0,174.0,251.0,7435,6551,884,13,121,10507,2806.813927,20554.355999999992,46
1492,29650,29962,GA,13087970800,90.32,30.7529054,-84.47794990000001,Florida,Tallahassee Memorial Hospital,Comprehensive Stroke Center,-84.26194,30.45625,38.86785424,575,2018,"Census Tract 9708, Decatur County, Georgia",970800,13,87,13087970800,2590,1304,1286,37.5,363,2555.0,0.0,0.0,1449.0,0.0,371.0,735.0,21.0,498.0,613.0,21613.0,2576.0,291.0,179.0,382.0,193.0,257.0,102.0,30.0,106.0,2590,2009,581,13,87,970800,28.67581931,44428.670000000006,90
1493,29652,29964,GA,13113140404,5.32,33.4407383,-84.47902619999999,Georgia,Grady Memorial Hospital,Comprehensive Stroke Center,-84.38242,33.752320000000005,35.70347392,638,2018,"Census Tract 1404.04, Fayette County, Georgia",140404,13,113,13113140404,5045,2325,2720,46.7,1110,4890.0,12.0,289.0,1041.0,0.0,27.0,3521.0,114.0,274.0,3259.0,37471.0,4850.0,548.0,313.0,460.0,465.0,481.0,533.0,204.0,827.0,4858,4518,340,13,113,140404,948.3082707000001,39329.69700000001,92
1494,29653,29965,GA,13067031211,0.574,33.8575174,-84.4790865,Georgia,WellStar Kennestone Regional Medical Center,Comprehensive Stroke Center,-84.55109,33.969758,14.11867448,1481,2018,"Census Tract 312.11, Cobb County, Georgia",31211,13,67,13067031211,4579,1827,2752,31.5,587,4303.0,0.0,167.0,1669.0,16.0,174.0,2277.0,253.0,483.0,2185.0,43632.0,4513.0,227.0,294.0,418.0,522.0,960.0,383.0,340.0,905.0,4523,4233,290,13,67,31211,7977.351916,16128.331999999995,42
1495,29656,29968,GA,13067030341,1.795,34.063741799999995,-84.47969590000001,Georgia,WellStar Kennestone Regional Medical Center,Comprehensive Stroke Center,-84.55109,33.969758,12.33555099,1064,2018,"Census Tract 303.41, Cobb County, Georgia",30341,13,67,13067030341,4353,2144,2209,40.8,551,4189.0,0.0,165.0,428.0,0.0,80.0,3516.0,100.0,248.0,3333.0,46563.0,4289.0,366.0,261.0,294.0,347.0,360.0,317.0,256.0,880.0,4345,4065,280,13,67,30341,2425.069638,15460.912000000008,76
1496,29658,29970,GA,13067030407,1.661,33.9472881,-84.4806579,Georgia,WellStar Kennestone Regional Medical Center,Comprehensive Stroke Center,-84.55109,33.969758,6.970820956,1069,2018,"Census Tract 304.07, Cobb County, Georgia",30407,13,67,13067030407,5215,2625,2590,42.5,830,4904.0,9.0,261.0,728.0,11.0,32.0,3863.0,206.0,416.0,3524.0,36382.0,5110.0,577.0,337.0,502.0,449.0,433.0,409.0,154.0,984.0,5215,4482,733,13,67,30407,3139.674895,8245.600000000002,34
1497,29659,29971,GA,13121011303,2.7089999999999996,33.6689408,-84.4807378,Georgia,Grady Memorial Hospital,Comprehensive Stroke Center,-84.38242,33.752320000000005,12.98419669,900,2018,"Census Tract 113.03, Fulton County, Georgia",11303,13,121,13121011303,9057,4198,4859,32.0,1177,8807.0,0.0,236.0,7503.0,0.0,277.0,791.0,89.0,747.0,398.0,27366.0,8873.0,1101.0,544.0,1327.0,1104.0,1258.0,543.0,150.0,413.0,9052,7755,1297,13,121,11303,3343.300111,16351.670999999997,43
1498,29661,29973,GA,13067030329,1.642,34.000434600000006,-84.4819319,Georgia,WellStar Kennestone Regional Medical Center,Comprehensive Stroke Center,-84.55109,33.969758,7.2397534089999995,553,2018,"Census Tract 303.29, Cobb County, Georgia",30329,13,67,13067030329,4757,2081,2676,39.7,661,4579.0,93.0,427.0,286.0,0.0,88.0,3685.0,120.0,274.0,3517.0,43180.0,4699.0,493.0,149.0,443.0,238.0,487.0,380.0,180.0,926.0,4757,4511,246,13,67,30329,2897.076736,9413.298000000003,47
1499,29662,29974,GA,13273120400,92.024,31.7178354,-84.48217120000001,Alabama,Southeast Health,Comprehensive Stroke Center,-85.36301,31.21588,100.5235339,1179,2018,"Census Tract 1204, Terrell County, Georgia",120400,13,273,13273120400,2912,1507,1405,38.7,564,2893.0,0.0,195.0,1920.0,0.0,0.0,778.0,0.0,5.0,773.0,17113.0,2555.0,550.0,335.0,285.0,210.0,249.0,136.0,34.0,91.0,2586,2282,304,13,273,120400,31.64391898,118521.91299999999,112
1500,29663,29975,GA,13121008201,2.069,33.7699904,-84.4826839,Georgia,Grady Memorial Hospital,Comprehensive Stroke Center,-84.38242,33.752320000000005,9.493232842000001,799,2018,"Census Tract 82.01, Fulton County, Georgia",8201,13,121,13121008201,6281,2809,3472,38.2,1436,6216.0,0.0,0.0,6110.0,0.0,0.0,106.0,38.0,12.0,94.0,17619.0,6082.0,924.0,1130.0,818.0,534.0,611.0,166.0,61.0,193.0,6281,5398,883,13,121,8201,3035.766071,10779.551999999994,37
1501,29664,29976,GA,13067030314,3.074,34.029551399999995,-84.48280390000001,Georgia,WellStar Kennestone Regional Medical Center,Comprehensive Stroke Center,-84.55109,33.969758,9.153566656,1859,2018,"Census Tract 303.14, Cobb County, Georgia",30314,13,67,13067030314,8087,3967,4120,40.3,992,7611.0,0.0,646.0,621.0,15.0,17.0,6312.0,349.0,591.0,5832.0,37261.0,7960.0,825.0,418.0,709.0,618.0,804.0,524.0,291.0,1443.0,8087,7654,433,13,67,30314,2630.7742359999997,10235.321000000004,48
1502,29666,29978,GA,13123080300,25.514,34.6877897,-84.4835056,Georgia,WellStar Kennestone Regional Medical Center,Comprehensive Stroke Center,-84.55109,33.969758,79.89252516,1870,2018,"Census Tract 803, Gilmer County, Georgia",80300,13,123,13123080300,7146,3513,3633,35.8,1269,6932.0,30.0,30.0,49.0,0.0,671.0,6152.0,33.0,1026.0,5833.0,21588.0,6858.0,1135.0,701.0,1049.0,643.0,801.0,398.0,150.0,99.0,7060,5579,1481,13,123,80300,280.0815239,93459.91000000005,128
1503,29669,29981,GA,13067031208,1.3969999999999998,33.873740600000005,-84.4837332,Georgia,WellStar Kennestone Regional Medical Center,Comprehensive Stroke Center,-84.55109,33.969758,12.33788087,1479,2018,"Census Tract 312.08, Cobb County, Georgia",31208,13,67,13067031208,5822,2674,3148,30.7,434,5707.0,0.0,2000.0,973.0,0.0,70.0,2664.0,21.0,131.0,2624.0,54763.0,5728.0,363.0,262.0,437.0,208.0,503.0,777.0,409.0,1274.0,5783,5481,302,13,67,31208,4167.50179,14815.755999999992,45
1504,29679,29991,GA,13067031114,1.087,33.8912084,-84.48562,Georgia,WellStar Kennestone Regional Medical Center,Comprehensive Stroke Center,-84.55109,33.969758,10.60924847,1082,2018,"Census Tract 311.14, Cobb County, Georgia",31114,13,67,13067031114,7439,3954,3485,31.8,372,7104.0,0.0,972.0,2548.0,37.0,1007.0,2540.0,144.0,1538.0,2045.0,32053.0,7248.0,905.0,393.0,850.0,779.0,1034.0,534.0,258.0,661.0,7439,5468,1971,13,67,31114,6843.606256,12049.43,45
1505,29683,29995,GA,13113140101,16.095,33.5235064,-84.4866745,Georgia,Grady Memorial Hospital,Comprehensive Stroke Center,-84.38242,33.752320000000005,27.15967237,648,2018,"Census Tract 1401.01, Fayette County, Georgia",140101,13,113,13113140101,7820,3859,3961,49.2,1553,7625.0,0.0,266.0,4918.0,0.0,428.0,2013.0,164.0,557.0,1679.0,41573.0,7789.0,956.0,424.0,674.0,618.0,854.0,389.0,376.0,1544.0,7820,7153,667,13,113,140101,485.86517549999996,31140.435999999998,57
1506,29685,29997,GA,13057090601,8.394,34.2078484,-84.4869765,Georgia,WellStar Kennestone Regional Medical Center,Comprehensive Stroke Center,-84.55109,33.969758,27.06464249,631,2018,"Census Tract 906.01, Cherokee County, Georgia",90601,13,57,13057090601,8059,4148,3911,32.4,830,7984.0,113.0,19.0,482.0,0.0,651.0,6719.0,63.0,2554.0,4944.0,20535.0,7388.0,1103.0,976.0,1030.0,727.0,494.0,340.0,199.0,482.0,7391,5294,2097,13,57,90601,960.0905409,31619.833000000002,49
1507,29687,29999,GA,13067030410,1.6580000000000001,33.9591968,-84.48717629999999,Georgia,WellStar Kennestone Regional Medical Center,Comprehensive Stroke Center,-84.55109,33.969758,6.022149463,1072,2018,"Census Tract 304.10, Cobb County, Georgia",30410,13,67,13067030410,4516,2232,2284,42.6,760,4352.0,16.0,284.0,941.0,0.0,38.0,3073.0,88.0,616.0,2628.0,37532.0,4418.0,572.0,308.0,328.0,440.0,521.0,296.0,141.0,855.0,4494,4033,461,13,67,30410,2723.763571,8841.244,34
1508,29688,30000,GA,13121007704,2.612,33.708079600000005,-84.48739520000001,Georgia,Grady Memorial Hospital,Comprehensive Stroke Center,-84.38242,33.752320000000005,10.89614127,838,2018,"Census Tract 77.04, Fulton County, Georgia",7704,13,121,13121007704,6075,2985,3090,33.2,615,5945.0,0.0,0.0,5729.0,0.0,115.0,101.0,58.0,122.0,101.0,20454.0,6003.0,797.0,654.0,814.0,669.0,395.0,239.0,95.0,232.0,6056,4677,1379,13,121,7704,2325.803982,13146.704,41
1509,29692,30004,GA,13263960200,162.621,32.6983623,-84.4898972,Georgia,Grady Memorial Hospital,Comprehensive Stroke Center,-84.38242,33.752320000000005,117.32136440000001,1788,2018,"Census Tract 9602, Talbot County, Georgia",960200,13,263,13263960200,2254,1018,1236,48.4,492,2237.0,2.0,15.0,1548.0,0.0,4.0,668.0,7.0,20.0,652.0,20250.0,2221.0,344.0,231.0,402.0,242.0,231.0,78.0,41.0,67.0,2237,1755,482,13,263,960200,13.86044853,133155.53199999995,118
1510,29694,30006,GA,13121008602,1.7719999999999998,33.7928898,-84.4901297,Georgia,Grady Memorial Hospital,Comprehensive Stroke Center,-84.38242,33.752320000000005,10.94501621,785,2018,"Census Tract 86.02, Fulton County, Georgia",8602,13,121,13121008602,1382,538,844,33.5,201,1311.0,0.0,0.0,1183.0,0.0,0.0,128.0,34.0,10.0,118.0,26250.0,1345.0,116.0,80.0,211.0,169.0,197.0,61.0,14.0,33.0,1382,1237,145,13,121,8602,779.9097065000001,12783.060999999998,27
1511,29697,30009,GA,13121007705,1.273,33.683153000000004,-84.4909911,Georgia,Grady Memorial Hospital,Comprehensive Stroke Center,-84.38242,33.752320000000005,12.65417683,839,2018,"Census Tract 77.05, Fulton County, Georgia",7705,13,121,13121007705,4625,1957,2668,29.9,691,4565.0,0.0,0.0,4488.0,0.0,0.0,77.0,49.0,0.0,77.0,20211.0,4614.0,686.0,466.0,643.0,424.0,392.0,105.0,84.0,96.0,4616,4138,478,13,121,7705,3633.150039,14491.568000000003,37
1512,29699,30011,GA,13121011305,1.131,33.6476996,-84.49127440000001,Georgia,Grady Memorial Hospital,Comprehensive Stroke Center,-84.38242,33.752320000000005,15.3785363,92,2018,"Census Tract 113.05, Fulton County, Georgia",11305,13,121,13121011305,5048,2272,2776,31.7,369,4989.0,0.0,58.0,4721.0,0.0,92.0,118.0,20.0,82.0,105.0,21362.0,5009.0,670.0,358.0,957.0,558.0,527.0,218.0,92.0,94.0,5048,4043,1005,13,121,11305,4463.306808,17368.712,43
1513,29700,30012,GA,13121007900,3.263,33.7322875,-84.4915565,Georgia,Grady Memorial Hospital,Comprehensive Stroke Center,-84.38242,33.752320000000005,10.35411831,1023,2018,"Census Tract 79, Fulton County, Georgia",7900,13,121,13121007900,5331,2117,3214,49.8,1517,5322.0,12.0,0.0,5148.0,0.0,0.0,162.0,0.0,0.0,162.0,34266.0,5249.0,651.0,555.0,422.0,655.0,841.0,501.0,64.0,732.0,5258,4811,447,13,121,7900,1633.772602,12733.238999999998,42
1514,29702,30014,GA,13067030405,1.546,33.9369618,-84.49226230000001,Georgia,WellStar Kennestone Regional Medical Center,Comprehensive Stroke Center,-84.55109,33.969758,6.542383425,752,2018,"Census Tract 304.05, Cobb County, Georgia",30405,13,67,13067030405,6352,3006,3346,30.3,500,6211.0,0.0,99.0,1966.0,0.0,340.0,3806.0,47.0,520.0,3477.0,32962.0,6077.0,530.0,354.0,640.0,889.0,505.0,531.0,390.0,612.0,6352,4711,1641,13,67,30405,4108.667529,7600.117000000003,33
1515,29703,30015,GA,13067030414,0.9620000000000001,33.9160385,-84.4925099,Georgia,WellStar Kennestone Regional Medical Center,Comprehensive Stroke Center,-84.55109,33.969758,8.051914752,1076,2018,"Census Tract 304.14, Cobb County, Georgia",30414,13,67,13067030414,3369,1625,1744,28.8,38,3212.0,0.0,78.0,2124.0,0.0,260.0,750.0,129.0,256.0,623.0,25590.0,3332.0,410.0,151.0,516.0,338.0,452.0,199.0,91.0,81.0,3369,2272,1097,13,67,30414,3502.0790020000004,9350.893000000004,29
1516,29705,30017,GA,13121010515,4.284,33.5507439,-84.4935426,Georgia,Grady Memorial Hospital,Comprehensive Stroke Center,-84.38242,33.752320000000005,24.61974006,90,2018,"Census Tract 105.15, Fulton County, Georgia",10515,13,121,13121010515,5755,2660,3095,36.9,862,5617.0,10.0,32.0,4844.0,0.0,0.0,731.0,71.0,246.0,485.0,25772.0,5650.0,598.0,505.0,836.0,628.0,685.0,458.0,129.0,202.0,5755,5184,571,13,121,10515,1343.370682,29909.583000000002,54
1517,29708,30020,GA,13067031113,0.42200000000000004,33.9030531,-84.4940806,Georgia,WellStar Kennestone Regional Medical Center,Comprehensive Stroke Center,-84.55109,33.969758,9.084358276,1081,2018,"Census Tract 311.13, Cobb County, Georgia",31113,13,67,13067031113,1278,692,586,29.2,51,1208.0,0.0,13.0,645.0,7.0,148.0,395.0,30.0,233.0,247.0,38387.0,1238.0,113.0,31.0,136.0,125.0,267.0,186.0,16.0,77.0,1268,993,275,13,67,31113,3028.436019,10622.153000000002,43
1518,29714,30026,GA,13067031209,1.315,33.8558429,-84.4944273,Georgia,WellStar Kennestone Regional Medical Center,Comprehensive Stroke Center,-84.55109,33.969758,13.67903638,1480,2018,"Census Tract 312.09, Cobb County, Georgia",31209,13,67,13067031209,4873,2345,2528,41.2,664,4581.0,8.0,250.0,1039.0,0.0,135.0,3149.0,170.0,450.0,2963.0,60925.0,4751.0,386.0,156.0,259.0,351.0,345.0,409.0,148.0,1562.0,4873,4664,209,13,67,31209,3705.703422,15426.706999999995,52
1519,29721,30033,GA,13121007807,1.119,33.7624507,-84.49686170000001,Georgia,Grady Memorial Hospital,Comprehensive Stroke Center,-84.38242,33.752320000000005,10.66201224,942,2018,"Census Tract 78.07, Fulton County, Georgia",7807,13,121,13121007807,3368,1318,2050,27.6,439,3233.0,0.0,0.0,3163.0,0.0,0.0,70.0,100.0,77.0,17.0,15449.0,3300.0,617.0,218.0,341.0,189.0,192.0,67.0,29.0,54.0,3368,3002,366,13,121,7807,3009.830206,12453.99,36
1520,29722,30034,GA,13057090702,6.122999999999999,34.1697673,-84.49701879999999,Georgia,WellStar Kennestone Regional Medical Center,Comprehensive Stroke Center,-84.55109,33.969758,22.74028796,1638,2018,"Census Tract 907.02, Cherokee County, Georgia",90702,13,57,13057090702,7605,3709,3896,38.5,855,7402.0,0.0,11.0,299.0,0.0,57.0,7035.0,78.0,766.0,6339.0,33476.0,7480.0,1131.0,428.0,561.0,647.0,895.0,716.0,291.0,676.0,7594,6297,1297,13,57,90702,1242.038217,25412.915999999994,53
1521,29727,30039,GA,13121007808,0.63,33.751633,-84.4998632,Georgia,Grady Memorial Hospital,Comprehensive Stroke Center,-84.38242,33.752320000000005,10.8816632,943,2018,"Census Tract 78.08, Fulton County, Georgia",7808,13,121,13121007808,4456,1449,3007,22.3,299,4321.0,0.0,0.0,4160.0,0.0,161.0,0.0,0.0,190.0,0.0,12076.0,4321.0,856.0,590.0,373.0,126.0,84.0,97.0,0.0,31.0,4456,3616,840,13,121,7808,7073.015873,11765.614,31
1522,29730,30042,GA,13067031111,0.755,33.879535700000005,-84.5002377,Georgia,WellStar Kennestone Regional Medical Center,Comprehensive Stroke Center,-84.55109,33.969758,11.05717001,556,2018,"Census Tract 311.11, Cobb County, Georgia",31111,13,67,13067031111,3377,1708,1669,37.8,382,3257.0,0.0,198.0,1038.0,0.0,13.0,2008.0,57.0,34.0,1974.0,52668.0,3314.0,190.0,123.0,294.0,308.0,381.0,409.0,155.0,885.0,3368,3023,345,13,67,31111,4472.847682,13292.993999999992,54
1523,29731,30043,GA,13067031206,3.54,33.835871999999995,-84.500314,Georgia,Grady Memorial Hospital,Comprehensive Stroke Center,-84.38242,33.752320000000005,14.32078481,1477,2018,"Census Tract 312.06, Cobb County, Georgia",31206,13,67,13067031206,10948,5323,5625,37.1,989,10258.0,0.0,1425.0,4347.0,0.0,49.0,4437.0,522.0,1198.0,4039.0,48297.0,10650.0,832.0,400.0,1096.0,896.0,1093.0,1062.0,501.0,2596.0,10948,9517,1431,13,67,31206,3092.6553670000003,16359.251999999993,52
1524,29732,30044,GA,13057090904,4.82,34.1016473,-84.5005023,Georgia,WellStar Kennestone Regional Medical Center,Comprehensive Stroke Center,-84.55109,33.969758,15.35733271,161,2018,"Census Tract 909.04, Cherokee County, Georgia",90904,13,57,13057090904,10102,5126,4976,35.5,916,9755.0,29.0,283.0,758.0,0.0,462.0,8223.0,186.0,1669.0,7067.0,35388.0,9825.0,893.0,669.0,1080.0,751.0,1068.0,643.0,285.0,1483.0,9971,8623,1348,13,57,90904,2095.850622,19205.153000000002,50
1525,29734,30046,GA,13067030324,1.415,34.0715256,-84.5008181,Georgia,WellStar Kennestone Regional Medical Center,Comprehensive Stroke Center,-84.55109,33.969758,12.20599462,1534,2018,"Census Tract 303.24, Cobb County, Georgia",30324,13,67,13067030324,3577,1694,1883,39.0,452,3412.0,0.0,139.0,223.0,0.0,0.0,3050.0,85.0,267.0,2809.0,41509.0,3497.0,399.0,147.0,214.0,255.0,416.0,296.0,144.0,584.0,3577,3371,206,13,67,30324,2527.915194,14446.927,56
1526,29737,30049,GA,13067030411,0.7709999999999999,33.9371615,-84.5025541,Georgia,WellStar Kennestone Regional Medical Center,Comprehensive Stroke Center,-84.55109,33.969758,5.762025828,1073,2018,"Census Tract 304.11, Cobb County, Georgia",30411,13,67,13067030411,2603,1307,1296,26.4,20,2502.0,0.0,12.0,1484.0,0.0,92.0,914.0,83.0,788.0,446.0,25947.0,2585.0,362.0,108.0,348.0,304.0,203.0,263.0,21.0,52.0,2603,1527,1076,13,67,30411,3376.13489,6625.891000000002,29
1527,29741,30053,GA,13067030311,3.2680000000000002,34.059619,-84.5031369,Georgia,WellStar Kennestone Regional Medical Center,Comprehensive Stroke Center,-84.55109,33.969758,10.90746543,765,2018,"Census Tract 303.11, Cobb County, Georgia",30311,13,67,13067030311,6087,3053,3034,45.7,1033,5939.0,0.0,438.0,167.0,0.0,219.0,5115.0,60.0,384.0,4950.0,41432.0,5999.0,695.0,286.0,562.0,433.0,562.0,612.0,166.0,1029.0,6087,5681,406,13,67,30311,1862.6070989999998,13352.724000000002,56
1528,29742,30054,GA,13121011306,2.772,33.6389921,-84.50339,Georgia,Grady Memorial Hospital,Comprehensive Stroke Center,-84.38242,33.752320000000005,16.84610941,93,2018,"Census Tract 113.06, Fulton County, Georgia",11306,13,121,13121011306,2420,1090,1330,33.9,293,2378.0,0.0,0.0,2117.0,0.0,0.0,261.0,32.0,107.0,183.0,21002.0,2388.0,312.0,299.0,454.0,215.0,169.0,64.0,121.0,127.0,2420,1893,527,13,121,11306,873.015873,22389.695999999993,56
1529,29743,30055,GA,13067030412,0.774,33.9279446,-84.503893,Georgia,WellStar Kennestone Regional Medical Center,Comprehensive Stroke Center,-84.55109,33.969758,6.367569324,1074,2018,"Census Tract 304.12, Cobb County, Georgia",30412,13,67,13067030412,5186,2635,2551,27.0,324,4861.0,91.0,146.0,1972.0,0.0,258.0,2394.0,269.0,816.0,1932.0,24681.0,5010.0,615.0,413.0,643.0,702.0,536.0,238.0,49.0,123.0,5033,3384,1649,13,67,30412,6700.258398,7183.864000000002,33
1530,29750,30062,GA,13057090905,1.5819999999999999,34.080933,-84.505237,Georgia,WellStar Kennestone Regional Medical Center,Comprehensive Stroke Center,-84.55109,33.969758,13.03873036,162,2018,"Census Tract 909.05, Cherokee County, Georgia",90905,13,57,13057090905,4155,1868,2287,40.4,766,4093.0,20.0,49.0,250.0,0.0,126.0,3648.0,38.0,642.0,3126.0,34097.0,4117.0,438.0,194.0,480.0,477.0,457.0,400.0,179.0,501.0,4155,3772,383,13,57,90905,2626.42225,15800.066,61
1531,29756,30068,GA,13067030505,2.0180000000000002,33.9632907,-84.5067991,Georgia,WellStar Kennestone Regional Medical Center,Comprehensive Stroke Center,-84.55109,33.969758,4.155792895,768,2018,"Census Tract 305.05, Cobb County, Georgia",30505,13,67,13067030505,7165,3488,3677,29.2,434,6880.0,219.0,288.0,2780.0,0.0,102.0,3491.0,121.0,1082.0,2787.0,31558.0,7001.0,571.0,361.0,919.0,806.0,1044.0,685.0,162.0,349.0,7152,5800,1352,13,67,30505,3550.5450939999996,5598.937000000001,26
1532,29760,30072,GA,13067031108,1.2919999999999998,33.8923157,-84.5076177,Georgia,WellStar Kennestone Regional Medical Center,Comprehensive Stroke Center,-84.55109,33.969758,9.483862292000001,772,2018,"Census Tract 311.08, Cobb County, Georgia",31108,13,67,13067031108,5455,2255,3200,33.6,425,5255.0,16.0,87.0,2386.0,0.0,101.0,2665.0,132.0,528.0,2278.0,38548.0,5356.0,384.0,546.0,441.0,750.0,716.0,691.0,284.0,610.0,5455,4649,806,13,67,31108,4222.1362229999995,11062.936999999993,51
1533,29761,30073,GA,13121007703,1.7480000000000002,33.7039885,-84.5086077,Georgia,Grady Memorial Hospital,Comprehensive Stroke Center,-84.38242,33.752320000000005,12.86496176,837,2018,"Census Tract 77.03, Fulton County, Georgia",7703,13,121,13121007703,4220,1779,2441,38.7,837,4132.0,2.0,0.0,4027.0,0.0,14.0,89.0,35.0,0.0,89.0,23600.0,4139.0,537.0,287.0,687.0,355.0,430.0,237.0,85.0,245.0,4220,3706,514,13,121,7703,2414.1876429999998,15993.875000000002,42
1534,29762,30074,GA,13067031112,1.577,33.866935999999995,-84.5087129,Georgia,WellStar Kennestone Regional Medical Center,Comprehensive Stroke Center,-84.55109,33.969758,12.05956293,763,2018,"Census Tract 311.12, Cobb County, Georgia",31112,13,67,13067031112,5910,2813,3097,35.1,687,5614.0,0.0,290.0,1175.0,98.0,168.0,3883.0,78.0,383.0,3702.0,58382.0,5673.0,216.0,170.0,415.0,308.0,601.0,469.0,297.0,1596.0,5875,5751,124,13,67,31112,3747.6220670000002,13247.960999999992,67
1535,29766,30078,GA,13227050500,42.288999999999994,34.422912100000005,-84.5108365,Georgia,WellStar Kennestone Regional Medical Center,Comprehensive Stroke Center,-84.55109,33.969758,50.40328492,874,2018,"Census Tract 505, Pickens County, Georgia",50500,13,227,13227050500,4287,2124,2163,40.8,673,3888.0,28.0,8.0,19.0,13.0,0.0,3820.0,338.0,118.0,3702.0,26074.0,4196.0,576.0,367.0,597.0,324.0,573.0,251.0,87.0,372.0,4225,3828,397,13,227,50500,101.3738797,58147.378,67
1536,29772,30084,GA,13067030504,2.549,33.972102899999996,-84.5120441,Georgia,WellStar Kennestone Regional Medical Center,Comprehensive Stroke Center,-84.55109,33.969758,3.6178373539999997,753,2018,"Census Tract 305.04, Cobb County, Georgia",30504,13,67,13067030504,6159,2948,3211,40.0,717,5853.0,0.0,755.0,1128.0,0.0,192.0,3778.0,257.0,572.0,3320.0,37722.0,6098.0,706.0,322.0,234.0,716.0,569.0,458.0,81.0,1089.0,6147,4721,1426,13,67,30504,2416.241663,5593.588000000001,28
1537,29774,30086,GA,13067030312,3.3369999999999997,34.0302363,-84.5121123,Georgia,WellStar Kennestone Regional Medical Center,Comprehensive Stroke Center,-84.55109,33.969758,7.613764391,1862,2018,"Census Tract 303.12, Cobb County, Georgia",30312,13,67,13067030312,6624,3342,3282,42.6,1145,6571.0,9.0,619.0,853.0,0.0,42.0,5048.0,18.0,421.0,4669.0,31835.0,6580.0,1049.0,568.0,684.0,358.0,971.0,295.0,336.0,869.0,6615,6151,464,13,67,30312,1985.016482,9459.956000000002,42
1538,29776,30088,GA,13067030502,3.7,33.989991100000005,-84.5124969,Georgia,WellStar Kennestone Regional Medical Center,Comprehensive Stroke Center,-84.55109,33.969758,4.213673808,767,2018,"Census Tract 305.02, Cobb County, Georgia",30502,13,67,13067030502,7080,3739,3341,39.4,1312,6782.0,12.0,788.0,747.0,0.0,84.0,5151.0,108.0,612.0,4623.0,41778.0,6876.0,640.0,298.0,448.0,645.0,528.0,491.0,169.0,1499.0,7027,6382,645,13,67,30502,1913.513514,5982.824,35
1539,29777,30089,GA,13121010511,6.197,33.6142836,-84.5127163,Georgia,Grady Memorial Hospital,Comprehensive Stroke Center,-84.38242,33.752320000000005,19.50344406,721,2018,"Census Tract 105.11, Fulton County, Georgia",10511,13,121,13121010511,8093,3436,4657,34.9,713,7981.0,0.0,36.0,7539.0,18.0,0.0,388.0,112.0,0.0,388.0,28575.0,8072.0,1014.0,701.0,798.0,776.0,780.0,531.0,235.0,549.0,8093,6954,1139,13,121,10511,1305.9544939999998,22558.95599999999,45
1540,29784,30096,GA,13067030507,2.3569999999999998,34.00708770000001,-84.51381429999999,Georgia,WellStar Kennestone Regional Medical Center,Comprehensive Stroke Center,-84.55109,33.969758,5.385876432000001,1078,2018,"Census Tract 305.07, Cobb County, Georgia",30507,13,67,13067030507,4821,2305,2516,42.6,779,4714.0,8.0,188.0,826.0,0.0,195.0,3497.0,99.0,346.0,3296.0,39832.0,4813.0,413.0,347.0,362.0,416.0,680.0,407.0,311.0,719.0,4821,4224,597,13,67,30507,2045.396691,6910.903,25
1541,29785,30097,GA,13067031001,5.825,33.9140638,-84.5138527,Georgia,WellStar Kennestone Regional Medical Center,Comprehensive Stroke Center,-84.55109,33.969758,7.072091171,762,2018,"Census Tract 310.01, Cobb County, Georgia",31001,13,67,13067031001,5279,2754,2525,30.0,249,5062.0,0.0,9.0,1648.0,0.0,1066.0,2339.0,127.0,2200.0,1241.0,21341.0,5131.0,580.0,439.0,812.0,597.0,350.0,95.0,60.0,39.0,5245,3161,2084,13,67,31001,906.2660944,13544.006000000001,49
1542,29786,30098,GA,13227050300,43.513000000000005,34.5174893,-84.5139714,Georgia,WellStar Kennestone Regional Medical Center,Comprehensive Stroke Center,-84.55109,33.969758,60.85421962,873,2018,"Census Tract 503, Pickens County, Georgia",50300,13,227,13227050300,4453,2038,2415,38.3,635,4130.0,54.0,41.0,0.0,0.0,0.0,4035.0,303.0,77.0,3992.0,22800.0,4433.0,542.0,446.0,589.0,323.0,391.0,401.0,166.0,208.0,4453,3833,620,13,227,50300,102.3372326,72772.58000000003,92
1543,29788,30100,GA,13121007806,1.905,33.7459578,-84.5145823,Georgia,Grady Memorial Hospital,Comprehensive Stroke Center,-84.38242,33.752320000000005,12.26587625,782,2018,"Census Tract 78.06, Fulton County, Georgia",7806,13,121,13121007806,7255,3154,4101,40.9,1053,7255.0,0.0,19.0,7045.0,0.0,0.0,191.0,0.0,18.0,173.0,20910.0,7255.0,1321.0,465.0,983.0,665.0,637.0,549.0,127.0,87.0,7255,6605,650,13,121,7806,3808.39895,13625.711000000001,41
1544,29801,30113,GA,13111050300,107.777,34.917258000000004,-84.5177439,Tennessee,Erlanger Health System,Comprehensive Stroke Center,-85.29043,35.04872,72.04316058,477,2018,"Census Tract 503, Fannin County, Georgia",50300,13,111,13111050300,2417,1334,1083,50.0,692,2411.0,0.0,0.0,0.0,0.0,11.0,2400.0,6.0,28.0,2383.0,30273.0,2407.0,271.0,180.0,346.0,310.0,230.0,264.0,79.0,105.0,2417,2218,199,13,111,50300,22.42593503,110739.52499999997,110
1545,29803,30115,GA,13113140305,9.874,33.4214827,-84.51790909999998,Georgia,Grady Memorial Hospital,Comprehensive Stroke Center,-84.38242,33.752320000000005,38.79044172,639,2018,"Census Tract 1403.05, Fayette County, Georgia",140305,13,113,13113140305,5300,2538,2762,36.7,733,5083.0,0.0,787.0,836.0,0.0,280.0,3180.0,182.0,599.0,2875.0,43631.0,5243.0,354.0,298.0,442.0,318.0,426.0,390.0,166.0,863.0,5300,4998,302,13,113,140305,536.7632165,45242.97399999999,77
1546,29804,30116,GA,13087970400,12.175999999999998,30.924998499999997,-84.518135,Florida,Tallahassee Memorial Hospital,Comprehensive Stroke Center,-84.26194,30.45625,57.47284536,573,2018,"Census Tract 9704, Decatur County, Georgia",970400,13,87,13087970400,4476,1912,2564,33.2,545,4334.0,0.0,0.0,3239.0,0.0,0.0,1095.0,56.0,0.0,1095.0,19371.0,4390.0,837.0,298.0,372.0,405.0,383.0,156.0,59.0,96.0,4476,3926,550,13,87,970400,367.60841,67747.516,103
1547,29806,30118,GA,13123080200,130.714,34.7777456,-84.5187762,Tennessee,Erlanger Health System,Comprehensive Stroke Center,-85.29043,35.04872,76.65716628,1867,2018,"Census Tract 802, Gilmer County, Georgia",80200,13,123,13123080200,5402,2674,2728,52.9,1466,5269.0,18.0,94.0,0.0,3.0,25.0,5129.0,92.0,140.0,5088.0,29337.0,5361.0,665.0,508.0,753.0,318.0,633.0,493.0,66.0,685.0,5402,4452,950,13,123,80200,41.32686629,94488.97799999993,117
1548,29811,30123,GA,13113140307,6.581,33.3569314,-84.5197642,Georgia,Grady Memorial Hospital,Comprehensive Stroke Center,-84.38242,33.752320000000005,45.67132105,640,2018,"Census Tract 1403.07, Fayette County, Georgia",140307,13,113,13113140307,5425,2831,2594,42.2,434,5155.0,21.0,29.0,295.0,0.0,33.0,4777.0,228.0,251.0,4561.0,66862.0,5383.0,595.0,180.0,238.0,189.0,171.0,224.0,97.0,1570.0,5425,5391,34,13,113,140307,824.342805,49745.822,92
1549,29813,30125,GA,13121008202,2.676,33.7793244,-84.52102579999999,Georgia,Grady Memorial Hospital,Comprehensive Stroke Center,-84.38242,33.752320000000005,13.18483196,949,2018,"Census Tract 82.02, Fulton County, Georgia",8202,13,121,13121008202,2133,921,1212,34.8,343,2115.0,0.0,0.0,2034.0,0.0,3.0,78.0,0.0,26.0,69.0,18028.0,2101.0,404.0,209.0,245.0,280.0,161.0,126.0,0.0,7.0,2119,1735,384,13,121,8202,797.0852017999999,14644.206999999997,37
1550,29818,30130,GA,13121007706,4.8660000000000005,33.6716245,-84.52251120000001,Georgia,Grady Memorial Hospital,Comprehensive Stroke Center,-84.38242,33.752320000000005,15.77158984,840,2018,"Census Tract 77.06, Fulton County, Georgia",7706,13,121,13121007706,9698,3676,6022,36.6,1561,9673.0,114.0,69.0,9223.0,0.0,0.0,267.0,25.0,139.0,180.0,27518.0,9698.0,1476.0,1451.0,682.0,833.0,1390.0,742.0,144.0,737.0,9698,8733,965,13,121,7706,1993.012741,17656.992000000006,43
1551,29819,30131,GA,13197920100,198.363,32.437747200000004,-84.5226277,Georgia,Grady Memorial Hospital,Comprehensive Stroke Center,-84.38242,33.752320000000005,146.3805245,191,2018,"Census Tract 9201, Marion County, Georgia",920100,13,197,13197920100,4223,1974,2249,51.0,926,4136.0,14.0,89.0,109.0,36.0,85.0,3803.0,67.0,294.0,3583.0,25016.0,4174.0,658.0,316.0,512.0,340.0,380.0,495.0,94.0,179.0,4216,3653,563,13,197,920100,21.28925253,161268.8839999999,137
1552,29820,30132,GA,13057091001,3.4939999999999998,34.1031593,-84.5226509,Georgia,WellStar Kennestone Regional Medical Center,Comprehensive Stroke Center,-84.55109,33.969758,15.02852145,626,2018,"Census Tract 910.01, Cherokee County, Georgia",91001,13,57,13057091001,4755,2165,2590,34.4,797,4368.0,22.0,123.0,695.0,0.0,230.0,3298.0,251.0,734.0,2832.0,35398.0,4619.0,437.0,300.0,457.0,406.0,551.0,497.0,105.0,483.0,4755,4170,585,13,57,91001,1360.904408,16587.727000000003,39
1553,29823,30135,GA,13067031110,1.044,33.8768783,-84.5232851,Georgia,WellStar Kennestone Regional Medical Center,Comprehensive Stroke Center,-84.55109,33.969758,10.6182815,756,2018,"Census Tract 311.10, Cobb County, Georgia",31110,13,67,13067031110,3142,1627,1515,35.1,247,2831.0,0.0,104.0,312.0,0.0,197.0,2218.0,251.0,579.0,1801.0,45865.0,3082.0,183.0,65.0,284.0,319.0,221.0,320.0,98.0,571.0,3142,2630,512,13,67,31110,3009.578544,12120.889999999994,67
1554,29830,30142,GA,13067031313,5.9879999999999995,33.818332899999994,-84.5254407,Georgia,Grady Memorial Hospital,Comprehensive Stroke Center,-84.38242,33.752320000000005,15.13509394,1484,2018,"Census Tract 313.13, Cobb County, Georgia",31313,13,67,13067031313,10161,4918,5243,39.3,734,9622.0,38.0,461.0,4679.0,0.0,194.0,4250.0,437.0,771.0,4106.0,62310.0,10059.0,541.0,263.0,441.0,566.0,804.0,927.0,628.0,2630.0,10145,9675,470,13,67,31313,1696.8937879999999,18123.440000000013,58
1555,29832,30144,GA,13067030800,2.189,33.9397344,-84.52589820000001,Georgia,WellStar Kennestone Regional Medical Center,Comprehensive Stroke Center,-84.55109,33.969758,4.063608404,769,2018,"Census Tract 308, Cobb County, Georgia",30800,13,67,13067030800,5806,3662,2144,22.6,225,5393.0,0.0,218.0,1269.0,4.0,760.0,3142.0,340.0,1933.0,2365.0,17171.0,3693.0,1344.0,354.0,702.0,351.0,417.0,219.0,80.0,252.0,5806,4198,1608,13,67,30800,2652.352672,5009.508000000002,35
1556,29836,30148,GA,13067031118,1.942,33.855455600000006,-84.5269135,Georgia,WellStar Kennestone Regional Medical Center,Comprehensive Stroke Center,-84.55109,33.969758,12.87414638,1086,2018,"Census Tract 311.18, Cobb County, Georgia",31118,13,67,13067031118,6229,2695,3534,34.9,748,5800.0,0.0,432.0,1780.0,0.0,197.0,3391.0,394.0,679.0,3108.0,40640.0,6085.0,362.0,364.0,677.0,539.0,479.0,394.0,228.0,1231.0,6121,5315,806,13,67,31118,3207.518023,13876.60699999999,64
1557,29839,30151,GA,13087970600,14.71,30.8606785,-84.5282124,Florida,Tallahassee Memorial Hospital,Comprehensive Stroke Center,-84.26194,30.45625,51.59054851,576,2018,"Census Tract 9706, Decatur County, Georgia",970600,13,87,13087970600,5233,2457,2776,37.6,983,5116.0,19.0,0.0,1805.0,0.0,228.0,3064.0,22.0,45.0,3041.0,32086.0,4949.0,591.0,409.0,425.0,316.0,698.0,257.0,189.0,432.0,5073,4473,600,13,87,970600,355.74439160000003,58861.21000000001,98
1558,29840,30152,GA,13067031101,1.285,33.892741799999996,-84.5284012,Georgia,WellStar Kennestone Regional Medical Center,Comprehensive Stroke Center,-84.55109,33.969758,8.796525498,755,2018,"Census Tract 311.01, Cobb County, Georgia",31101,13,67,13067031101,5605,2951,2654,31.6,380,5067.0,18.0,127.0,1244.0,0.0,1304.0,2374.0,369.0,2103.0,1857.0,30833.0,5381.0,569.0,313.0,580.0,414.0,441.0,478.0,144.0,535.0,5550,4254,1296,13,67,31101,4361.867704,10116.017999999993,63
1559,29841,30153,GA,13121007802,5.165,33.713559499999995,-84.52867859999999,Georgia,Grady Memorial Hospital,Comprehensive Stroke Center,-84.38242,33.752320000000005,14.21969734,896,2018,"Census Tract 78.02, Fulton County, Georgia",7802,13,121,13121007802,10246,4760,5486,38.2,1235,9945.0,25.0,0.0,9833.0,0.0,15.0,72.0,181.0,42.0,72.0,30590.0,10126.0,1371.0,453.0,778.0,1221.0,1076.0,687.0,283.0,793.0,10246,8760,1486,13,121,7802,1983.736689,18208.871000000003,51
1560,29844,30156,GA,13197920200,167.65400000000002,32.2709492,-84.5294068,Alabama,Southeast Health,Comprehensive Stroke Center,-85.36301,31.21588,141.1561922,192,2018,"Census Tract 9202, Marion County, Georgia",920200,13,197,13197920200,4261,2229,2032,40.6,798,4184.0,0.0,0.0,2440.0,0.0,286.0,1458.0,43.0,309.0,1419.0,21422.0,4128.0,512.0,434.0,715.0,461.0,336.0,276.0,17.0,209.0,4173,3544,629,13,197,920200,25.41543894,168983.68700000006,162
1561,29870,30182,GA,13121007805,5.819,33.7538409,-84.53818270000001,Georgia,Grady Memorial Hospital,Comprehensive Stroke Center,-84.38242,33.752320000000005,14.43259109,897,2018,"Census Tract 78.05, Fulton County, Georgia",7805,13,121,13121007805,3381,1495,1886,39.0,549,3354.0,0.0,38.0,3195.0,0.0,0.0,121.0,16.0,49.0,79.0,19789.0,3245.0,540.0,442.0,403.0,399.0,249.0,119.0,57.0,119.0,3256,2748,508,13,121,7805,581.027668,15680.043999999996,39
1562,29871,30183,GA,13067030700,1.663,33.9598687,-84.53825529999999,Georgia,WellStar Kennestone Regional Medical Center,Comprehensive Stroke Center,-84.55109,33.969758,1.615670496,1865,2018,"Census Tract 307, Cobb County, Georgia",30700,13,67,13067030700,4665,2165,2500,35.7,646,4554.0,128.0,8.0,1447.0,0.0,660.0,2311.0,73.0,1230.0,1953.0,26106.0,4613.0,508.0,250.0,725.0,559.0,463.0,228.0,80.0,360.0,4653,3508,1145,13,67,30700,2805.171377,2174.012,17
1563,29872,30184,GA,13067030506,3.09,33.9974216,-84.5386849,Georgia,WellStar Kennestone Regional Medical Center,Comprehensive Stroke Center,-84.55109,33.969758,3.275612492,1077,2018,"Census Tract 305.06, Cobb County, Georgia",30506,13,67,13067030506,4965,2428,2537,36.4,656,4655.0,0.0,95.0,1122.0,0.0,159.0,3279.0,224.0,738.0,2706.0,25091.0,4879.0,667.0,348.0,922.0,593.0,352.0,322.0,179.0,512.0,4965,4036,929,13,67,30506,1606.796117,4442.74,26
1564,29875,30187,GA,13121010512,3.5410000000000004,33.5930211,-84.539209,Georgia,Grady Memorial Hospital,Comprehensive Stroke Center,-84.38242,33.752320000000005,22.882468600000003,739,2018,"Census Tract 105.12, Fulton County, Georgia",10512,13,121,13121010512,6925,3241,3684,27.9,462,6653.0,0.0,27.0,6264.0,0.0,70.0,292.0,157.0,174.0,222.0,22576.0,6810.0,782.0,654.0,1102.0,720.0,757.0,347.0,100.0,170.0,6925,5996,929,13,121,10512,1955.662242,26482.898000000005,52
1565,29885,30197,GA,13057090701,14.049000000000001,34.168655,-84.5413814,Georgia,WellStar Kennestone Regional Medical Center,Comprehensive Stroke Center,-84.55109,33.969758,22.0805734,1630,2018,"Census Tract 907.01, Cherokee County, Georgia",90701,13,57,13057090701,21523,10125,11398,35.8,2338,20540.0,463.0,653.0,2190.0,0.0,711.0,16523.0,557.0,2863.0,15330.0,45772.0,21097.0,2368.0,1173.0,1315.0,1386.0,1714.0,2198.0,1160.0,3098.0,21523,18943,2580,13,57,90701,1531.99516,25590.530999999995,45
1566,29888,30200,GA,13067031116,1.058,33.8848475,-84.5424905,Georgia,WellStar Kennestone Regional Medical Center,Comprehensive Stroke Center,-84.55109,33.969758,9.451868762,1084,2018,"Census Tract 311.16, Cobb County, Georgia",31116,13,67,13067031116,4529,2146,2383,30.1,295,4439.0,0.0,130.0,1478.0,0.0,1289.0,1542.0,69.0,1862.0,987.0,22563.0,4347.0,557.0,211.0,689.0,399.0,401.0,257.0,75.0,208.0,4519,3356,1163,13,67,31116,4280.718336,10276.755999999992,71
1567,29889,30201,GA,13307960100,102.054,32.0994599,-84.54261290000001,Alabama,Southeast Health,Comprehensive Stroke Center,-85.36301,31.21588,125.1096068,1790,2018,"Census Tract 9601, Webster County, Georgia",960100,13,307,13307960100,1256,614,642,38.5,195,1249.0,0.0,0.0,492.0,0.0,98.0,659.0,0.0,126.0,631.0,22602.0,1244.0,128.0,87.0,261.0,101.0,103.0,55.0,30.0,93.0,1251,1178,73,13,307,960100,12.30720991,144883.87299999996,143
1568,29890,30202,GA,13067030310,3.364,34.067382200000004,-84.542633,Georgia,WellStar Kennestone Regional Medical Center,Comprehensive Stroke Center,-84.55109,33.969758,10.8568786,1856,2018,"Census Tract 303.10, Cobb County, Georgia",30310,13,67,13067030310,7966,4080,3886,37.3,1027,7247.0,0.0,97.0,890.0,0.0,147.0,6113.0,557.0,810.0,5443.0,32912.0,7804.0,763.0,537.0,860.0,685.0,918.0,414.0,312.0,897.0,7966,6216,1750,13,67,30310,2368.0142690000002,13370.897,39
1569,29894,30206,GA,13077170503,27.375999999999998,33.2810632,-84.5435,Georgia,Grady Memorial Hospital,Comprehensive Stroke Center,-84.38242,33.752320000000005,54.36893948,1003,2018,"Census Tract 1705.03, Coweta County, Georgia",170503,13,77,13077170503,5994,2986,3008,36.0,872,5763.0,8.0,18.0,319.0,0.0,23.0,5395.0,93.0,319.0,5137.0,34634.0,5856.0,936.0,221.0,562.0,450.0,676.0,574.0,226.0,657.0,5994,5336,658,13,77,170503,218.95090589999998,58251.10900000001,95
1570,29895,30207,GA,13067031312,4.87,33.800621,-84.54362590000001,Georgia,Grady Memorial Hospital,Comprehensive Stroke Center,-84.38242,33.752320000000005,15.86389255,1483,2018,"Census Tract 313.12, Cobb County, Georgia",31312,13,67,13067031312,10656,5133,5523,33.9,592,10090.0,40.0,218.0,6187.0,0.0,301.0,3344.0,476.0,1679.0,2430.0,35887.0,10566.0,853.0,386.0,1564.0,635.0,965.0,769.0,447.0,1455.0,10552,9501,1051,13,67,31312,2188.090349,18217.326000000012,50
1571,29898,30210,GA,13057091008,3.7089999999999996,34.1245135,-84.5441496,Georgia,WellStar Kennestone Regional Medical Center,Comprehensive Stroke Center,-84.55109,33.969758,17.17793861,164,2018,"Census Tract 910.08, Cherokee County, Georgia",91008,13,57,13057091008,9024,4526,4498,41.1,1124,8896.0,0.0,599.0,789.0,0.0,44.0,7464.0,46.0,395.0,7092.0,41672.0,8942.0,1104.0,366.0,547.0,713.0,696.0,729.0,257.0,1693.0,9024,8332,692,13,57,91008,2433.000809,21279.515,45
1572,29900,30212,GA,13121010510,11.927999999999999,33.548598600000005,-84.544354,Georgia,Grady Memorial Hospital,Comprehensive Stroke Center,-84.38242,33.752320000000005,27.13328697,702,2018,"Census Tract 105.10, Fulton County, Georgia",10510,13,121,13121010510,15168,6139,9029,34.7,1878,14404.0,0.0,0.0,12181.0,0.0,380.0,1843.0,108.0,1163.0,1111.0,27445.0,14496.0,1363.0,968.0,2013.0,1796.0,1680.0,1224.0,99.0,826.0,15092,13198,1894,13,121,10510,1271.6297789999999,30000.202,48
1573,29907,30219,GA,13113140306,5.102,33.3602091,-84.5474604,Georgia,Grady Memorial Hospital,Comprehensive Stroke Center,-84.38242,33.752320000000005,46.11214969,650,2018,"Census Tract 1403.06, Fayette County, Georgia",140306,13,113,13113140306,7476,3459,4017,44.2,1506,7245.0,27.0,525.0,475.0,0.0,27.0,6191.0,203.0,822.0,5421.0,39621.0,7435.0,525.0,527.0,765.0,434.0,582.0,423.0,242.0,1494.0,7415,6564,851,13,113,140306,1465.307722,52071.674,101
1574,29908,30220,GA,13067030313,3.67,34.0354083,-84.548082,Georgia,WellStar Kennestone Regional Medical Center,Comprehensive Stroke Center,-84.55109,33.969758,7.287391107,559,2018,"Census Tract 303.13, Cobb County, Georgia",30313,13,67,13067030313,9389,4854,4535,40.0,1286,9089.0,0.0,990.0,1717.0,0.0,611.0,5771.0,209.0,1203.0,5297.0,34080.0,9248.0,1153.0,616.0,910.0,786.0,1036.0,743.0,400.0,1219.0,9375,8646,729,13,67,30313,2558.310627,8416.031,29
1575,29909,30221,GA,13007960200,160.248,31.3164297,-84.54808919999999,Alabama,Southeast Health,Comprehensive Stroke Center,-85.36301,31.21588,78.40781829,11,2018,"Census Tract 9602, Baker County, Georgia",960200,13,7,13007960200,1198,614,584,53.7,396,1181.0,7.0,0.0,325.0,20.0,0.0,829.0,0.0,67.0,762.0,22440.0,1181.0,167.0,97.0,231.0,107.0,160.0,83.0,10.0,55.0,1198,1012,186,13,7,960200,7.475912336,89544.57299999999,92
1576,29920,30232,GA,13113140304,5.325,33.4066312,-84.5509325,Georgia,Grady Memorial Hospital,Comprehensive Stroke Center,-84.38242,33.752320000000005,41.4107664,637,2018,"Census Tract 1403.04, Fayette County, Georgia",140304,13,113,13113140304,6578,3044,3534,42.5,1275,6447.0,0.0,271.0,431.0,0.0,144.0,5601.0,115.0,886.0,4859.0,40909.0,6488.0,857.0,322.0,491.0,354.0,532.0,619.0,277.0,1062.0,6578,6086,492,13,113,140304,1235.305164,49216.14999999998,85
1577,29923,30235,GA,13067031117,2.336,33.8584711,-84.5512277,Georgia,WellStar Kennestone Regional Medical Center,Comprehensive Stroke Center,-84.55109,33.969758,12.34404253,1085,2018,"Census Tract 311.17, Cobb County, Georgia",31117,13,67,13067031117,5719,2829,2890,38.1,790,5332.0,0.0,171.0,1298.0,0.0,233.0,3630.0,263.0,424.0,3478.0,40397.0,5595.0,479.0,346.0,578.0,499.0,535.0,464.0,258.0,919.0,5719,5056,663,13,67,31117,2448.202055,13770.989999999994,72
1578,29924,30236,GA,13067031115,1.413,33.8752006,-84.5514728,Georgia,WellStar Kennestone Regional Medical Center,Comprehensive Stroke Center,-84.55109,33.969758,10.48845983,1083,2018,"Census Tract 311.15, Cobb County, Georgia",31115,13,67,13067031115,4878,2105,2773,36.0,499,4725.0,11.0,171.0,1615.0,0.0,872.0,2056.0,116.0,1484.0,1482.0,36957.0,4816.0,488.0,207.0,560.0,371.0,518.0,422.0,166.0,592.0,4878,3922,956,13,67,31115,3452.229299,11593.605999999994,83
1579,29926,30238,GA,13057091005,2.866,34.1004981,-84.5527112,Georgia,WellStar Kennestone Regional Medical Center,Comprehensive Stroke Center,-84.55109,33.969758,14.50285959,1636,2018,"Census Tract 910.05, Cherokee County, Georgia",91005,13,57,13057091005,7461,3688,3773,35.0,854,7244.0,0.0,158.0,904.0,0.0,133.0,6049.0,110.0,1137.0,5145.0,34545.0,7249.0,516.0,449.0,755.0,836.0,925.0,483.0,339.0,730.0,7461,6646,815,13,57,91005,2603.2798329999996,19961.862,39
1580,29934,30246,GA,13067030902,1.9669999999999999,33.9399148,-84.5548512,Georgia,WellStar Kennestone Regional Medical Center,Comprehensive Stroke Center,-84.55109,33.969758,3.328461217,754,2018,"Census Tract 309.02, Cobb County, Georgia",30902,13,67,13067030902,6061,3393,2668,33.9,691,5957.0,81.0,0.0,1242.0,0.0,1370.0,3264.0,14.0,2299.0,2376.0,27815.0,5970.0,623.0,355.0,802.0,624.0,650.0,310.0,216.0,659.0,6061,4353,1708,13,67,30902,3081.342145,3804.979999999999,40
1581,29936,30248,GA,13067031004,1.609,33.892978799999995,-84.55598470000001,Georgia,WellStar Kennestone Regional Medical Center,Comprehensive Stroke Center,-84.55109,33.969758,8.528452833,770,2018,"Census Tract 310.04, Cobb County, Georgia",31004,13,67,13067031004,8054,3985,4069,32.3,743,7758.0,0.0,75.0,3505.0,12.0,1535.0,2631.0,225.0,2735.0,1553.0,21940.0,7983.0,1088.0,846.0,1165.0,940.0,796.0,338.0,136.0,181.0,8054,5581,2473,13,67,31004,5005.593536,9365.020999999999,68
1582,29939,30251,GA,13067031307,4.027,33.8348391,-84.55681209999999,Georgia,WellStar Kennestone Regional Medical Center,Comprehensive Stroke Center,-84.55109,33.969758,14.974643599999999,1861,2018,"Census Tract 313.07, Cobb County, Georgia",31307,13,67,13067031307,6200,2899,3301,40.7,999,6068.0,0.0,341.0,1611.0,11.0,890.0,3215.0,120.0,1141.0,2965.0,35226.0,6188.0,612.0,364.0,734.0,490.0,494.0,640.0,185.0,905.0,6200,5667,533,13,67,31307,1539.6076480000002,18324.005000000005,72
1583,29941,30253,GA,13113140204,15.853,33.4853889,-84.55713670000002,Georgia,Grady Memorial Hospital,Comprehensive Stroke Center,-84.38242,33.752320000000005,33.7552904,647,2018,"Census Tract 1402.04, Fayette County, Georgia",140204,13,113,13113140204,5778,2867,2911,36.9,666,5712.0,0.0,85.0,1693.0,0.0,521.0,3413.0,16.0,1197.0,2707.0,32477.0,5614.0,484.0,322.0,686.0,393.0,478.0,295.0,94.0,847.0,5778,4846,932,13,113,140204,364.4736012,39323.937000000005,61
1584,29944,30256,GA,13067031002,1.827,33.909243599999996,-84.558504,Georgia,WellStar Kennestone Regional Medical Center,Comprehensive Stroke Center,-84.55109,33.969758,6.747240701,562,2018,"Census Tract 310.02, Cobb County, Georgia",31002,13,67,13067031002,9104,4294,4810,29.8,1038,8823.0,41.0,197.0,2764.0,0.0,2723.0,3098.0,108.0,4244.0,1510.0,21543.0,8571.0,1002.0,681.0,1431.0,837.0,612.0,419.0,105.0,184.0,8919,4909,4010,13,67,31002,4983.032293,7559.300000000004,55
1585,29948,30260,GA,13037950100,185.615,31.5256326,-84.55905759999999,Alabama,Southeast Health,Comprehensive Stroke Center,-85.36301,31.21588,83.83906554,1735,2018,"Census Tract 9501, Calhoun County, Georgia",950100,13,37,13037950100,3361,2524,837,40.4,422,3325.0,0.0,0.0,1793.0,0.0,182.0,1350.0,28.0,264.0,1267.0,20397.0,1473.0,237.0,220.0,266.0,209.0,143.0,78.0,14.0,78.0,1521,1192,329,13,37,950100,18.10737279,94968.51199999997,98
1586,29949,30261,GA,13263960300,108.87100000000001,32.595753,-84.5596483,Georgia,Grady Memorial Hospital,Comprehensive Stroke Center,-84.38242,33.752320000000005,129.33265020000002,1810,2018,"Census Tract 9603, Talbot County, Georgia",960300,13,263,13263960300,1740,904,836,48.6,399,1718.0,0.0,0.0,899.0,0.0,5.0,814.0,7.0,28.0,791.0,17568.0,1703.0,353.0,192.0,248.0,147.0,208.0,68.0,6.0,62.0,1740,1513,227,13,263,960300,15.98221749,141403.07300000003,127
1587,29952,30264,GA,13067031311,3.162,33.7863383,-84.5604073,Georgia,Grady Memorial Hospital,Comprehensive Stroke Center,-84.38242,33.752320000000005,16.91387973,563,2018,"Census Tract 313.11, Cobb County, Georgia",31311,13,67,13067031311,9603,4210,5393,29.2,500,9087.0,21.0,120.0,6993.0,0.0,570.0,1383.0,270.0,1863.0,568.0,27088.0,9318.0,841.0,650.0,895.0,1111.0,875.0,519.0,183.0,595.0,9586,7413,2173,13,67,31311,3037.001898,19327.642999999996,48
1588,29954,30266,GA,13121010513,11.169,33.592025899999996,-84.5606039,Georgia,Grady Memorial Hospital,Comprehensive Stroke Center,-84.38242,33.752320000000005,24.27259553,740,2018,"Census Tract 105.13, Fulton County, Georgia",10513,13,121,13121010513,14386,6490,7896,33.8,1108,14036.0,0.0,0.0,10663.0,0.0,1122.0,2251.0,126.0,2378.0,1024.0,24758.0,14162.0,1675.0,809.0,2147.0,1626.0,1522.0,816.0,165.0,443.0,14357,12518,1839,13,121,10513,1288.029367,27641.774000000005,56
1589,29955,30267,GA,13067030220,0.701,34.0568459,-84.56068640000001,Georgia,WellStar Kennestone Regional Medical Center,Comprehensive Stroke Center,-84.55109,33.969758,9.700603323,1046,2018,"Census Tract 302.20, Cobb County, Georgia",30220,13,67,13067030220,1734,831,903,42.2,201,1633.0,0.0,99.0,377.0,0.0,44.0,1113.0,61.0,50.0,1113.0,42679.0,1692.0,182.0,41.0,124.0,67.0,223.0,172.0,67.0,262.0,1734,1628,106,13,67,30220,2473.6091300000003,11068.885999999999,24
1590,29959,30271,GA,13121010304,15.238,33.658599,-84.5620747,Georgia,Grady Memorial Hospital,Comprehensive Stroke Center,-84.38242,33.752320000000005,19.63239967,790,2018,"Census Tract 103.04, Fulton County, Georgia",10304,13,121,13121010304,16206,8382,7824,37.4,1325,15775.0,0.0,0.0,14840.0,0.0,110.0,825.0,15.0,135.0,825.0,46547.0,15659.0,1592.0,421.0,1224.0,745.0,1620.0,1607.0,753.0,2275.0,16206,13792,2414,13,121,10304,1063.525397,23657.08599999999,59
1591,29963,30275,GA,13067030601,3.563,33.997024100000004,-84.56348890000001,Georgia,WellStar Kennestone Regional Medical Center,Comprehensive Stroke Center,-84.55109,33.969758,3.2341434139999996,1079,2018,"Census Tract 306.01, Cobb County, Georgia",30601,13,67,13067030601,8866,3883,4983,29.0,528,8627.0,29.0,1256.0,2816.0,0.0,243.0,4283.0,211.0,800.0,3853.0,36208.0,8838.0,1033.0,335.0,1052.0,881.0,1602.0,508.0,292.0,1243.0,8840,7283,1557,13,67,30601,2488.352512,7243.352000000002,32
1592,29965,30277,GA,13307960200,107.303,31.990633000000003,-84.56363950000001,Alabama,Southeast Health,Comprehensive Stroke Center,-85.36301,31.21588,114.60315690000002,1789,2018,"Census Tract 9602, Webster County, Georgia",960200,13,307,13307960200,1357,640,717,50.4,352,1332.0,5.0,0.0,553.0,0.0,119.0,655.0,19.0,124.0,650.0,19926.0,1351.0,68.0,245.0,205.0,95.0,99.0,107.0,26.0,31.0,1357,1128,229,13,307,960200,12.64643113,135294.159,127
1593,29969,30281,GA,13067030228,3.687,34.0334648,-84.564961,Georgia,WellStar Kennestone Regional Medical Center,Comprehensive Stroke Center,-84.55109,33.969758,7.181761262,1052,2018,"Census Tract 302.28, Cobb County, Georgia",30228,13,67,13067030228,7245,3409,3836,25.7,553,6938.0,156.0,204.0,1765.0,0.0,111.0,4702.0,213.0,634.0,4298.0,26472.0,7151.0,1000.0,518.0,1124.0,593.0,870.0,516.0,351.0,511.0,7245,6254,991,13,67,30228,1965.012205,9286.643000000002,27
1594,29974,30286,GA,13067030904,1.319,33.92209570000001,-84.5659958,Georgia,WellStar Kennestone Regional Medical Center,Comprehensive Stroke Center,-84.55109,33.969758,5.463392096000001,561,2018,"Census Tract 309.04, Cobb County, Georgia",30904,13,67,13067030904,7137,3253,3884,29.8,508,6734.0,46.0,117.0,3093.0,0.0,1046.0,2432.0,319.0,2262.0,1463.0,20689.0,7012.0,1111.0,440.0,653.0,799.0,516.0,255.0,58.0,231.0,7119,5440,1679,13,67,30904,5410.917362,6486.178000000001,44
1595,29977,30289,GA,13113140206,5.354,33.438845,-84.5666578,Georgia,Grady Memorial Hospital,Comprehensive Stroke Center,-84.38242,33.752320000000005,38.74704885,642,2018,"Census Tract 1402.06, Fayette County, Georgia",140206,13,113,13113140206,4561,2052,2509,45.5,873,4320.0,0.0,259.0,189.0,0.0,149.0,3723.0,166.0,182.0,3551.0,37569.0,4477.0,645.0,209.0,354.0,265.0,355.0,179.0,88.0,991.0,4561,4243,318,13,113,140206,851.88644,46771.454,81
1596,29978,30290,GA,13057091003,3.85,34.0893576,-84.56696629999999,Georgia,WellStar Kennestone Regional Medical Center,Comprehensive Stroke Center,-84.55109,33.969758,13.34711559,1633,2018,"Census Tract 910.03, Cherokee County, Georgia",91003,13,57,13057091003,8058,4096,3962,34.1,673,7642.0,37.0,0.0,920.0,0.0,674.0,6011.0,300.0,1533.0,5217.0,25684.0,7854.0,1134.0,460.0,1280.0,732.0,896.0,666.0,203.0,551.0,8042,6745,1297,13,57,91003,2092.987013,15311.026999999998,43
1597,29980,30292,GA,13057091007,3.372,34.144661600000006,-84.5672875,Georgia,WellStar Kennestone Regional Medical Center,Comprehensive Stroke Center,-84.55109,33.969758,19.45845182,163,2018,"Census Tract 910.07, Cherokee County, Georgia",91007,13,57,13057091007,6722,3385,3337,44.1,843,6579.0,0.0,0.0,379.0,0.0,0.0,6200.0,113.0,405.0,5795.0,49673.0,6679.0,734.0,276.0,553.0,325.0,526.0,790.0,162.0,1440.0,6722,6445,277,13,57,91007,1993.475682,23532.673,57
1598,29992,30304,GA,13057091006,1.865,34.1242244,-84.570679,Georgia,WellStar Kennestone Regional Medical Center,Comprehensive Stroke Center,-84.55109,33.969758,17.22911672,627,2018,"Census Tract 910.06, Cherokee County, Georgia",91006,13,57,13057091006,5100,2455,2645,41.8,485,5029.0,12.0,53.0,146.0,0.0,63.0,4755.0,46.0,302.0,4570.0,42133.0,5075.0,452.0,239.0,331.0,410.0,511.0,335.0,266.0,969.0,5100,4855,245,13,57,91006,2734.58445,20193.543,51
1599,29993,30305,GA,13067030602,6.164,33.9692925,-84.570859,Georgia,WellStar Kennestone Regional Medical Center,Comprehensive Stroke Center,-84.55109,33.969758,1.827736264,1080,2018,"Census Tract 306.02, Cobb County, Georgia",30602,13,67,13067030602,6655,3166,3489,51.7,2041,6457.0,11.0,121.0,808.0,14.0,16.0,5487.0,133.0,225.0,5295.0,44296.0,6258.0,591.0,505.0,406.0,507.0,720.0,558.0,180.0,1560.0,6323,5948,375,13,67,30602,1079.656067,2381.959,14
1600,30002,30314,GA,13057090200,84.831,34.323079299999996,-84.5736835,Georgia,WellStar Kennestone Regional Medical Center,Comprehensive Stroke Center,-84.55109,33.969758,39.24752961,1637,2018,"Census Tract 902, Cherokee County, Georgia",90200,13,57,13057090200,8830,4386,4444,43.1,1544,8228.0,20.0,91.0,609.0,0.0,298.0,7210.0,492.0,362.0,7163.0,30196.0,8179.0,1322.0,714.0,692.0,806.0,661.0,658.0,220.0,1169.0,8804,7727,1077,13,57,90200,104.08930699999999,52367.219000000005,73
1601,30003,30315,GA,13067031310,4.503,33.76584879999999,-84.57394120000001,Georgia,Grady Memorial Hospital,Comprehensive Stroke Center,-84.38242,33.752320000000005,17.80677655,775,2018,"Census Tract 313.10, Cobb County, Georgia",31310,13,67,13067031310,8219,3686,4533,27.5,460,7984.0,0.0,52.0,5297.0,0.0,1002.0,1633.0,0.0,2139.0,669.0,23884.0,7984.0,844.0,573.0,1038.0,1080.0,606.0,291.0,20.0,233.0,8219,6060,2159,13,67,31310,1825.227626,21062.922000000002,39
1602,30005,30317,GA,13121010303,13.290999999999999,33.7082359,-84.5754911,Georgia,Grady Memorial Hospital,Comprehensive Stroke Center,-84.38242,33.752320000000005,18.54909238,952,2018,"Census Tract 103.03, Fulton County, Georgia",10303,13,121,13121010303,10933,4864,6069,34.6,1227,10737.0,15.0,12.0,10692.0,0.0,0.0,18.0,123.0,34.0,18.0,39310.0,10860.0,1155.0,339.0,753.0,1251.0,1394.0,730.0,311.0,1633.0,10933,9785,1148,13,121,10303,822.5867128,22036.579999999984,47
1603,30006,30318,GA,13199970500,57.72,32.9233583,-84.576325,Georgia,Grady Memorial Hospital,Comprehensive Stroke Center,-84.38242,33.752320000000005,93.69586053,499,2018,"Census Tract 9705, Meriwether County, Georgia",970500,13,199,13199970500,5087,2445,2642,45.4,1078,4984.0,20.0,116.0,1979.0,0.0,156.0,2713.0,47.0,120.0,2713.0,19375.0,5020.0,1080.0,460.0,725.0,312.0,597.0,195.0,106.0,188.0,5087,4510,577,13,199,970500,88.13236313,102831.59200000005,105
1604,30007,30319,GA,13113140303,5.322,33.3746564,-84.57667740000001,Georgia,Grady Memorial Hospital,Comprehensive Stroke Center,-84.38242,33.752320000000005,45.60693255,646,2018,"Census Tract 1403.03, Fayette County, Georgia",140303,13,113,13113140303,4910,2555,2355,41.2,694,4680.0,5.0,107.0,122.0,0.0,18.0,4428.0,194.0,143.0,4359.0,41750.0,4874.0,494.0,406.0,300.0,275.0,371.0,407.0,153.0,836.0,4896,4470,426,13,113,140303,922.5854942,52740.35899999998,84
1605,30009,30321,GA,13067030222,1.739,34.0649066,-84.5773088,Georgia,WellStar Kennestone Regional Medical Center,Comprehensive Stroke Center,-84.55109,33.969758,10.82841705,1047,2018,"Census Tract 302.22, Cobb County, Georgia",30222,13,67,13067030222,5972,2736,3236,39.6,666,5738.0,31.0,206.0,596.0,0.0,68.0,4837.0,182.0,340.0,4605.0,40071.0,5920.0,601.0,416.0,500.0,439.0,427.0,576.0,300.0,975.0,5972,5653,319,13,67,30222,3434.157562,14262.405000000002,37
1606,30018,30330,GA,13067031106,3.4410000000000003,33.8638208,-84.57869000000001,Georgia,WellStar Kennestone Regional Medical Center,Comprehensive Stroke Center,-84.55109,33.969758,12.02464033,771,2018,"Census Tract 311.06, Cobb County, Georgia",31106,13,67,13067031106,9274,4184,5090,39.5,1219,8999.0,0.0,364.0,3589.0,0.0,727.0,4319.0,192.0,1821.0,3569.0,30131.0,8990.0,953.0,637.0,1044.0,807.0,813.0,661.0,272.0,1142.0,9203,7731,1472,13,67,31106,2695.14676,13154.244999999994,61
1607,30025,30337,GA,13067031005,1.956,33.8927977,-84.58309109999999,Georgia,WellStar Kennestone Regional Medical Center,Comprehensive Stroke Center,-84.55109,33.969758,9.034750028,1863,2018,"Census Tract 310.05, Cobb County, Georgia",31005,13,67,13067031005,5036,2516,2520,37.3,509,4825.0,13.0,370.0,1714.0,0.0,811.0,1917.0,113.0,1551.0,1247.0,26358.0,4926.0,654.0,424.0,558.0,453.0,588.0,455.0,131.0,235.0,5024,3549,1475,13,67,31005,2574.642127,10748.001999999997,67
1608,30026,30338,GA,13067031308,2.472,33.8057144,-84.5835878,Georgia,WellStar Kennestone Regional Medical Center,Comprehensive Stroke Center,-84.55109,33.969758,18.44244388,773,2018,"Census Tract 313.08, Cobb County, Georgia",31308,13,67,13067031308,5147,2598,2549,33.8,588,5036.0,0.0,29.0,1950.0,0.0,628.0,2429.0,23.0,1740.0,1371.0,26931.0,5053.0,616.0,484.0,555.0,848.0,456.0,267.0,115.0,281.0,5141,3324,1817,13,67,31308,2082.119741,21225.982,78
1609,30030,30342,GA,13067030901,4.118,33.934506,-84.5844791,Georgia,WellStar Kennestone Regional Medical Center,Comprehensive Stroke Center,-84.55109,33.969758,4.981506878,555,2018,"Census Tract 309.01, Cobb County, Georgia",30901,13,67,13067030901,8055,3761,4294,38.8,1330,7641.0,0.0,62.0,2297.0,0.0,0.0,5282.0,337.0,415.0,5012.0,36933.0,7978.0,691.0,530.0,743.0,792.0,654.0,584.0,138.0,1530.0,8039,7297,742,13,67,30901,1956.046625,7284.345000000003,44
1610,30035,30347,GA,13263960100,119.885,32.7853728,-84.5860359,Georgia,Grady Memorial Hospital,Comprehensive Stroke Center,-84.38242,33.752320000000005,108.9082746,1809,2018,"Census Tract 9601, Talbot County, Georgia",960100,13,263,13263960100,2384,1110,1274,50.4,548,2369.0,0.0,18.0,1211.0,0.0,0.0,1140.0,11.0,0.0,1140.0,21913.0,2367.0,301.0,205.0,551.0,353.0,200.0,114.0,63.0,83.0,2384,2089,295,13,263,960100,19.88572382,117932.34399999998,107
1611,30037,30349,GA,13067030905,2.3569999999999998,33.9073366,-84.5863344,Georgia,WellStar Kennestone Regional Medical Center,Comprehensive Stroke Center,-84.55109,33.969758,7.652251552999999,761,2018,"Census Tract 309.05, Cobb County, Georgia",30905,13,67,13067030905,8679,4890,3789,31.3,477,8283.0,0.0,135.0,3085.0,0.0,1382.0,3681.0,342.0,2941.0,2161.0,23806.0,6401.0,1419.0,565.0,827.0,965.0,527.0,434.0,170.0,567.0,6529,4646,1883,13,67,30905,3682.223165,8490.540000000003,57
1612,30038,30350,GA,13113140207,2.839,33.4245833,-84.586475,Georgia,Grady Memorial Hospital,Comprehensive Stroke Center,-84.38242,33.752320000000005,40.99006713,1378,2018,"Census Tract 1402.07, Fayette County, Georgia",140207,13,113,13113140207,5434,2865,2569,47.5,1186,5062.0,0.0,388.0,371.0,0.0,62.0,4241.0,305.0,76.0,4195.0,57490.0,5367.0,433.0,166.0,382.0,255.0,461.0,463.0,266.0,1465.0,5434,5231,203,13,113,140207,1914.0542440000002,47693.769,89
1613,30042,30354,GA,13057090300,42.293,34.2140718,-84.5877807,Georgia,WellStar Kennestone Regional Medical Center,Comprehensive Stroke Center,-84.55109,33.969758,27.31098578,629,2018,"Census Tract 903, Cherokee County, Georgia",90300,13,57,13057090300,12478,5851,6627,44.6,2540,12105.0,26.0,69.0,78.0,56.0,100.0,11776.0,206.0,648.0,11327.0,41987.0,12288.0,1049.0,710.0,1068.0,900.0,1076.0,777.0,565.0,2361.0,12465,11803,662,13,57,90300,295.03700380000004,38913.01900000001,65
1614,30043,30355,GA,13067030229,5.018,34.021653799999996,-84.58787070000001,Georgia,WellStar Kennestone Regional Medical Center,Comprehensive Stroke Center,-84.55109,33.969758,6.684577142999999,1053,2018,"Census Tract 302.29, Cobb County, Georgia",30229,13,67,13067030229,6714,2983,3731,20.9,345,6565.0,0.0,234.0,1448.0,12.0,137.0,4734.0,95.0,469.0,4429.0,17259.0,3270.0,1822.0,267.0,546.0,492.0,329.0,324.0,102.0,446.0,6688,5835,853,13,67,30229,1337.98326,8560.569,23
1615,30049,30361,GA,13067031306,2.1390000000000002,33.827175,-84.5907695,Georgia,WellStar Kennestone Regional Medical Center,Comprehensive Stroke Center,-84.55109,33.969758,16.23564927,757,2018,"Census Tract 313.06, Cobb County, Georgia",31306,13,67,13067031306,4253,1890,2363,37.9,483,3843.0,0.0,13.0,1583.0,0.0,66.0,2181.0,379.0,623.0,1606.0,25725.0,4199.0,488.0,457.0,612.0,435.0,403.0,154.0,303.0,320.0,4253,3319,934,13,67,31306,1988.312295,18083.799000000006,76
1616,30054,30366,GA,13113140203,10.138,33.481257,-84.59357659999999,Georgia,Grady Memorial Hospital,Comprehensive Stroke Center,-84.38242,33.752320000000005,35.88682779,649,2018,"Census Tract 1402.03, Fayette County, Georgia",140203,13,113,13113140203,5855,2869,2986,40.9,917,5711.0,0.0,185.0,1718.0,0.0,27.0,3781.0,70.0,331.0,3450.0,44306.0,5781.0,720.0,215.0,435.0,376.0,420.0,465.0,231.0,1175.0,5855,5482,373,13,113,140203,577.5300847999999,40723.54600000002,57
1617,30056,30368,GA,13067030223,1.695,34.065197,-84.59533990000001,Georgia,WellStar Kennestone Regional Medical Center,Comprehensive Stroke Center,-84.55109,33.969758,11.34794585,1048,2018,"Census Tract 302.23, Cobb County, Georgia",30223,13,67,13067030223,6462,3170,3292,34.7,662,6223.0,0.0,289.0,1824.0,0.0,200.0,3910.0,169.0,1081.0,3180.0,36407.0,6392.0,592.0,393.0,638.0,649.0,760.0,648.0,134.0,900.0,6462,5607,855,13,67,30223,3812.3893810000004,12966.818000000003,31
1618,30063,30375,GA,13123080400,73.37,34.6264386,-84.59930870000001,Georgia,WellStar Kennestone Regional Medical Center,Comprehensive Stroke Center,-84.55109,33.969758,72.97925228,1869,2018,"Census Tract 804, Gilmer County, Georgia",80400,13,123,13123080400,9623,4822,4801,45.7,2154,9340.0,475.0,0.0,41.0,0.0,517.0,8307.0,240.0,1789.0,7488.0,21420.0,9511.0,1364.0,912.0,1742.0,1184.0,911.0,416.0,236.0,365.0,9613,6945,2668,13,123,80400,131.1571487,86662.97500000002,101
1619,30067,30379,GA,13067031309,3.074,33.797634499999994,-84.6010109,Georgia,WellStar Kennestone Regional Medical Center,Comprehensive Stroke Center,-84.55109,33.969758,19.64260196,774,2018,"Census Tract 313.09, Cobb County, Georgia",31309,13,67,13067031309,7616,3197,4419,34.9,655,7504.0,0.0,60.0,4530.0,0.0,595.0,2319.0,65.0,1344.0,1676.0,25395.0,7546.0,732.0,531.0,1155.0,1048.0,718.0,351.0,113.0,277.0,7611,6584,1027,13,67,31309,2477.553676,22807.486999999997,82
1620,30068,30380,GA,13227050400,48.968999999999994,34.4694507,-84.60222579999999,Georgia,WellStar Kennestone Regional Medical Center,Comprehensive Stroke Center,-84.55109,33.969758,55.62901004,869,2018,"Census Tract 504, Pickens County, Georgia",50400,13,227,13227050400,3893,1884,2009,38.6,613,3468.0,143.0,0.0,23.0,0.0,0.0,3302.0,354.0,0.0,3302.0,32017.0,3786.0,365.0,152.0,421.0,412.0,510.0,175.0,115.0,322.0,3857,3412,445,13,227,50400,79.49927505,66744.04500000001,74
1621,30071,30383,GA,13057091102,4.23,34.0976311,-84.60257800000001,Georgia,WellStar Kennestone Regional Medical Center,Comprehensive Stroke Center,-84.55109,33.969758,14.95981745,625,2018,"Census Tract 911.02, Cherokee County, Georgia",91102,13,57,13057091102,9264,4886,4378,35.2,740,8934.0,0.0,196.0,1026.0,0.0,96.0,7616.0,216.0,1175.0,6573.0,31220.0,9071.0,994.0,629.0,1146.0,847.0,1096.0,809.0,243.0,938.0,9264,7336,1928,13,57,91102,2190.070922,19372.207,52
1622,30075,30387,GA,13057091101,5.367999999999999,34.1482561,-84.60439790000001,Georgia,WellStar Kennestone Regional Medical Center,Comprehensive Stroke Center,-84.55109,33.969758,20.40209812,628,2018,"Census Tract 911.01, Cherokee County, Georgia",91101,13,57,13057091101,6525,3302,3223,37.2,834,6171.0,0.0,132.0,728.0,0.0,0.0,5311.0,184.0,157.0,5154.0,40988.0,6355.0,523.0,366.0,802.0,457.0,799.0,614.0,411.0,836.0,6525,5799,726,13,57,91101,1215.536513,23642.373,66
1623,30081,30393,GA,13067031404,3.391,33.8363959,-84.6067072,Georgia,WellStar Kennestone Regional Medical Center,Comprehensive Stroke Center,-84.55109,33.969758,15.66148485,568,2018,"Census Tract 314.04, Cobb County, Georgia",31404,13,67,13067031404,6380,3102,3278,43.3,997,6085.0,0.0,37.0,3331.0,0.0,58.0,2659.0,159.0,377.0,2476.0,34108.0,6244.0,605.0,492.0,516.0,710.0,488.0,844.0,197.0,687.0,6380,5704,676,13,67,31404,1881.450899,18552.680000000004,78
1624,30082,30394,GA,13067030230,5.938,33.9851297,-84.6067944,Georgia,WellStar Kennestone Regional Medical Center,Comprehensive Stroke Center,-84.55109,33.969758,5.422637827000001,1054,2018,"Census Tract 302.30, Cobb County, Georgia",30230,13,67,13067030230,13489,5938,7551,34.4,1433,12830.0,6.0,739.0,3547.0,0.0,103.0,8435.0,342.0,1140.0,7517.0,40000.0,13006.0,1267.0,871.0,1116.0,1051.0,1161.0,1163.0,461.0,2126.0,13325,12571,754,13,67,30230,2271.6402829999997,8062.126000000002,44
1625,30083,30395,GA,13113140208,6.519,33.4203002,-84.60696170000001,Georgia,Grady Memorial Hospital,Comprehensive Stroke Center,-84.38242,33.752320000000005,42.3158479,1379,2018,"Census Tract 1402.08, Fayette County, Georgia",140208,13,113,13113140208,6997,3390,3607,40.6,874,6572.0,0.0,466.0,871.0,0.0,51.0,5184.0,355.0,837.0,4578.0,50966.0,6817.0,657.0,299.0,330.0,319.0,651.0,532.0,342.0,1467.0,6887,6661,226,13,113,140208,1073.3241289999999,49208.24799999999,83
1626,30084,30396,GA,13067031406,2.407,33.8548908,-84.60795909999999,Georgia,WellStar Kennestone Regional Medical Center,Comprehensive Stroke Center,-84.55109,33.969758,13.78392915,564,2018,"Census Tract 314.06, Cobb County, Georgia",31406,13,67,13067031406,8007,3353,4654,33.4,895,7699.0,0.0,181.0,5225.0,1.0,164.0,2128.0,171.0,756.0,1630.0,27133.0,7484.0,1100.0,468.0,837.0,1024.0,785.0,658.0,174.0,298.0,7642,6183,1459,13,67,31406,3326.5475699999997,15521.849999999991,60
1627,30086,30398,GA,13067030233,2.734,33.914104200000004,-84.60827579999999,Georgia,WellStar Kennestone Regional Medical Center,Comprehensive Stroke Center,-84.55109,33.969758,8.127570966,1057,2018,"Census Tract 302.33, Cobb County, Georgia",30233,13,67,13067030233,4528,2232,2296,39.3,586,4349.0,0.0,215.0,922.0,0.0,11.0,3201.0,110.0,185.0,3053.0,44976.0,4459.0,520.0,267.0,321.0,325.0,307.0,302.0,175.0,1004.0,4515,4429,86,13,67,30233,1656.181419,11330.763999999997,58
1628,30089,30401,GA,13077170502,30.566999999999997,33.2631534,-84.60930090000001,Georgia,Grady Memorial Hospital,Comprehensive Stroke Center,-84.38242,33.752320000000005,58.20658085,484,2018,"Census Tract 1705.02, Coweta County, Georgia",170502,13,77,13077170502,6343,3054,3289,38.3,864,6247.0,26.0,20.0,659.0,0.0,54.0,5488.0,20.0,211.0,5341.0,38274.0,6243.0,458.0,357.0,535.0,589.0,652.0,571.0,138.0,912.0,6343,5666,677,13,77,170502,207.5113685,64288.061000000016,81
1629,30096,30408,GA,13121010514,18.102,33.5719685,-84.61163559999999,Georgia,Grady Memorial Hospital,Comprehensive Stroke Center,-84.38242,33.752320000000005,29.19113223,722,2018,"Census Tract 105.14, Fulton County, Georgia",10514,13,121,13121010514,13456,5793,7663,31.9,1146,12983.0,22.0,0.0,11061.0,0.0,0.0,1900.0,186.0,616.0,1388.0,32300.0,13081.0,1597.0,397.0,1382.0,1391.0,1750.0,1412.0,407.0,667.0,13368,12026,1342,13,121,10514,743.343277,34464.81999999999,62
1630,30099,30411,GA,13067030227,3.34,34.030072100000005,-84.6118113,Georgia,WellStar Kennestone Regional Medical Center,Comprehensive Stroke Center,-84.55109,33.969758,8.730843079,1051,2018,"Census Tract 302.27, Cobb County, Georgia",30227,13,67,13067030227,7989,3647,4342,34.4,944,7692.0,0.0,411.0,1652.0,0.0,375.0,5254.0,256.0,1477.0,4240.0,32439.0,7872.0,829.0,346.0,1018.0,962.0,1230.0,461.0,339.0,696.0,7989,6232,1757,13,67,30227,2391.9161679999997,9681.464,36
1631,30100,30412,GA,13087970300,42.885,30.9153587,-84.6120714,Florida,Tallahassee Memorial Hospital,Comprehensive Stroke Center,-84.26194,30.45625,60.96015811,571,2018,"Census Tract 9703, Decatur County, Georgia",970300,13,87,13087970300,6679,3524,3155,31.9,760,6598.0,0.0,87.0,3092.0,0.0,97.0,3322.0,47.0,264.0,3133.0,18545.0,5626.0,935.0,526.0,590.0,468.0,266.0,354.0,130.0,251.0,5654,4002,1652,13,87,970300,155.742101,67899.10299999999,106
1632,30102,30414,GA,13067031405,3.9219999999999997,33.871657,-84.6136363,Georgia,WellStar Kennestone Regional Medical Center,Comprehensive Stroke Center,-84.55109,33.969758,12.32303318,758,2018,"Census Tract 314.05, Cobb County, Georgia",31405,13,67,13067031405,7765,3651,4114,35.8,1014,7370.0,0.0,53.0,3268.0,0.0,1043.0,3006.0,314.0,2080.0,2146.0,35652.0,7625.0,636.0,352.0,615.0,809.0,780.0,613.0,273.0,832.0,7749,6579,1170,13,67,31405,1979.857216,14150.093999999988,65
1633,30105,30417,GA,13097080102,11.685,33.745023700000004,-84.61455959999999,Georgia,Grady Memorial Hospital,Comprehensive Stroke Center,-84.38242,33.752320000000005,21.52433635,1467,2018,"Census Tract 801.02, Douglas County, Georgia",80102,13,97,13097080102,8090,4019,4071,35.4,478,7929.0,108.0,212.0,5781.0,0.0,303.0,1525.0,54.0,537.0,1348.0,33618.0,7941.0,906.0,368.0,814.0,701.0,676.0,845.0,370.0,720.0,8090,7347,743,13,97,80102,692.3406076,24653.417000000012,44
1634,30107,30419,GA,13201950100,108.506,31.165848800000003,-84.6163128,Alabama,Southeast Health,Comprehensive Stroke Center,-85.36301,31.21588,71.38604062,1647,2018,"Census Tract 9501, Miller County, Georgia",950100,13,201,13201950100,1741,847,894,42.6,366,1741.0,36.0,0.0,402.0,0.0,0.0,1303.0,0.0,11.0,1303.0,25536.0,1733.0,192.0,103.0,250.0,175.0,192.0,158.0,27.0,20.0,1741,1415,326,13,201,950100,16.04519566,81207.746,95
1635,30110,30422,GA,13067030226,2.6830000000000003,34.0540909,-84.6183024,Georgia,WellStar Kennestone Regional Medical Center,Comprehensive Stroke Center,-84.55109,33.969758,11.22725054,1050,2018,"Census Tract 302.26, Cobb County, Georgia",30226,13,67,13067030226,10601,4962,5639,30.8,735,9797.0,0.0,564.0,3212.0,0.0,251.0,5770.0,671.0,793.0,5238.0,40294.0,10468.0,927.0,456.0,1112.0,753.0,1272.0,962.0,283.0,1507.0,10589,9448,1141,13,67,30226,3951.1740590000004,13208.091999999997,37
1636,30112,30424,GA,13067030107,1.588,34.070617600000006,-84.6200503,Georgia,WellStar Kennestone Regional Medical Center,Comprehensive Stroke Center,-84.55109,33.969758,12.87368825,1043,2018,"Census Tract 301.07, Cobb County, Georgia",30107,13,67,13067030107,5368,2604,2764,36.0,577,5261.0,23.0,330.0,1621.0,0.0,10.0,3277.0,46.0,498.0,2789.0,41477.0,5290.0,538.0,374.0,419.0,326.0,607.0,427.0,229.0,778.0,5358,4960,398,13,67,30107,3380.3526450000004,14912.349000000002,37
1637,30126,30438,GA,13097080103,3.8760000000000003,33.788529700000005,-84.630616,Georgia,WellStar Kennestone Regional Medical Center,Comprehensive Stroke Center,-84.55109,33.969758,21.40599297,1468,2018,"Census Tract 801.03, Douglas County, Georgia",80103,13,97,13097080103,7482,3668,3814,32.2,441,7350.0,0.0,340.0,4487.0,0.0,148.0,2375.0,73.0,865.0,1845.0,28313.0,7376.0,611.0,647.0,1065.0,854.0,1026.0,623.0,97.0,392.0,7477,5865,1612,13,97,80103,1930.340557,23751.629999999994,65
1638,30127,30439,GA,13057091103,9.756,34.110193599999995,-84.6313939,Georgia,WellStar Kennestone Regional Medical Center,Comprehensive Stroke Center,-84.55109,33.969758,17.25247755,633,2018,"Census Tract 911.03, Cherokee County, Georgia",91103,13,57,13057091103,10372,5077,5295,35.0,773,10006.0,0.0,385.0,1449.0,62.0,207.0,7903.0,116.0,695.0,7570.0,32212.0,10112.0,956.0,730.0,903.0,1068.0,1020.0,892.0,217.0,1111.0,10372,9513,859,13,57,91103,1063.140631,21435.732,51
1639,30128,30440,GA,13077170402,15.729000000000001,33.4746222,-84.63217270000001,Georgia,Grady Memorial Hospital,Comprehensive Stroke Center,-84.38242,33.752320000000005,38.54718794,902,2018,"Census Tract 1704.02, Coweta County, Georgia",170402,13,77,13077170402,9369,4598,4771,40.6,1188,9177.0,0.0,109.0,1094.0,13.0,204.0,7757.0,69.0,916.0,7127.0,42627.0,9246.0,923.0,434.0,756.0,469.0,704.0,807.0,388.0,1426.0,9369,8594,775,13,77,170402,595.6513447000001,45996.25099999999,59
1640,30131,30443,GA,13097080602,9.37,33.7207328,-84.6327881,Georgia,Grady Memorial Hospital,Comprehensive Stroke Center,-84.38242,33.752320000000005,23.46440625,1240,2018,"Census Tract 806.02, Douglas County, Georgia",80602,13,97,13097080602,5467,2747,2720,36.2,563,5199.0,0.0,147.0,2991.0,0.0,109.0,1952.0,235.0,220.0,1886.0,30686.0,5353.0,653.0,330.0,723.0,526.0,448.0,372.0,199.0,664.0,5443,4826,617,13,97,80602,583.4578442000001,29847.202000000012,54
1641,30132,30444,GA,13067030215,2.787,34.009831,-84.63292220000001,Georgia,WellStar Kennestone Regional Medical Center,Comprehensive Stroke Center,-84.55109,33.969758,8.770742048999999,558,2018,"Census Tract 302.15, Cobb County, Georgia",30215,13,67,13067030215,9919,4932,4987,33.4,875,9363.0,50.0,523.0,1470.0,10.0,86.0,7224.0,457.0,1254.0,6175.0,31573.0,9795.0,1131.0,351.0,1016.0,1011.0,743.0,672.0,390.0,1056.0,9854,8422,1432,13,67,30215,3559.02404,11490.543000000001,48
1642,30135,30447,GA,13067031503,4.462,33.888468200000005,-84.633965,Georgia,WellStar Kennestone Regional Medical Center,Comprehensive Stroke Center,-84.55109,33.969758,11.83298224,764,2018,"Census Tract 315.03, Cobb County, Georgia",31503,13,67,13067031503,9337,4780,4557,38.2,1366,8844.0,14.0,132.0,4371.0,0.0,694.0,3633.0,357.0,1689.0,2585.0,37423.0,9196.0,962.0,433.0,614.0,660.0,1365.0,767.0,541.0,748.0,9332,8307,1025,13,67,31503,2092.55939,14266.482999999987,69
1643,30140,30452,GA,13067030224,1.764,34.0352417,-84.6367193,Georgia,WellStar Kennestone Regional Medical Center,Comprehensive Stroke Center,-84.55109,33.969758,10.73954483,1049,2018,"Census Tract 302.24, Cobb County, Georgia",30224,13,67,13067030224,6442,3309,3133,33.9,525,5928.0,13.0,321.0,1099.0,0.0,257.0,4238.0,280.0,832.0,3587.0,35721.0,6208.0,688.0,372.0,614.0,388.0,504.0,554.0,202.0,866.0,6442,5747,695,13,67,30224,3651.927438,11430.329999999998,46
1644,30144,30456,GA,13067030209,5.25,33.937104299999994,-84.63852740000002,Georgia,WellStar Kennestone Regional Medical Center,Comprehensive Stroke Center,-84.55109,33.969758,8.856765442,759,2018,"Census Tract 302.09, Cobb County, Georgia",30209,13,67,13067030209,7718,3690,4028,43.1,1075,7356.0,0.0,439.0,1739.0,21.0,85.0,5072.0,344.0,564.0,4833.0,41844.0,7700.0,1021.0,307.0,617.0,470.0,535.0,742.0,271.0,1489.0,7703,7229,474,13,67,30209,1470.095238,11830.487999999998,50
1645,30149,30461,GA,13067030231,5.58,33.962949200000004,-84.64131309999999,Georgia,WellStar Kennestone Regional Medical Center,Comprehensive Stroke Center,-84.55109,33.969758,8.372658887,1055,2018,"Census Tract 302.31, Cobb County, Georgia",30231,13,67,13067030231,8129,3837,4292,43.2,1366,7891.0,26.0,588.0,526.0,0.0,0.0,6751.0,166.0,316.0,6461.0,45862.0,8057.0,797.0,273.0,739.0,480.0,609.0,696.0,178.0,1752.0,8129,7812,317,13,67,30231,1456.8100359999999,12100.606999999998,49
1646,30155,30467,GA,13067031409,5.45,33.8330941,-84.64398270000001,Georgia,WellStar Kennestone Regional Medical Center,Comprehensive Stroke Center,-84.55109,33.969758,17.42437887,1486,2018,"Census Tract 314.09, Cobb County, Georgia",31409,13,67,13067031409,5901,2705,3196,35.2,467,5637.0,0.0,62.0,3321.0,0.0,294.0,1960.0,214.0,902.0,1687.0,26100.0,5851.0,722.0,435.0,666.0,466.0,492.0,567.0,176.0,305.0,5901,4885,1016,13,67,31409,1082.752294,21276.514000000003,78
1647,30156,30468,GA,13067030106,1.396,34.0689224,-84.6443523,Georgia,WellStar Kennestone Regional Medical Center,Comprehensive Stroke Center,-84.55109,33.969758,13.97114746,1042,2018,"Census Tract 301.06, Cobb County, Georgia",30106,13,67,13067030106,7256,3580,3676,33.7,573,6912.0,0.0,254.0,2679.0,0.0,403.0,3576.0,291.0,664.0,3384.0,31217.0,7203.0,703.0,465.0,569.0,934.0,848.0,506.0,211.0,513.0,7211,5945,1266,13,67,30106,5197.707736,17878.725000000002,35
1648,30158,30470,GA,13077170501,40.312,33.327746399999995,-84.64504659999999,Georgia,Grady Memorial Hospital,Comprehensive Stroke Center,-84.38242,33.752320000000005,53.03374507,483,2018,"Census Tract 1705.01, Coweta County, Georgia",170501,13,77,13077170501,7403,3836,3567,40.1,1008,7075.0,25.0,52.0,588.0,0.0,0.0,6410.0,258.0,399.0,6090.0,30727.0,7333.0,900.0,434.0,804.0,682.0,672.0,617.0,223.0,940.0,7382,6825,557,13,77,170501,183.6425878,60553.09999999998,72
1649,30159,30471,GA,13067030232,3.935,33.9113951,-84.6467406,Georgia,WellStar Kennestone Regional Medical Center,Comprehensive Stroke Center,-84.55109,33.969758,10.95919248,1056,2018,"Census Tract 302.32, Cobb County, Georgia",30232,13,67,13067030232,6466,3097,3369,40.6,662,6148.0,0.0,83.0,2253.0,0.0,284.0,3528.0,239.0,628.0,3283.0,48555.0,6366.0,634.0,191.0,574.0,264.0,749.0,599.0,225.0,1366.0,6466,6108,358,13,67,30232,1643.202033,14135.393999999997,62
1650,30163,30475,GA,13067031507,1.5219999999999998,33.8666795,-84.6474085,Georgia,WellStar Kennestone Regional Medical Center,Comprehensive Stroke Center,-84.55109,33.969758,14.49340594,1488,2018,"Census Tract 315.07, Cobb County, Georgia",31507,13,67,13067031507,4034,1858,2176,37.7,415,3919.0,4.0,119.0,2612.0,0.0,302.0,882.0,43.0,562.0,636.0,29463.0,3786.0,374.0,283.0,405.0,493.0,512.0,144.0,72.0,277.0,3858,3114,744,13,67,31507,2650.459921,18590.008,70
1651,30165,30477,GA,13121010301,32.996,33.636979700000005,-84.65143509999999,Georgia,Grady Memorial Hospital,Comprehensive Stroke Center,-84.38242,33.752320000000005,28.03108946,535,2018,"Census Tract 103.01, Fulton County, Georgia",10301,13,121,13121010301,18602,9538,9064,36.6,1780,18289.0,2.0,0.0,16322.0,36.0,246.0,1683.0,113.0,361.0,1680.0,38474.0,18302.0,1691.0,914.0,1293.0,1656.0,2187.0,1405.0,882.0,1737.0,18532,17181,1351,13,121,10301,563.7653048999999,31634.358000000004,62
1652,30168,30480,GA,13067030218,3.4610000000000003,33.9857237,-84.65306340000001,Georgia,WellStar Kennestone Regional Medical Center,Comprehensive Stroke Center,-84.55109,33.969758,9.588213331,1044,2018,"Census Tract 302.18, Cobb County, Georgia",30218,13,67,13067030218,5300,2441,2859,41.5,556,5032.0,0.0,464.0,557.0,0.0,0.0,4011.0,152.0,289.0,3722.0,57419.0,5184.0,484.0,208.0,159.0,150.0,300.0,578.0,174.0,1281.0,5279,5113,166,13,67,30218,1531.3493210000001,11801.563999999995,57
1653,30175,30487,GA,13067030214,4.096,34.0160081,-84.6559116,Georgia,WellStar Kennestone Regional Medical Center,Comprehensive Stroke Center,-84.55109,33.969758,10.95958697,570,2018,"Census Tract 302.14, Cobb County, Georgia",30214,13,67,13067030214,7535,3835,3700,45.6,996,7391.0,0.0,304.0,829.0,0.0,26.0,6232.0,96.0,795.0,5518.0,40382.0,7487.0,782.0,393.0,729.0,625.0,730.0,704.0,321.0,1313.0,7535,6990,545,13,67,30214,1839.5996089999999,14268.528999999999,56
1654,30180,30492,GA,13077170406,4.851,33.4313587,-84.65992490000001,Georgia,Grady Memorial Hospital,Comprehensive Stroke Center,-84.38242,33.752320000000005,43.94145617,1532,2018,"Census Tract 1704.06, Coweta County, Georgia",170406,13,77,13077170406,4137,2131,2006,40.2,527,3963.0,0.0,9.0,120.0,0.0,65.0,3769.0,141.0,327.0,3598.0,44339.0,4075.0,610.0,125.0,273.0,215.0,262.0,379.0,175.0,710.0,4137,3995,142,13,77,170406,852.8138528,50878.04099999998,72
1655,30183,30495,GA,13067031408,5.377999999999999,33.8173411,-84.6616539,Georgia,WellStar Kennestone Regional Medical Center,Comprehensive Stroke Center,-84.55109,33.969758,19.75885584,1485,2018,"Census Tract 314.08, Cobb County, Georgia",31408,13,67,13067031408,6297,3287,3010,36.6,627,6053.0,14.0,109.0,3336.0,0.0,259.0,2335.0,226.0,619.0,1988.0,26936.0,6234.0,755.0,409.0,735.0,876.0,570.0,541.0,168.0,317.0,6292,5042,1250,13,67,31408,1170.881369,23276.980000000018,73
1656,30184,30496,GA,13097080202,5.813,33.756983,-84.6618093,Georgia,WellStar Kennestone Regional Medical Center,Comprehensive Stroke Center,-84.55109,33.969758,25.72875572,1236,2018,"Census Tract 802.02, Douglas County, Georgia",80202,13,97,13097080202,10645,5149,5496,34.2,995,10361.0,0.0,61.0,4707.0,0.0,552.0,5041.0,186.0,2108.0,3693.0,26661.0,10547.0,1293.0,884.0,1086.0,1251.0,916.0,881.0,113.0,486.0,10645,8160,2485,13,97,80202,1831.240323,30431.603999999996,73
1657,30185,30497,GA,13213010201,47.151,34.8469806,-84.66443659999999,Tennessee,Erlanger Health System,Comprehensive Stroke Center,-85.29043,35.04872,61.40577507,209,2018,"Census Tract 102.01, Murray County, Georgia",10201,13,213,13213010201,2011,968,1043,39.4,289,1881.0,9.0,23.0,0.0,0.0,5.0,1844.0,63.0,63.0,1781.0,26899.0,1816.0,258.0,166.0,182.0,286.0,232.0,108.0,70.0,71.0,2011,1745,266,13,213,10201,42.650208899999996,86932.61999999994,106
1658,30189,30502,GA,13067031506,3.594,33.8773987,-84.665828,Georgia,WellStar Kennestone Regional Medical Center,Comprehensive Stroke Center,-84.55109,33.969758,14.74834168,1487,2018,"Census Tract 315.06, Cobb County, Georgia",31506,13,67,13067031506,5186,2350,2836,42.4,755,4770.0,16.0,165.0,2537.0,0.0,43.0,2009.0,362.0,391.0,1855.0,28182.0,5132.0,658.0,362.0,400.0,534.0,613.0,411.0,141.0,371.0,5186,4409,777,13,67,31506,1442.96049,17931.41,65
1659,30192,30505,GA,13067030104,1.5590000000000002,34.072457299999996,-84.6666857,Georgia,WellStar Kennestone Regional Medical Center,Comprehensive Stroke Center,-84.55109,33.969758,15.61285403,1041,2018,"Census Tract 301.04, Cobb County, Georgia",30104,13,67,13067030104,3729,1889,1840,36.6,500,3554.0,9.0,72.0,631.0,0.0,254.0,2588.0,47.0,463.0,2399.0,26639.0,3582.0,345.0,225.0,524.0,479.0,271.0,290.0,87.0,245.0,3729,3059,670,13,67,30104,2391.917896,17710.101000000002,31
1660,30194,30507,GA,13087970200,170.812,30.946655100000005,-84.6714011,Florida,Tallahassee Memorial Hospital,Comprehensive Stroke Center,-84.26194,30.45625,67.04200963,574,2018,"Census Tract 9702, Decatur County, Georgia",970200,13,87,13087970200,2292,1154,1138,50.9,472,2274.0,0.0,3.0,533.0,0.0,0.0,1738.0,10.0,0.0,1738.0,24973.0,2284.0,265.0,308.0,265.0,208.0,241.0,154.0,52.0,182.0,2292,1959,333,13,87,970200,13.41826101,73303.25399999997,114
1661,30196,30509,GA,13097080604,10.687000000000001,33.700388000000004,-84.6724307,Georgia,Grady Memorial Hospital,Comprehensive Stroke Center,-84.38242,33.752320000000005,27.4884642,1594,2018,"Census Tract 806.04, Douglas County, Georgia",80604,13,97,13097080604,9914,4093,5821,34.3,709,9520.0,14.0,37.0,6192.0,1.0,251.0,3025.0,221.0,481.0,2973.0,31285.0,9685.0,1100.0,558.0,835.0,849.0,1073.0,745.0,233.0,722.0,9898,8673,1225,13,97,80604,927.6691307,33334.87799999997,65
1662,30199,30512,GA,13087970700,107.537,30.7605711,-84.6747947,Florida,Tallahassee Memorial Hospital,Comprehensive Stroke Center,-84.26194,30.45625,52.01509586,498,2018,"Census Tract 9707, Decatur County, Georgia",970700,13,87,13087970700,2039,946,1093,47.4,428,2020.0,0.0,0.0,434.0,0.0,347.0,1239.0,10.0,422.0,1164.0,27168.0,2018.0,227.0,145.0,236.0,196.0,265.0,99.0,33.0,126.0,2024,1591,433,13,87,970700,18.96091578,57271.419,71
1663,30200,30513,GA,13015960801,7.506,34.122212700000006,-84.674982,Georgia,WellStar Kennestone Regional Medical Center,Comprehensive Stroke Center,-84.55109,33.969758,20.41659712,1228,2018,"Census Tract 9608.01, Bartow County, Georgia",960801,13,15,13015960801,3503,1837,1666,41.8,398,3449.0,0.0,125.0,162.0,0.0,140.0,3022.0,48.0,496.0,2666.0,25471.0,3454.0,602.0,283.0,384.0,372.0,437.0,251.0,61.0,171.0,3503,2957,546,13,15,960801,466.693312,24218.746999999992,56
1664,30204,30517,GA,13077170404,7.318,33.423406,-84.6778405,Georgia,Grady Memorial Hospital,Comprehensive Stroke Center,-84.38242,33.752320000000005,45.63923238,1530,2018,"Census Tract 1704.04, Coweta County, Georgia",170404,13,77,13077170404,5169,2402,2767,44.1,841,5001.0,0.0,255.0,198.0,0.0,0.0,4548.0,168.0,14.0,4534.0,40769.0,5085.0,539.0,252.0,295.0,624.0,599.0,614.0,248.0,700.0,5169,4596,573,13,77,170404,706.3405302,52124.55099999999,62
1665,30208,30521,GA,13067030235,4.803999999999999,33.928394700000005,-84.6793579,Georgia,WellStar Kennestone Regional Medical Center,Comprehensive Stroke Center,-84.55109,33.969758,12.71379222,1059,2018,"Census Tract 302.35, Cobb County, Georgia",30235,13,67,13067030235,4932,2606,2326,46.4,597,4809.0,0.0,113.0,726.0,0.0,15.0,3955.0,88.0,255.0,3700.0,45068.0,4897.0,671.0,250.0,267.0,249.0,434.0,302.0,224.0,1112.0,4932,4763,169,13,67,30235,1026.644463,16066.963999999993,62
1666,30209,30522,GA,13067030103,5.686,34.052075200000004,-84.6819921,Georgia,WellStar Kennestone Regional Medical Center,Comprehensive Stroke Center,-84.55109,33.969758,15.1520326,1855,2018,"Census Tract 301.03, Cobb County, Georgia",30103,13,67,13067030103,9370,4507,4863,38.5,1067,8891.0,49.0,481.0,2562.0,102.0,78.0,5619.0,352.0,911.0,5011.0,44572.0,9216.0,856.0,631.0,759.0,628.0,957.0,881.0,451.0,1108.0,9343,8663,680,13,67,30103,1647.90714,17048.574,45
1667,30210,30523,GA,13077170405,7.5729999999999995,33.3930418,-84.68396259999999,Georgia,Grady Memorial Hospital,Comprehensive Stroke Center,-84.38242,33.752320000000005,48.700801299999995,1531,2018,"Census Tract 1704.05, Coweta County, Georgia",170405,13,77,13077170405,7564,3720,3844,40.2,966,7096.0,28.0,31.0,711.0,0.0,289.0,6037.0,358.0,742.0,5539.0,40034.0,7454.0,694.0,463.0,743.0,595.0,755.0,827.0,326.0,970.0,7564,6934,630,13,77,170405,998.8115674000001,55013.77699999999,73
1668,30211,30524,GA,13199970700,199.14,33.142017800000005,-84.68493690000001,Georgia,Grady Memorial Hospital,Comprehensive Stroke Center,-84.38242,33.752320000000005,73.30143779,193,2018,"Census Tract 9707, Meriwether County, Georgia",970700,13,199,13199970700,7294,3677,3617,41.9,1284,6930.0,0.0,0.0,1772.0,0.0,101.0,5057.0,308.0,132.0,5044.0,25425.0,7208.0,764.0,771.0,763.0,869.0,819.0,278.0,61.0,360.0,7294,5939,1355,13,199,970700,36.62749824,81350.41900000001,78
1669,30212,30525,GA,13067031505,3.888,33.8591018,-84.6850022,Georgia,WellStar Kennestone Regional Medical Center,Comprehensive Stroke Center,-84.55109,33.969758,17.43595138,557,2018,"Census Tract 315.05, Cobb County, Georgia",31505,13,67,13067031505,6901,3178,3723,35.4,675,6687.0,1.0,100.0,3705.0,0.0,256.0,2625.0,63.0,694.0,2262.0,35509.0,6585.0,521.0,321.0,739.0,587.0,872.0,485.0,151.0,693.0,6848,5938,910,13,67,31505,1774.94856,20122.391999999996,77
1670,30214,30527,GA,13067030239,7.505,33.9666268,-84.6858488,Georgia,WellStar Kennestone Regional Medical Center,Comprehensive Stroke Center,-84.55109,33.969758,12.45914236,1062,2018,"Census Tract 302.39, Cobb County, Georgia",30239,13,67,13067030239,7845,3721,4124,40.7,1010,7602.0,0.0,80.0,566.0,0.0,57.0,6899.0,131.0,404.0,6514.0,51687.0,7733.0,817.0,289.0,399.0,545.0,393.0,548.0,228.0,1918.0,7835,7392,443,13,67,30239,1045.3031310000001,14937.633999999998,57
1671,30216,30529,GA,13243790100,206.485,31.810048,-84.68614759999998,Alabama,Southeast Health,Comprehensive Stroke Center,-85.36301,31.21588,92.05394009999999,1913,2018,"Census Tract 7901, Randolph County, Georgia",790100,13,243,13243790100,1905,885,1020,41.4,489,1792.0,0.0,0.0,795.0,0.0,78.0,919.0,111.0,94.0,903.0,19281.0,1849.0,298.0,178.0,263.0,159.0,158.0,59.0,41.0,114.0,1905,1634,271,13,243,790100,9.225851757000001,108528.84900000002,106
1672,30219,30532,GA,13199970800,155.828,33.0192841,-84.68844140000002,Georgia,Grady Memorial Hospital,Comprehensive Stroke Center,-84.38242,33.752320000000005,86.14367797,194,2018,"Census Tract 9708, Meriwether County, Georgia",970800,13,199,13199970800,4957,2241,2716,38.8,961,4896.0,0.0,0.0,2900.0,0.0,27.0,1969.0,8.0,57.0,1945.0,18237.0,4891.0,817.0,625.0,643.0,550.0,341.0,263.0,104.0,136.0,4954,4371,583,13,199,970800,31.81071438,95751.49900000007,84
1673,30226,30539,GA,13097080201,7.337000000000001,33.7829833,-84.69626509999999,Georgia,WellStar Kennestone Regional Medical Center,Comprehensive Stroke Center,-84.55109,33.969758,24.69005113,1241,2018,"Census Tract 802.01, Douglas County, Georgia",80201,13,97,13097080201,5405,2741,2664,35.9,862,5309.0,0.0,0.0,1212.0,0.0,539.0,3558.0,64.0,1371.0,2793.0,22481.0,5354.0,895.0,596.0,506.0,451.0,680.0,336.0,116.0,188.0,5405,4566,839,13,97,80201,736.6771160000001,29391.930999999993,75
1674,30228,30541,GA,13015960802,5.348,34.1106699,-84.69756540000002,Georgia,WellStar Kennestone Regional Medical Center,Comprehensive Stroke Center,-84.55109,33.969758,20.67011836,1229,2018,"Census Tract 9608.02, Bartow County, Georgia",960802,13,15,13015960802,3297,1717,1580,33.0,331,3239.0,24.0,0.0,58.0,0.0,297.0,2860.0,0.0,482.0,2714.0,21410.0,3232.0,500.0,205.0,486.0,230.0,223.0,151.0,96.0,146.0,3297,2534,763,13,15,960802,616.4921466,25074.372,62
1675,30230,30543,GA,13259950100,121.585,32.0857209,-84.7009735,Alabama,Southeast Health,Comprehensive Stroke Center,-85.36301,31.21588,115.0878919,1347,2018,"Census Tract 9501, Stewart County, Georgia",950100,13,259,13259950100,1879,863,1016,46.7,496,1844.0,5.0,8.0,1290.0,0.0,0.0,541.0,35.0,5.0,541.0,20610.0,1750.0,282.0,179.0,400.0,186.0,136.0,37.0,15.0,95.0,1752,1515,237,13,259,950100,15.45420899,136226.81299999997,125
1676,30231,30544,GA,13213010100,76.046,34.919405,-84.7018542,Tennessee,Erlanger Health System,Comprehensive Stroke Center,-85.29043,35.04872,55.62226533,30,2018,"Census Tract 101, Murray County, Georgia",10100,13,213,13213010100,3425,1641,1784,39.0,512,3398.0,25.0,56.0,12.0,0.0,0.0,3305.0,27.0,245.0,3060.0,26585.0,3322.0,355.0,181.0,579.0,505.0,324.0,237.0,162.0,67.0,3425,3014,411,13,213,10100,45.03852931,66673.69000000002,103
1677,30233,30546,GA,13067031508,4.711,33.892322,-84.704128,Georgia,WellStar Kennestone Regional Medical Center,Comprehensive Stroke Center,-84.55109,33.969758,16.55272053,1489,2018,"Census Tract 315.08, Cobb County, Georgia",31508,13,67,13067031508,5652,2663,2989,42.4,718,5433.0,0.0,192.0,2461.0,0.0,484.0,2296.0,142.0,799.0,2106.0,34138.0,5530.0,569.0,307.0,600.0,564.0,643.0,354.0,130.0,824.0,5652,5300,352,13,67,31508,1199.745277,20835.274,73
1678,30235,30548,GA,13067030219,7.165,34.0043367,-84.70485390000002,Georgia,WellStar Kennestone Regional Medical Center,Comprehensive Stroke Center,-84.55109,33.969758,14.7162245,1045,2018,"Census Tract 302.19, Cobb County, Georgia",30219,13,67,13067030219,10548,5234,5314,41.6,1270,10256.0,0.0,512.0,1418.0,0.0,15.0,8311.0,221.0,420.0,7891.0,40163.0,10460.0,962.0,452.0,1034.0,613.0,791.0,813.0,270.0,2073.0,10513,9943,570,13,67,30219,1472.156315,17495.158999999996,75
1679,30237,30550,GA,13077170603,12.314,33.3463397,-84.7066145,Georgia,Grady Memorial Hospital,Comprehensive Stroke Center,-84.38242,33.752320000000005,54.16720999,1006,2018,"Census Tract 1706.03, Coweta County, Georgia",170603,13,77,13077170603,5705,2792,2913,41.2,656,5558.0,0.0,181.0,632.0,0.0,8.0,4737.0,90.0,495.0,4242.0,38683.0,5635.0,487.0,377.0,363.0,518.0,583.0,572.0,201.0,771.0,5705,5432,273,13,77,170603,463.2938119,61237.07999999997,70
1680,30238,30551,GA,13067031509,9.406,33.8400494,-84.7066926,Georgia,WellStar Kennestone Regional Medical Center,Comprehensive Stroke Center,-84.55109,33.969758,20.34959174,1490,2018,"Census Tract 315.09, Cobb County, Georgia",31509,13,67,13067031509,11560,5485,6075,38.4,1439,10923.0,0.0,56.0,6619.0,0.0,396.0,3852.0,467.0,976.0,3461.0,30303.0,11365.0,1600.0,635.0,1247.0,1114.0,1397.0,747.0,385.0,963.0,11560,10540,1020,13,67,31509,1229.002764,23765.34200000001,79
1681,30240,30553,GA,13213010300,76.768,34.7188399,-84.7071455,Tennessee,Erlanger Health System,Comprehensive Stroke Center,-85.29043,35.04872,64.67240541,31,2018,"Census Tract 103, Murray County, Georgia",10300,13,213,13213010300,4199,2091,2108,43.7,689,4018.0,0.0,0.0,13.0,0.0,5.0,4000.0,74.0,255.0,3750.0,20920.0,4083.0,558.0,452.0,650.0,442.0,242.0,181.0,71.0,222.0,4190,3491,699,13,213,10300,54.69726970000001,73345.25599999998,102
1682,30241,30554,GA,13067030234,4.564,33.91359129999999,-84.7072365,Georgia,WellStar Kennestone Regional Medical Center,Comprehensive Stroke Center,-84.55109,33.969758,15.72243705,1058,2018,"Census Tract 302.34, Cobb County, Georgia",30234,13,67,13067030234,6697,3374,3323,40.4,720,6547.0,0.0,198.0,1586.0,0.0,98.0,4665.0,84.0,276.0,4508.0,45420.0,6600.0,564.0,359.0,550.0,514.0,555.0,447.0,232.0,1438.0,6668,6276,392,13,67,30234,1467.3531990000001,20288.497999999992,73
1683,30242,30555,GA,13067030101,10.798,34.0345154,-84.70734870000001,Georgia,WellStar Kennestone Regional Medical Center,Comprehensive Stroke Center,-84.55109,33.969758,16.12394565,569,2018,"Census Tract 301.01, Cobb County, Georgia",30101,13,67,13067030101,7825,4032,3793,43.2,1177,7701.0,0.0,25.0,645.0,0.0,232.0,6799.0,59.0,580.0,6377.0,33978.0,7748.0,1015.0,316.0,662.0,754.0,854.0,435.0,241.0,1078.0,7825,6860,965,13,67,30101,724.6712353999999,18192.762,65
1684,30245,30558,GA,13097080603,5.4670000000000005,33.7273448,-84.7111686,Georgia,Grady Memorial Hospital,Comprehensive Stroke Center,-84.38242,33.752320000000005,30.58932763,1593,2018,"Census Tract 806.03, Douglas County, Georgia",80603,13,97,13097080603,6998,3576,3422,37.4,941,6804.0,0.0,306.0,2829.0,0.0,426.0,3243.0,33.0,608.0,3061.0,35304.0,6837.0,549.0,496.0,801.0,590.0,749.0,635.0,225.0,873.0,6998,6357,641,13,97,80603,1280.0439,37060.333000000006,60
1685,30249,30562,GA,13077170403,16.219,33.4827693,-84.7168861,Georgia,Grady Memorial Hospital,Comprehensive Stroke Center,-84.38242,33.752320000000005,43.09483609,1529,2018,"Census Tract 1704.03, Coweta County, Georgia",170403,13,77,13077170403,5145,2524,2621,40.0,593,4977.0,0.0,141.0,460.0,0.0,46.0,4330.0,111.0,137.0,4239.0,45492.0,5088.0,627.0,79.0,383.0,275.0,446.0,483.0,160.0,884.0,5135,4854,281,13,77,170403,317.22054380000003,50981.52299999999,83
1686,30250,30563,GA,13097080303,2.001,33.7600104,-84.717662,Georgia,WellStar Kennestone Regional Medical Center,Comprehensive Stroke Center,-84.55109,33.969758,27.90753216,1469,2018,"Census Tract 803.03, Douglas County, Georgia",80303,13,97,13097080303,3777,1518,2259,34.7,420,3659.0,16.0,36.0,1484.0,0.0,83.0,2040.0,82.0,447.0,1690.0,23940.0,3741.0,513.0,373.0,451.0,423.0,500.0,222.0,34.0,63.0,3777,2929,848,13,97,80303,1887.556222,32011.362999999994,70
1687,30252,30565,GA,13067030238,4.218,33.9525366,-84.72219709999999,Georgia,WellStar Kennestone Regional Medical Center,Comprehensive Stroke Center,-84.55109,33.969758,15.92983135,1061,2018,"Census Tract 302.38, Cobb County, Georgia",30238,13,67,13067030238,6934,3421,3513,38.8,654,6797.0,0.0,15.0,972.0,0.0,0.0,5810.0,42.0,615.0,5278.0,40325.0,6839.0,998.0,219.0,487.0,356.0,731.0,395.0,319.0,1179.0,6934,6767,167,13,67,30238,1643.907065,19866.236999999994,69
1688,30253,30566,GA,13015960700,25.35,34.1911439,-84.7233768,Georgia,WellStar Kennestone Regional Medical Center,Comprehensive Stroke Center,-84.55109,33.969758,29.25588682,1227,2018,"Census Tract 9607, Bartow County, Georgia",960700,13,15,13015960700,8092,3874,4218,34.1,1126,7648.0,24.0,161.0,1795.0,0.0,401.0,5267.0,298.0,1603.0,4112.0,26618.0,7651.0,1066.0,718.0,621.0,954.0,763.0,493.0,206.0,341.0,7828,6129,1699,13,15,960700,319.2110454,41948.73100000001,52
1689,30254,30567,GA,13067030236,2.022,33.9814336,-84.72372890000001,Georgia,WellStar Kennestone Regional Medical Center,Comprehensive Stroke Center,-84.55109,33.969758,16.00624458,1060,2018,"Census Tract 302.36, Cobb County, Georgia",30236,13,67,13067030236,4706,2284,2422,44.0,468,4610.0,0.0,22.0,399.0,0.0,52.0,4137.0,47.0,128.0,4033.0,62262.0,4645.0,388.0,173.0,195.0,216.0,268.0,299.0,158.0,1119.0,4698,4444,254,13,67,30236,2327.398615,18962.389000000003,77
1690,30258,30571,GA,13015960101,36.065,34.3777476,-84.72599090000001,Georgia,WellStar Kennestone Regional Medical Center,Comprehensive Stroke Center,-84.55109,33.969758,48.04338757,971,2018,"Census Tract 9601.01, Bartow County, Georgia",960101,13,15,13015960101,1379,705,674,53.1,277,1269.0,3.0,0.0,12.0,0.0,0.0,1254.0,103.0,34.0,1229.0,39412.0,1372.0,168.0,112.0,131.0,118.0,100.0,204.0,88.0,163.0,1366,1258,108,13,15,960101,38.2365174,61209.74299999998,59
1691,30259,30572,GA,13121010400,70.342,33.5546062,-84.7260797,Georgia,Grady Memorial Hospital,Comprehensive Stroke Center,-84.38242,33.752320000000005,38.69194633,551,2018,"Census Tract 104, Fulton County, Georgia",10400,13,121,13121010400,8248,4006,4242,38.3,1276,8015.0,2.0,125.0,4358.0,0.0,133.0,3397.0,170.0,759.0,3040.0,24729.0,8139.0,1296.0,482.0,938.0,637.0,643.0,584.0,216.0,597.0,8202,7217,985,13,121,10400,117.2556936,43593.633000000016,63
1692,30260,30573,GA,13097080511,16.399,33.662011299999996,-84.72672929999999,Georgia,Grady Memorial Hospital,Comprehensive Stroke Center,-84.38242,33.752320000000005,33.45254052,1592,2018,"Census Tract 805.11, Douglas County, Georgia",80511,13,97,13097080511,9326,4767,4559,37.3,851,9058.0,0.0,99.0,4915.0,0.0,185.0,3859.0,162.0,516.0,3595.0,39852.0,9197.0,790.0,510.0,809.0,551.0,1057.0,960.0,370.0,1242.0,9303,8180,1123,13,97,80511,568.693213,40841.35000000002,79
1693,30261,30574,GA,13099090100,132.173,31.360038300000003,-84.7272854,Alabama,Southeast Health,Comprehensive Stroke Center,-85.36301,31.21588,62.6057755,1595,2018,"Census Tract 901, Early County, Georgia",90100,13,99,13099090100,1269,613,656,47.2,273,1267.0,0.0,0.0,687.0,0.0,0.0,580.0,0.0,31.0,577.0,22286.0,1267.0,154.0,107.0,145.0,81.0,138.0,61.0,66.0,28.0,1269,1070,199,13,99,90100,9.601053165,75954.17499999999,83
1694,30262,30575,GA,13077170306,6.849,33.4009766,-84.72745350000001,Georgia,Grady Memorial Hospital,Comprehensive Stroke Center,-84.38242,33.752320000000005,50.44509558,1528,2018,"Census Tract 1703.06, Coweta County, Georgia",170306,13,77,13077170306,9793,4490,5303,37.1,1299,9322.0,93.0,667.0,2157.0,0.0,28.0,6377.0,314.0,761.0,5677.0,32766.0,9571.0,1070.0,441.0,1048.0,1008.0,764.0,765.0,291.0,1395.0,9793,8562,1231,13,77,170306,1429.843773,55203.13499999998,55
1695,30263,30576,GA,13097080509,3.3339999999999996,33.7108177,-84.7279025,Georgia,Grady Memorial Hospital,Comprehensive Stroke Center,-84.38242,33.752320000000005,32.34658736,1474,2018,"Census Tract 805.09, Douglas County, Georgia",80509,13,97,13097080509,6325,3080,3245,41.5,955,6184.0,0.0,175.0,2840.0,0.0,141.0,3028.0,124.0,547.0,2849.0,41127.0,6287.0,595.0,319.0,563.0,354.0,725.0,525.0,189.0,1085.0,6325,6058,267,13,97,80509,1897.1205760000003,39540.57799999999,63
1696,30267,30580,GA,13097080510,5.76,33.6924365,-84.7319929,Georgia,Grady Memorial Hospital,Comprehensive Stroke Center,-84.38242,33.752320000000005,33.07370691,1475,2018,"Census Tract 805.10, Douglas County, Georgia",80510,13,97,13097080510,8408,3695,4713,36.2,983,7985.0,5.0,144.0,3688.0,0.0,262.0,3886.0,279.0,1407.0,2970.0,32546.0,8264.0,861.0,438.0,824.0,489.0,789.0,780.0,197.0,634.0,8408,7749,659,13,97,80510,1459.722222,39347.51999999999,65
1697,30270,30583,GA,13223120601,4.796,33.8086218,-84.7333907,Georgia,WellStar Kennestone Regional Medical Center,Comprehensive Stroke Center,-84.55109,33.969758,24.57308697,280,2018,"Census Tract 1206.01, Paulding County, Georgia",120601,13,223,13223120601,5385,2830,2555,40.7,358,5230.0,0.0,190.0,2024.0,0.0,315.0,2701.0,130.0,553.0,2435.0,28815.0,5360.0,479.0,266.0,618.0,527.0,379.0,497.0,188.0,356.0,5385,4599,786,13,223,120601,1122.810676,28285.603000000003,87
1698,30272,30585,GA,13077170602,3.737,33.3663238,-84.7342672,Georgia,Grady Memorial Hospital,Comprehensive Stroke Center,-84.38242,33.752320000000005,53.8551627,1005,2018,"Census Tract 1706.02, Coweta County, Georgia",170602,13,77,13077170602,8419,4033,4386,39.4,1153,8241.0,33.0,384.0,763.0,0.0,126.0,6935.0,89.0,460.0,6661.0,51532.0,8284.0,614.0,285.0,498.0,490.0,882.0,824.0,297.0,1822.0,8400,7899,501,13,77,170602,2252.876639,60250.65699999998,73
1699,30274,30587,GA,13223120603,5.835,33.851917900000004,-84.7354899,Georgia,WellStar Kennestone Regional Medical Center,Comprehensive Stroke Center,-84.55109,33.969758,21.48653494,282,2018,"Census Tract 1206.03, Paulding County, Georgia",120603,13,223,13223120603,6560,3140,3420,39.3,718,6245.0,100.0,34.0,2150.0,0.0,94.0,3867.0,285.0,136.0,3825.0,30590.0,6530.0,853.0,359.0,732.0,506.0,733.0,362.0,256.0,473.0,6543,5662,881,13,223,120603,1124.2502140000001,26371.97000000001,91
1700,30277,30590,GA,13201950200,42.566,31.2119266,-84.7377998,Alabama,Southeast Health,Comprehensive Stroke Center,-85.36301,31.21588,59.57807383,1649,2018,"Census Tract 9502, Miller County, Georgia",950200,13,201,13201950200,1764,808,956,43.4,356,1740.0,9.0,0.0,946.0,0.0,7.0,778.0,7.0,7.0,778.0,21747.0,1577.0,165.0,175.0,317.0,238.0,106.0,57.0,11.0,69.0,1603,1334,269,13,201,950200,41.4415261,68198.19099999998,83
1701,30282,30595,GA,13015960102,84.94,34.2962387,-84.74278690000001,Georgia,WellStar Kennestone Regional Medical Center,Comprehensive Stroke Center,-84.55109,33.969758,40.30100628,972,2018,"Census Tract 9601.02, Bartow County, Georgia",960102,13,15,13015960102,9810,5000,4810,41.8,1435,9547.0,0.0,4.0,192.0,0.0,78.0,9273.0,245.0,455.0,8903.0,26451.0,9763.0,1326.0,844.0,1190.0,848.0,800.0,769.0,334.0,862.0,9810,8725,1085,13,15,960102,115.49328940000001,50651.51199999998,48
1702,30283,30596,GA,13223120202,7.021,33.904500799999994,-84.74364320000001,Georgia,WellStar Kennestone Regional Medical Center,Comprehensive Stroke Center,-84.55109,33.969758,19.21740095,1680,2018,"Census Tract 1202.02, Paulding County, Georgia",120202,13,223,13223120202,7628,3513,4115,37.6,915,7409.0,61.0,188.0,2212.0,0.0,169.0,4779.0,171.0,656.0,4480.0,35063.0,7580.0,831.0,547.0,545.0,755.0,1160.0,555.0,325.0,654.0,7614,6725,889,13,223,120202,1086.454921,22945.919,79
1703,30284,30597,GA,13097080301,8.645,33.769517,-84.74653690000001,Georgia,WellStar Kennestone Regional Medical Center,Comprehensive Stroke Center,-84.55109,33.969758,28.64161091,1237,2018,"Census Tract 803.01, Douglas County, Georgia",80301,13,97,13097080301,12840,6030,6810,31.1,1030,12163.0,22.0,68.0,8950.0,0.0,61.0,3062.0,436.0,1256.0,2332.0,24834.0,12599.0,1562.0,624.0,1745.0,1372.0,761.0,1114.0,291.0,336.0,12840,10626,2214,13,97,80301,1485.251591,33571.29099999999,79
1704,30285,30598,GA,13037950200,94.77,31.5233783,-84.7476835,Alabama,Southeast Health,Comprehensive Stroke Center,-85.36301,31.21588,67.74310875,1736,2018,"Census Tract 9502, Calhoun County, Georgia",950200,13,37,13037950200,3067,1351,1716,37.5,512,2999.0,0.0,34.0,2108.0,0.0,27.0,830.0,53.0,29.0,830.0,18341.0,2974.0,484.0,278.0,433.0,251.0,237.0,75.0,75.0,63.0,3012,2467,545,13,37,950200,32.36256199,78757.19099999999,88
1705,30287,30600,GA,13053020100,59.565,32.2725435,-84.7487963,Alabama,Southeast Health,Comprehensive Stroke Center,-85.36301,31.21588,130.8231127,422,2018,"Census Tract 201, Chattahoochee County, Georgia",20100,13,53,13053020100,2412,1054,1358,42.6,397,2317.0,0.0,17.0,858.0,0.0,0.0,1442.0,76.0,0.0,1442.0,21276.0,2393.0,298.0,320.0,351.0,239.0,237.0,64.0,34.0,155.0,2412,2150,262,13,53,20100,40.49357844,154878.553,142
1706,30291,30604,GA,13199970600,88.535,32.9129904,-84.750541,Georgia,Grady Memorial Hospital,Comprehensive Stroke Center,-84.38242,33.752320000000005,99.19862798,895,2018,"Census Tract 9706, Meriwether County, Georgia",970600,13,199,13199970600,3775,1858,1917,41.0,759,3703.0,10.0,16.0,1420.0,0.0,13.0,2244.0,60.0,140.0,2111.0,17699.0,3655.0,689.0,436.0,381.0,332.0,382.0,131.0,41.0,165.0,3689,3200,489,13,199,970600,42.63850455,108346.28300000001,83
1707,30292,30605,GA,13053020206,117.212,32.4182804,-84.7509124,Alabama,Southeast Health,Comprehensive Stroke Center,-85.36301,31.21588,145.3764154,152,2018,"Census Tract 202.06, Chattahoochee County, Georgia",20206,13,53,13053020206,767,693,74,22.7,0,720.0,0.0,0.0,194.0,35.0,8.0,483.0,47.0,151.0,363.0,20870.0,0.0,63.0,43.0,458.0,104.0,49.0,22.0,13.0,15.0,0,0,0,13,53,20206,6.543698597000001,178007.14500000005,171
1708,30293,30606,GA,13097080304,3.975,33.7396513,-84.75092099999999,Georgia,WellStar Kennestone Regional Medical Center,Comprehensive Stroke Center,-84.55109,33.969758,31.51860349,1470,2018,"Census Tract 803.04, Douglas County, Georgia",80304,13,97,13097080304,5593,2494,3099,39.7,733,5444.0,3.0,187.0,3101.0,0.0,53.0,2100.0,92.0,171.0,2047.0,23184.0,4635.0,890.0,546.0,652.0,437.0,667.0,403.0,137.0,290.0,4694,3909,785,13,97,80304,1407.044025,37940.497999999985,75
1709,30295,30608,GA,13077170802,45.559,33.2734607,-84.7520389,Georgia,Grady Memorial Hospital,Comprehensive Stroke Center,-84.38242,33.752320000000005,63.246837899999996,1008,2018,"Census Tract 1708.02, Coweta County, Georgia",170802,13,77,13077170802,4575,2245,2330,44.1,774,4459.0,41.0,2.0,291.0,0.0,32.0,4093.0,104.0,54.0,4070.0,32575.0,4548.0,519.0,355.0,481.0,417.0,387.0,498.0,225.0,435.0,4575,4219,356,13,77,170802,100.41923659999999,71693.55299999997,67
1710,30296,30609,GA,13097080508,2.502,33.71803,-84.75296429999999,Georgia,WellStar Kennestone Regional Medical Center,Comprehensive Stroke Center,-84.55109,33.969758,33.59628,1473,2018,"Census Tract 805.08, Douglas County, Georgia",80508,13,97,13097080508,5333,2706,2627,39.8,942,5056.0,0.0,0.0,1989.0,0.0,0.0,3067.0,122.0,524.0,2543.0,28007.0,5178.0,913.0,488.0,395.0,483.0,603.0,427.0,80.0,446.0,5333,4506,827,13,97,80508,2131.494804,40054.43099999998,79
1711,30298,30611,GA,13077170305,10.501,33.407538,-84.7563483,Georgia,Grady Memorial Hospital,Comprehensive Stroke Center,-84.38242,33.752320000000005,51.64772249,1521,2018,"Census Tract 1703.05, Coweta County, Georgia",170305,13,77,13077170305,11079,5140,5939,31.4,1057,10544.0,13.0,511.0,3804.0,0.0,319.0,5897.0,219.0,1832.0,4547.0,24660.0,10405.0,1091.0,688.0,1832.0,1084.0,929.0,736.0,288.0,445.0,10721,8873,1848,13,77,170305,1055.042377,58765.29699999998,60
1712,30299,30612,GA,13145120200,65.351,32.7946435,-84.7569323,Georgia,Grady Memorial Hospital,Comprehensive Stroke Center,-84.38242,33.752320000000005,111.79892590000001,1946,2018,"Census Tract 1202, Harris County, Georgia",120200,13,145,13145120200,3530,1698,1832,43.7,697,3479.0,19.0,51.0,564.0,0.0,0.0,2845.0,34.0,145.0,2700.0,23960.0,3367.0,619.0,346.0,364.0,239.0,421.0,197.0,85.0,283.0,3384,3038,346,13,145,120200,54.01600588,125007.40799999992,101
1713,30301,30614,GA,13223120203,4.511,33.952189000000004,-84.7571536,Georgia,WellStar Kennestone Regional Medical Center,Comprehensive Stroke Center,-84.55109,33.969758,19.14528061,272,2018,"Census Tract 1202.03, Paulding County, Georgia",120203,13,223,13223120203,5174,2694,2480,41.7,551,4963.0,79.0,0.0,300.0,0.0,14.0,4570.0,114.0,82.0,4502.0,30881.0,5046.0,633.0,296.0,550.0,614.0,599.0,461.0,193.0,424.0,5169,4664,505,13,223,120203,1146.9740630000001,24481.977000000003,86
1714,30302,30615,GA,13145120402,86.14200000000001,32.6587404,-84.758637,Georgia,Grady Memorial Hospital,Comprehensive Stroke Center,-84.38242,33.752320000000005,126.25692340000002,1949,2018,"Census Tract 1204.02, Harris County, Georgia",120402,13,145,13145120402,8987,4407,4580,40.9,1506,8747.0,0.0,140.0,1725.0,4.0,4.0,6874.0,166.0,76.0,6822.0,30955.0,8812.0,1292.0,409.0,973.0,735.0,927.0,600.0,300.0,1152.0,8855,8039,816,13,145,120402,104.3277379,136410.949,105
1715,30305,30618,GA,13223120204,5.778,33.927251899999995,-84.7630872,Georgia,WellStar Kennestone Regional Medical Center,Comprehensive Stroke Center,-84.55109,33.969758,20.15631127,273,2018,"Census Tract 1202.04, Paulding County, Georgia",120204,13,223,13223120204,7734,3387,4347,38.4,953,7481.0,0.0,0.0,1518.0,0.0,33.0,5930.0,59.0,457.0,5569.0,28102.0,7540.0,991.0,593.0,923.0,488.0,704.0,667.0,257.0,697.0,7734,6507,1227,13,223,120204,1338.525441,24606.511000000006,82
1716,30307,30620,GA,13129970900,62.547,34.4403001,-84.7645992,Georgia,WellStar Kennestone Regional Medical Center,Comprehensive Stroke Center,-84.55109,33.969758,55.78133845,1622,2018,"Census Tract 9709, Gordon County, Georgia",970900,13,129,13129970900,7345,3722,3623,41.8,1025,7088.0,1.0,3.0,463.0,0.0,22.0,6599.0,183.0,31.0,6590.0,25318.0,7267.0,889.0,668.0,1060.0,793.0,1071.0,350.0,131.0,318.0,7345,6479,866,13,129,970900,117.4316914,71672.12099999996,61
1717,30309,30622,GA,13129970100,97.78299999999999,34.547053399999996,-84.765656,Georgia,WellStar Kennestone Regional Medical Center,Comprehensive Stroke Center,-84.55109,33.969758,67.01768279,1623,2018,"Census Tract 9701, Gordon County, Georgia",970100,13,129,13129970100,6228,3310,2918,40.5,949,6007.0,0.0,0.0,0.0,0.0,83.0,5924.0,35.0,213.0,5759.0,23760.0,6042.0,886.0,413.0,957.0,552.0,525.0,428.0,167.0,345.0,6228,5194,1034,13,129,970100,63.69205281,84460.60099999998,77
1718,30310,30623,GA,13213010600,32.079,34.687745899999996,-84.7657493,Tennessee,Erlanger Health System,Comprehensive Stroke Center,-85.29043,35.04872,62.49101996,28,2018,"Census Tract 106, Murray County, Georgia",10600,13,213,13213010600,4141,2230,1911,36.2,522,4117.0,12.0,5.0,8.0,0.0,48.0,4044.0,8.0,842.0,3250.0,25804.0,4094.0,388.0,270.0,622.0,730.0,222.0,249.0,67.0,95.0,4141,3223,918,13,213,10600,129.08756509999998,70614.14299999997,86
1719,30315,30628,GA,13223120101,15.997,34.0488999,-84.7690946,Georgia,WellStar Kennestone Regional Medical Center,Comprehensive Stroke Center,-84.55109,33.969758,21.96832315,268,2018,"Census Tract 1201.01, Paulding County, Georgia",120101,13,223,13223120101,13866,7417,6449,39.1,1548,13143.0,12.0,212.0,1382.0,0.0,56.0,11481.0,605.0,979.0,10583.0,46581.0,13748.0,1499.0,575.0,1013.0,882.0,624.0,1247.0,464.0,2738.0,13866,13139,727,13,223,120101,866.7875227,24735.810999999998,66
1720,30316,30629,GA,13015960803,29.815,34.1109968,-84.769506,Georgia,WellStar Kennestone Regional Medical Center,Comprehensive Stroke Center,-84.55109,33.969758,25.538641600000002,1235,2018,"Census Tract 9608.03, Bartow County, Georgia",960803,13,15,13015960803,5598,2727,2871,40.9,849,5414.0,9.0,180.0,115.0,0.0,195.0,4915.0,86.0,332.0,4756.0,23762.0,5483.0,717.0,476.0,760.0,334.0,513.0,360.0,96.0,444.0,5587,4516,1071,13,15,960803,187.75784,30559.310999999998,42
1721,30318,30631,GA,13223120604,6.66,33.8062154,-84.770728,Georgia,WellStar Kennestone Regional Medical Center,Comprehensive Stroke Center,-84.55109,33.969758,27.23746323,283,2018,"Census Tract 1206.04, Paulding County, Georgia",120604,13,223,13223120604,5526,2573,2953,39.5,644,5397.0,0.0,0.0,1231.0,15.0,10.0,4141.0,104.0,488.0,3678.0,35333.0,5483.0,542.0,359.0,496.0,473.0,603.0,577.0,171.0,559.0,5526,4785,741,13,223,120604,829.7297297,32598.815000000002,85
1722,30324,30637,GA,13077170304,11.421,33.4332833,-84.7771138,Georgia,Grady Memorial Hospital,Comprehensive Stroke Center,-84.38242,33.752320000000005,50.93535309,1520,2018,"Census Tract 1703.04, Coweta County, Georgia",170304,13,77,13077170304,7165,3321,3844,39.4,1156,7087.0,0.0,44.0,1461.0,0.0,70.0,5512.0,64.0,196.0,5327.0,32111.0,7010.0,871.0,401.0,666.0,630.0,486.0,562.0,271.0,960.0,7107,6573,534,13,77,170304,627.3531214,58070.43899999997,71
1723,30327,30640,GA,13223120102,13.107999999999999,33.98333970000001,-84.7818342,Georgia,WellStar Kennestone Regional Medical Center,Comprehensive Stroke Center,-84.55109,33.969758,21.37625749,269,2018,"Census Tract 1201.02, Paulding County, Georgia",120102,13,223,13223120102,13342,6629,6713,32.2,914,12776.0,66.0,20.0,2057.0,0.0,885.0,9748.0,401.0,1452.0,9409.0,34262.0,12651.0,1154.0,994.0,1400.0,866.0,1302.0,1179.0,602.0,1233.0,12875,11627,1248,13,223,120102,1017.851694,27050.577999999994,98
1724,30330,30643,GA,13215010107,35.174,32.5718614,-84.78659470000001,Georgia,Grady Memorial Hospital,Comprehensive Stroke Center,-84.38242,33.752320000000005,136.2416664,213,2018,"Census Tract 101.07, Muscogee County, Georgia",10107,13,215,13215010107,8710,4485,4225,40.5,1147,8297.0,0.0,178.0,2168.0,67.0,102.0,5782.0,371.0,1003.0,5285.0,41665.0,8668.0,922.0,270.0,863.0,693.0,834.0,797.0,453.0,1301.0,8583,8135,448,13,215,10107,247.6260875,149395.25200000004,106
1725,30331,30644,GA,13253200100,97.81200000000001,30.919092699999997,-84.7868371,Alabama,Southeast Health,Comprehensive Stroke Center,-85.36301,31.21588,64.08133387,1164,2018,"Census Tract 2001, Seminole County, Georgia",200100,13,253,13253200100,2743,1301,1442,50.3,656,2638.0,0.0,0.0,195.0,0.0,3.0,2440.0,69.0,71.0,2421.0,25878.0,2707.0,261.0,231.0,370.0,341.0,329.0,93.0,44.0,147.0,2743,2366,377,13,253,200100,28.04359383,73154.68299999998,80
1726,30332,30645,GA,13223120501,8.807,33.8809849,-84.7870883,Georgia,WellStar Kennestone Regional Medical Center,Comprehensive Stroke Center,-84.55109,33.969758,23.94046232,277,2018,"Census Tract 1205.01, Paulding County, Georgia",120501,13,223,13223120501,7261,3491,3770,34.3,767,7049.0,0.0,0.0,2584.0,0.0,0.0,4465.0,134.0,383.0,4367.0,27073.0,7163.0,920.0,590.0,810.0,647.0,762.0,594.0,281.0,419.0,7244,6594,650,13,223,120501,824.4578176,29699.886000000006,104
1727,30335,30648,GA,13077170303,22.893,33.4810587,-84.7881445,Georgia,Grady Memorial Hospital,Comprehensive Stroke Center,-84.38242,33.752320000000005,48.19511017,1519,2018,"Census Tract 1703.03, Coweta County, Georgia",170303,13,77,13077170303,6101,3012,3089,39.9,809,5823.0,0.0,83.0,582.0,0.0,29.0,5129.0,219.0,174.0,5026.0,43846.0,6025.0,476.0,266.0,449.0,493.0,390.0,564.0,261.0,1005.0,6101,5681,420,13,77,170303,266.50067709999996,57354.676999999996,75
1728,30336,30649,GA,13097080505,3.827,33.7109659,-84.788208,Georgia,WellStar Kennestone Regional Medical Center,Comprehensive Stroke Center,-84.55109,33.969758,36.13378627,1238,2018,"Census Tract 805.05, Douglas County, Georgia",80505,13,97,13097080505,4663,2121,2542,35.2,627,4427.0,0.0,99.0,1215.0,0.0,209.0,2904.0,107.0,323.0,2791.0,28173.0,4526.0,519.0,387.0,497.0,401.0,570.0,319.0,164.0,242.0,4663,4051,612,13,97,80505,1218.44787,41962.43299999999,78
1729,30337,30650,GA,13223120503,7.832999999999999,33.8443019,-84.790175,Georgia,WellStar Kennestone Regional Medical Center,Comprehensive Stroke Center,-84.55109,33.969758,26.12622041,279,2018,"Census Tract 1205.03, Paulding County, Georgia",120503,13,223,13223120503,5173,2595,2578,38.4,541,5039.0,0.0,47.0,675.0,0.0,0.0,4317.0,78.0,126.0,4208.0,32978.0,5107.0,632.0,272.0,482.0,396.0,661.0,478.0,139.0,394.0,5173,4747,426,13,223,120503,660.4110812999999,31041.132000000005,103
1730,30338,30651,GA,13077170601,9.166,33.3546518,-84.7939635,Georgia,Grady Memorial Hospital,Comprehensive Stroke Center,-84.38242,33.752320000000005,58.36135139,1004,2018,"Census Tract 1706.01, Coweta County, Georgia",170601,13,77,13077170601,8755,4590,4165,34.1,756,8447.0,20.0,83.0,4663.0,0.0,46.0,3635.0,177.0,1020.0,2661.0,22410.0,8607.0,1283.0,631.0,1190.0,906.0,512.0,484.0,203.0,495.0,8755,7230,1525,13,77,170601,955.1603752999998,63882.269999999975,63
1731,30339,30652,GA,13097080507,9.651,33.636171399999995,-84.7942608,Georgia,Grady Memorial Hospital,Comprehensive Stroke Center,-84.38242,33.752320000000005,40.29828606,1243,2018,"Census Tract 805.07, Douglas County, Georgia",80507,13,97,13097080507,3570,1801,1769,38.2,326,3540.0,0.0,0.0,996.0,0.0,64.0,2480.0,11.0,315.0,2203.0,36095.0,3540.0,391.0,178.0,321.0,208.0,371.0,253.0,118.0,455.0,3570,3171,399,13,97,80507,369.9098539,48637.49400000002,69
1732,30340,30653,GA,13213010400,10.642999999999999,34.773827000000004,-84.795181,Tennessee,Erlanger Health System,Comprehensive Stroke Center,-85.29043,35.04872,54.57472963,29,2018,"Census Tract 104, Murray County, Georgia",10400,13,213,13213010400,6277,2847,3430,42.6,1283,6097.0,0.0,45.0,71.0,0.0,27.0,5954.0,95.0,750.0,5259.0,23361.0,5987.0,894.0,533.0,1070.0,661.0,592.0,570.0,100.0,186.0,6072,5119,953,13,213,10400,589.7773183999999,65289.10200000001,107
1733,30342,30655,GA,13015960402,19.869,34.2353226,-84.7965772,Georgia,WellStar Kennestone Regional Medical Center,Comprehensive Stroke Center,-84.55109,33.969758,37.15989496,974,2018,"Census Tract 9604.02, Bartow County, Georgia",960402,13,15,13015960402,8748,4747,4001,41.2,1360,8605.0,0.0,66.0,1242.0,0.0,145.0,7152.0,76.0,482.0,6742.0,29856.0,8171.0,1005.0,504.0,1059.0,1029.0,930.0,632.0,358.0,719.0,8238,7183,1055,13,15,960402,440.2838593,42273.323,48
1734,30346,30659,GA,13213010202,29.721999999999998,34.84330429999999,-84.8001552,Tennessee,Erlanger Health System,Comprehensive Stroke Center,-85.29043,35.04872,50.25010325,210,2018,"Census Tract 102.02, Murray County, Georgia",10202,13,213,13213010202,8653,4139,4514,35.3,1046,8579.0,0.0,8.0,233.0,0.0,54.0,8284.0,0.0,1401.0,6937.0,26112.0,8574.0,859.0,761.0,963.0,1176.0,1099.0,397.0,75.0,224.0,8651,7187,1464,13,213,10202,291.1311486,59056.070999999996,93
1735,30352,30665,GA,13215010802,75.435,32.478293300000004,-84.8086002,Georgia,Grady Memorial Hospital,Comprehensive Stroke Center,-84.38242,33.752320000000005,146.7892097,254,2018,"Census Tract 108.02, Muscogee County, Georgia",10802,13,215,13215010802,8014,5412,2602,19.9,3,6827.0,134.0,131.0,778.0,194.0,422.0,5168.0,1026.0,1571.0,4392.0,15397.0,5297.0,1892.0,475.0,697.0,353.0,669.0,500.0,128.0,108.0,4456,4371,85,13,215,10802,106.23715779999999,192894.39700000008,118
1736,30354,30667,GA,13015960600,9.527000000000001,34.1491155,-84.8127113,Georgia,WellStar Kennestone Regional Medical Center,Comprehensive Stroke Center,-84.55109,33.969758,31.29176013,1230,2018,"Census Tract 9606, Bartow County, Georgia",960600,13,15,13015960600,9005,4172,4833,36.9,1310,8752.0,0.0,0.0,1712.0,0.0,57.0,6983.0,181.0,739.0,6324.0,30079.0,8884.0,889.0,712.0,1022.0,802.0,818.0,917.0,263.0,706.0,8947,7764,1183,13,15,960600,945.2083552000001,34977.575,54
1737,30356,30669,GA,13223120602,8.93,33.7932471,-84.81405720000001,Georgia,WellStar Kennestone Regional Medical Center,Comprehensive Stroke Center,-84.55109,33.969758,31.22764397,281,2018,"Census Tract 1206.02, Paulding County, Georgia",120602,13,223,13223120602,10282,5116,5166,36.8,717,10192.0,77.0,25.0,2765.0,0.0,186.0,7139.0,68.0,358.0,6967.0,35550.0,10202.0,951.0,464.0,888.0,887.0,1054.0,785.0,484.0,1044.0,10282,9525,757,13,223,120602,1151.399776,37532.778999999995,94
1738,30357,30670,GA,13223120301,7.994,33.92917070000001,-84.8142483,Georgia,WellStar Kennestone Regional Medical Center,Comprehensive Stroke Center,-84.55109,33.969758,24.73928419,274,2018,"Census Tract 1203.01, Paulding County, Georgia",120301,13,223,13223120301,6365,3111,3254,33.0,730,5843.0,57.0,253.0,1358.0,0.0,147.0,4028.0,381.0,437.0,3869.0,28887.0,6224.0,377.0,482.0,808.0,604.0,679.0,375.0,94.0,673.0,6365,5515,850,13,223,120301,796.2221666,30697.586000000003,103
1739,30358,30671,GA,13097080506,7.097,33.6853699,-84.8143005,Georgia,WellStar Kennestone Regional Medical Center,Comprehensive Stroke Center,-84.55109,33.969758,39.85867965,1242,2018,"Census Tract 805.06, Douglas County, Georgia",80506,13,97,13097080506,5772,2678,3094,39.6,1058,5564.0,0.0,8.0,1310.0,0.0,22.0,4224.0,166.0,195.0,4088.0,26385.0,5498.0,994.0,451.0,434.0,503.0,638.0,344.0,130.0,428.0,5556,4802,754,13,97,80506,813.3013950000001,45988.79499999999,74
1740,30360,30673,GA,13201950300,131.351,31.140961199999996,-84.81820450000001,Alabama,Southeast Health,Comprehensive Stroke Center,-85.36301,31.21588,52.59413854,1648,2018,"Census Tract 9503, Miller County, Georgia",950300,13,201,13201950300,2331,1177,1154,44.4,522,2283.0,0.0,0.0,432.0,0.0,0.0,1851.0,8.0,16.0,1843.0,27432.0,2291.0,217.0,178.0,291.0,451.0,155.0,228.0,20.0,118.0,2331,2094,237,13,201,950300,17.74634377,61641.59399999999,78
1741,30362,30675,GA,13015960401,6.854,34.21848129999999,-84.8213586,Georgia,WellStar Kennestone Regional Medical Center,Comprehensive Stroke Center,-84.55109,33.969758,37.19183791,973,2018,"Census Tract 9604.01, Bartow County, Georgia",960401,13,15,13015960401,10034,4717,5317,32.6,1096,9778.0,0.0,206.0,2167.0,0.0,68.0,7337.0,239.0,1227.0,6193.0,27782.0,9902.0,1138.0,608.0,1345.0,1138.0,1453.0,452.0,256.0,326.0,9954,8298,1656,13,15,960401,1463.96265,41535.041999999994,54
1742,30363,30676,GA,13243790200,221.75099999999998,31.7310825,-84.82173309999999,Alabama,Southeast Health,Comprehensive Stroke Center,-85.36301,31.21588,76.86956736,1914,2018,"Census Tract 7902, Randolph County, Georgia",790200,13,243,13243790200,5182,2608,2574,39.7,1010,5080.0,0.0,0.0,3559.0,0.0,0.0,1521.0,0.0,0.0,1521.0,16096.0,4903.0,733.0,748.0,651.0,464.0,296.0,190.0,55.0,132.0,5069,4212,857,13,243,790200,23.36855302,89898.33699999997,92
1743,30364,30677,GA,13223120103,25.666,34.015445,-84.8219359,Georgia,WellStar Kennestone Regional Medical Center,Comprehensive Stroke Center,-84.55109,33.969758,25.53218085,270,2018,"Census Tract 1201.03, Paulding County, Georgia",120103,13,223,13223120103,11190,5440,5750,34.6,1137,11007.0,0.0,238.0,902.0,0.0,19.0,9848.0,65.0,404.0,9444.0,42185.0,11007.0,874.0,389.0,711.0,945.0,1298.0,733.0,646.0,1694.0,11190,10551,639,13,223,120103,435.98535030000005,29447.042999999994,94
1744,30370,30683,GA,13223120502,9.651,33.8463255,-84.8391427,Georgia,WellStar Kennestone Regional Medical Center,Comprehensive Stroke Center,-84.55109,33.969758,29.95255558,278,2018,"Census Tract 1205.02, Paulding County, Georgia",120502,13,223,13223120502,8685,4182,4503,38.9,786,8399.0,0.0,0.0,535.0,0.0,191.0,7673.0,250.0,810.0,7069.0,30448.0,8649.0,1198.0,381.0,1051.0,719.0,979.0,1098.0,171.0,514.0,8685,7242,1443,13,223,120502,899.9067454,36830.093,101
1745,30372,30685,GA,13097080404,23.031,33.758197100000004,-84.8394665,Georgia,WellStar Kennestone Regional Medical Center,Comprehensive Stroke Center,-84.55109,33.969758,35.53450716,1472,2018,"Census Tract 804.04, Douglas County, Georgia",80404,13,97,13097080404,8430,4054,4376,40.0,923,8230.0,0.0,209.0,3145.0,0.0,32.0,4844.0,105.0,579.0,4353.0,29603.0,8293.0,1119.0,639.0,550.0,842.0,600.0,533.0,225.0,979.0,8430,7433,997,13,97,80404,366.0283965,42319.049000000006,74
1746,30376,30689,GA,13213010500,12.493,34.7601182,-84.8440559,Tennessee,Erlanger Health System,Comprehensive Stroke Center,-85.29043,35.04872,51.85942425,27,2018,"Census Tract 105, Murray County, Georgia",10500,13,213,13213010500,5035,2407,2628,35.9,623,4950.0,0.0,0.0,80.0,0.0,151.0,4719.0,63.0,1441.0,3429.0,26475.0,5000.0,485.0,392.0,689.0,636.0,626.0,264.0,59.0,204.0,5035,4515,520,13,213,10500,403.02569439999996,61006.311,99
1747,30377,30690,GA,13015960500,9.345,34.1994223,-84.8445101,Georgia,WellStar Kennestone Regional Medical Center,Comprehensive Stroke Center,-84.55109,33.969758,37.17994092,1232,2018,"Census Tract 9605, Bartow County, Georgia",960500,13,15,13015960500,8280,3927,4353,36.7,1050,7871.0,74.0,9.0,1296.0,0.0,390.0,6102.0,147.0,800.0,5631.0,25625.0,8003.0,1137.0,501.0,1035.0,922.0,620.0,541.0,208.0,530.0,8265,7128,1137,13,15,960500,886.0353130000001,41115.977,72
1748,30378,30691,GA,13077170200,14.797,33.4180407,-84.8452054,Georgia,Grady Memorial Hospital,Comprehensive Stroke Center,-84.38242,33.752320000000005,56.74774263,904,2018,"Census Tract 1702, Coweta County, Georgia",170200,13,77,13077170200,6910,3407,3503,35.5,1100,6663.0,15.0,15.0,900.0,0.0,0.0,5733.0,131.0,99.0,5661.0,28799.0,6794.0,668.0,559.0,696.0,857.0,702.0,495.0,215.0,505.0,6910,6216,694,13,77,170200,466.98655130000003,66689.12999999998,88
1749,30379,30692,GA,13097080403,16.349,33.716576700000005,-84.84633790000001,Georgia,WellStar Kennestone Regional Medical Center,Comprehensive Stroke Center,-84.55109,33.969758,39.18382603,1471,2018,"Census Tract 804.03, Douglas County, Georgia",80403,13,97,13097080403,4952,2213,2739,36.0,567,4672.0,0.0,28.0,1582.0,0.0,102.0,2960.0,256.0,450.0,2653.0,26153.0,4828.0,640.0,496.0,427.0,344.0,283.0,405.0,109.0,541.0,4952,4460,492,13,97,80403,302.8931433,45799.34599999998,68
1750,30384,30697,GA,13097080402,43.332,33.626343299999995,-84.8496928,Georgia,Grady Memorial Hospital,Comprehensive Stroke Center,-84.38242,33.752320000000005,45.52284537,1239,2018,"Census Tract 804.02, Douglas County, Georgia",80402,13,97,13097080402,8850,4576,4274,39.9,1181,8594.0,0.0,43.0,1236.0,0.0,70.0,7245.0,192.0,113.0,7187.0,37849.0,8767.0,883.0,427.0,498.0,943.0,811.0,785.0,416.0,1290.0,8850,8450,400,13,97,80402,204.2370534,53894.91600000003,65
1751,30386,30699,GA,13077170700,14.481,33.3439624,-84.85077009999999,Georgia,Grady Memorial Hospital,Comprehensive Stroke Center,-84.38242,33.752320000000005,62.79587825,552,2018,"Census Tract 1707, Coweta County, Georgia",170700,13,77,13077170700,7561,3247,4314,38.6,1192,7171.0,0.0,43.0,3387.0,21.0,7.0,3713.0,318.0,443.0,3289.0,21995.0,7332.0,1209.0,622.0,1144.0,683.0,666.0,349.0,210.0,623.0,7472,6616,856,13,77,170700,522.1324494,68613.385,74
1752,30388,30701,GA,13223120302,21.708000000000002,33.9238295,-84.8570129,Georgia,WellStar Kennestone Regional Medical Center,Comprehensive Stroke Center,-84.55109,33.969758,28.73541745,275,2018,"Census Tract 1203.02, Paulding County, Georgia",120302,13,223,13223120302,12910,5987,6923,30.7,1439,12252.0,0.0,29.0,3592.0,46.0,0.0,8585.0,319.0,481.0,8243.0,26746.0,12360.0,1289.0,831.0,1481.0,1380.0,1508.0,634.0,532.0,399.0,12704,10882,1822,13,223,120302,594.7116269999999,32796.901,104
1753,30389,30702,GA,13077170801,53.64,33.275473100000006,-84.8583509,Georgia,Grady Memorial Hospital,Comprehensive Stroke Center,-84.38242,33.752320000000005,68.93763937,1007,2018,"Census Tract 1708.01, Coweta County, Georgia",170801,13,77,13077170801,5253,2651,2602,37.7,719,5149.0,5.0,15.0,906.0,0.0,24.0,4199.0,69.0,274.0,3967.0,28739.0,5160.0,655.0,292.0,696.0,596.0,628.0,370.0,192.0,347.0,5253,4463,790,13,77,170801,97.93064877,74964.45,66
1754,30394,30707,GA,13253200200,22.546999999999997,31.006388300000005,-84.8627297,Alabama,Southeast Health,Comprehensive Stroke Center,-85.36301,31.21588,53.07532682,1165,2018,"Census Tract 2002, Seminole County, Georgia",200200,13,253,13253200200,3370,1612,1758,42.1,743,3282.0,0.0,67.0,1880.0,0.0,139.0,1196.0,45.0,156.0,1196.0,19103.0,3225.0,431.0,360.0,353.0,310.0,293.0,67.0,37.0,119.0,3268,2676,592,13,253,200200,149.4655608,56723.366,77
1755,30397,30710,GA,13223120605,11.567,33.8058714,-84.86437059999999,Georgia,WellStar Kennestone Regional Medical Center,Comprehensive Stroke Center,-84.55109,33.969758,34.20981851,284,2018,"Census Tract 1206.05, Paulding County, Georgia",120605,13,223,13223120605,5742,2726,3016,37.8,608,5408.0,16.0,48.0,712.0,0.0,170.0,4462.0,287.0,178.0,4444.0,32580.0,5665.0,664.0,226.0,575.0,512.0,658.0,521.0,135.0,450.0,5729,5132,597,13,223,120605,496.41220710000005,39762.899,89
1756,30398,30711,GA,13215010606,0.684,32.4967496,-84.8645628,Georgia,Grady Memorial Hospital,Comprehensive Stroke Center,-84.38242,33.752320000000005,146.33930680000003,689,2018,"Census Tract 106.06, Muscogee County, Georgia",10606,13,215,13215010606,2366,2174,192,39.2,196,2347.0,7.0,0.0,1472.0,0.0,31.0,837.0,19.0,96.0,796.0,2499.0,33.0,1002.0,48.0,95.0,30.0,26.0,17.0,0.0,19.0,33,33,0,13,215,10606,3459.0643270000005,160001.78899999993,108
1757,30400,30713,GA,13213010700,59.592,34.6511544,-84.86496140000001,Tennessee,Erlanger Health System,Comprehensive Stroke Center,-85.29043,35.04872,58.81587754,26,2018,"Census Tract 107, Murray County, Georgia",10700,13,213,13213010700,5816,3199,2617,34.9,611,5670.0,0.0,15.0,7.0,0.0,50.0,5598.0,4.0,672.0,4976.0,22508.0,5660.0,709.0,468.0,881.0,708.0,616.0,187.0,83.0,135.0,5816,4389,1427,13,213,10700,97.59699288,70616.25699999997,79
1758,30403,30716,GA,13015960902,14.084000000000001,34.1724938,-84.8702772,Georgia,WellStar Kennestone Regional Medical Center,Comprehensive Stroke Center,-84.55109,33.969758,37.06495148,976,2018,"Census Tract 9609.02, Bartow County, Georgia",960902,13,15,13015960902,6822,3481,3341,40.0,882,6664.0,24.0,51.0,560.0,0.0,0.0,6029.0,56.0,195.0,5834.0,33107.0,6702.0,794.0,370.0,558.0,822.0,773.0,587.0,113.0,759.0,6817,6089,728,13,15,960902,484.37943770000004,43773.23499999999,71
1759,30405,30718,GA,13215010104,2.1919999999999997,32.5312875,-84.8708975,Georgia,Grady Memorial Hospital,Comprehensive Stroke Center,-84.38242,33.752320000000005,142.88424430000003,905,2018,"Census Tract 101.04, Muscogee County, Georgia",10104,13,215,13215010104,6870,3561,3309,33.3,812,6231.0,294.0,157.0,2198.0,0.0,18.0,3564.0,596.0,651.0,3116.0,31348.0,6827.0,839.0,381.0,966.0,613.0,797.0,502.0,247.0,897.0,6610,6170,440,13,215,10104,3134.124088,155921.007,104
1760,30406,30719,GA,13223120303,5.675,33.8847459,-84.8719494,Georgia,WellStar Kennestone Regional Medical Center,Comprehensive Stroke Center,-84.55109,33.969758,31.13026839,276,2018,"Census Tract 1203.03, Paulding County, Georgia",120303,13,223,13223120303,1803,926,877,38.6,155,1774.0,0.0,0.0,72.0,0.0,39.0,1663.0,16.0,149.0,1521.0,34853.0,1730.0,171.0,81.0,216.0,130.0,256.0,171.0,52.0,115.0,1803,1462,341,13,223,120303,317.7092511,37340.331999999995,108
1761,30408,30721,GA,13015960901,12.901,34.1225065,-84.87255479999999,Georgia,WellStar Kennestone Regional Medical Center,Comprehensive Stroke Center,-84.55109,33.969758,34.17776713,975,2018,"Census Tract 9609.01, Bartow County, Georgia",960901,13,15,13015960901,3128,1568,1560,33.0,335,3031.0,0.0,0.0,73.0,0.0,93.0,2865.0,54.0,196.0,2753.0,31000.0,3085.0,331.0,229.0,270.0,280.0,453.0,230.0,150.0,115.0,3128,2827,301,13,15,960901,242.4618247,39604.997,64
1762,30410,30723,GA,13215010608,1.337,32.4715099,-84.87545250000001,Alabama,Southeast Health,Comprehensive Stroke Center,-85.36301,31.21588,146.6777053,252,2018,"Census Tract 106.08, Muscogee County, Georgia",10608,13,215,13215010608,4485,2070,2415,35.0,483,4378.0,0.0,67.0,4012.0,0.0,48.0,251.0,66.0,82.0,243.0,22796.0,4444.0,492.0,368.0,698.0,456.0,353.0,162.0,63.0,122.0,4485,4105,380,13,215,10608,3354.525056,167471.1180000001,197
1763,30415,30728,GA,13053020203,66.472,32.3197419,-84.87786740000001,Alabama,Southeast Health,Comprehensive Stroke Center,-85.36301,31.21588,130.7423236,150,2018,"Census Tract 202.03, Chattahoochee County, Georgia",20203,13,53,13053020203,1755,1086,669,23.5,0,1570.0,6.0,40.0,336.0,0.0,75.0,1113.0,103.0,306.0,919.0,27656.0,1442.0,168.0,91.0,135.0,213.0,140.0,102.0,24.0,91.0,1280,1202,78,13,53,20203,26.40209411,162176.15100000013,163
1764,30416,30729,GA,13215010607,1.6909999999999998,32.4848408,-84.87825649999999,Georgia,Grady Memorial Hospital,Comprehensive Stroke Center,-84.38242,33.752320000000005,147.9920318,214,2018,"Census Tract 106.07, Muscogee County, Georgia",10607,13,215,13215010607,6203,2892,3311,32.3,665,5844.0,0.0,45.0,4866.0,0.0,1.0,932.0,302.0,164.0,900.0,20070.0,6112.0,1071.0,594.0,950.0,544.0,437.0,295.0,81.0,207.0,6168,5187,981,13,215,10607,3668.243643,161718.9049999999,104
1765,30420,30733,GA,13215010502,1.422,32.513297200000004,-84.8805136,Georgia,Grady Memorial Hospital,Comprehensive Stroke Center,-84.38242,33.752320000000005,145.062912,911,2018,"Census Tract 105.02, Muscogee County, Georgia",10502,13,215,13215010502,1379,528,851,33.6,230,1286.0,0.0,31.0,666.0,0.0,118.0,471.0,70.0,165.0,418.0,24464.0,1356.0,204.0,107.0,194.0,159.0,216.0,48.0,19.0,39.0,1369,1260,109,13,215,10502,969.7609001000001,158603.01699999993,99
1766,30428,30741,GA,13215010605,2.265,32.4949929,-84.8855527,Georgia,Grady Memorial Hospital,Comprehensive Stroke Center,-84.38242,33.752320000000005,147.138099,922,2018,"Census Tract 106.05, Muscogee County, Georgia",10605,13,215,13215010605,3976,1979,1997,35.5,655,3898.0,0.0,0.0,3856.0,0.0,2.0,40.0,69.0,13.0,40.0,21557.0,3966.0,574.0,367.0,580.0,447.0,283.0,206.0,113.0,86.0,3976,3640,336,13,215,10605,1755.4083890000002,162131.13999999993,109
1767,30429,30742,GA,13129970400,8.105,34.510977000000004,-84.88578309999998,Georgia,WellStar Kennestone Regional Medical Center,Comprehensive Stroke Center,-84.55109,33.969758,67.4903537,1626,2018,"Census Tract 9704, Gordon County, Georgia",970400,13,129,13129970400,5883,2966,2917,35.3,727,5646.0,0.0,0.0,73.0,14.0,615.0,4944.0,144.0,1474.0,4085.0,22085.0,5790.0,706.0,411.0,1030.0,573.0,561.0,254.0,63.0,298.0,5883,4298,1585,13,129,970400,725.8482418,81497.896,59
1768,30431,30744,GA,13129970800,25.963,34.455524700000005,-84.8863247,Georgia,WellStar Kennestone Regional Medical Center,Comprehensive Stroke Center,-84.55109,33.969758,62.11191561,1627,2018,"Census Tract 9708, Gordon County, Georgia",970800,13,129,13129970800,5747,2584,3163,39.0,592,5567.0,0.0,112.0,119.0,0.0,29.0,5307.0,125.0,390.0,4947.0,31455.0,5680.0,812.0,422.0,424.0,878.0,608.0,420.0,207.0,439.0,5735,5558,177,13,129,970800,221.3534645,71607.21599999997,53
1769,30433,30746,GA,13313001100,10.467,34.754421799999996,-84.8875351,Tennessee,Erlanger Health System,Comprehensive Stroke Center,-85.29043,35.04872,49.21306175,427,2018,"Census Tract 11, Whitfield County, Georgia",1100,13,313,13313001100,5314,2554,2760,33.2,772,5111.0,12.0,0.0,114.0,0.0,102.0,4883.0,63.0,2448.0,2523.0,20596.0,5161.0,547.0,542.0,908.0,618.0,384.0,137.0,91.0,51.0,5314,4506,808,13,313,1100,507.69083789999996,56837.454,93
1770,30434,30747,GA,13313000101,52.165,34.934896200000004,-84.8876648,Tennessee,Erlanger Health System,Comprehensive Stroke Center,-85.29043,35.04872,38.87914529,1727,2018,"Census Tract 1.01, Whitfield County, Georgia",101,13,313,13313000101,4165,2045,2120,43.9,697,3925.0,0.0,1.0,12.0,0.0,0.0,3912.0,136.0,190.0,3722.0,26628.0,4029.0,481.0,360.0,592.0,338.0,540.0,380.0,54.0,246.0,4165,3589,576,13,313,101,79.84280648,45242.36800000002,80
1771,30436,30749,GA,13313000200,16.811,34.82443320000001,-84.8897018,Tennessee,Erlanger Health System,Comprehensive Stroke Center,-85.29043,35.04872,44.26520596,1808,2018,"Census Tract 2, Whitfield County, Georgia",200,13,313,13313000200,4255,2317,1938,38.6,591,4181.0,0.0,5.0,96.0,0.0,13.0,4067.0,5.0,689.0,3392.0,21566.0,4162.0,597.0,523.0,571.0,419.0,501.0,277.0,91.0,124.0,4231,3819,412,13,313,200,253.108084,55455.971999999994,91
1772,30437,30750,GA,13215010106,2.764,32.5362348,-84.89027109999999,Georgia,Grady Memorial Hospital,Comprehensive Stroke Center,-84.38242,33.752320000000005,142.95283500000002,687,2018,"Census Tract 101.06, Muscogee County, Georgia",10106,13,215,13215010106,5983,2922,3061,32.7,584,5300.0,36.0,151.0,1898.0,0.0,219.0,2996.0,543.0,456.0,2888.0,24732.0,5793.0,998.0,427.0,635.0,450.0,747.0,411.0,85.0,334.0,5867,5418,449,13,215,10106,2164.616498,157434.18699999998,97
1773,30438,30751,GA,13099090400,78.089,31.3138364,-84.89291899999999,Alabama,Southeast Health,Comprehensive Stroke Center,-85.36301,31.21588,46.06959199,1598,2018,"Census Tract 904, Early County, Georgia",90400,13,99,13099090400,3520,1735,1785,36.8,518,3506.0,9.0,47.0,2159.0,0.0,0.0,1291.0,4.0,1.0,1291.0,20570.0,3445.0,510.0,388.0,507.0,228.0,259.0,213.0,45.0,84.0,3455,2964,491,13,99,90400,45.07677138,54921.057,73
1774,30440,30753,GA,13145120401,47.032,32.6399775,-84.8931753,Georgia,Grady Memorial Hospital,Comprehensive Stroke Center,-84.38242,33.752320000000005,132.2407953,1948,2018,"Census Tract 1204.01, Harris County, Georgia",120401,13,145,13145120401,6637,3489,3148,41.1,989,6382.0,22.0,22.0,490.0,0.0,34.0,5814.0,214.0,415.0,5588.0,33699.0,6580.0,706.0,278.0,766.0,667.0,561.0,643.0,254.0,807.0,6616,6248,368,13,145,120401,141.1166865,148335.20300000004,88
1775,30446,30759,GA,13259950400,337.163,32.0880272,-84.8974973,Alabama,Southeast Health,Comprehensive Stroke Center,-85.36301,31.21588,106.3068268,1169,2018,"Census Tract 9504, Stewart County, Georgia",950400,13,259,13259950400,4163,3031,1132,34.1,416,4046.0,9.0,140.0,1974.0,0.0,874.0,1049.0,112.0,1035.0,947.0,16250.0,2241.0,897.0,262.0,350.0,247.0,369.0,137.0,72.0,104.0,2248,1829,419,13,259,950400,12.34714367,125589.69500000004,130
1776,30448,30761,GA,13215010701,2.4290000000000003,32.4593846,-84.8999845,Alabama,Southeast Health,Comprehensive Stroke Center,-85.36301,31.21588,144.6826836,684,2018,"Census Tract 107.01, Muscogee County, Georgia",10701,13,215,13215010701,5670,2809,2861,36.0,761,5585.0,21.0,127.0,4216.0,0.0,0.0,1221.0,67.0,321.0,1003.0,25016.0,5627.0,621.0,423.0,815.0,546.0,586.0,362.0,103.0,264.0,5648,5076,572,13,215,10701,2334.293948,164632.86700000003,186
1777,30450,30763,GA,13215010501,4.064,32.5126822,-84.90251579999999,Georgia,Grady Memorial Hospital,Comprehensive Stroke Center,-84.38242,33.752320000000005,145.79800980000002,683,2018,"Census Tract 105.01, Muscogee County, Georgia",10501,13,215,13215010501,5817,2478,3339,40.0,1028,5791.0,0.0,187.0,2208.0,34.0,89.0,3273.0,26.0,115.0,3247.0,26219.0,5817.0,913.0,494.0,735.0,625.0,509.0,293.0,64.0,770.0,5625,5144,481,13,215,10501,1431.348425,161971.94899999994,111
1778,30462,30775,GA,13215010204,2.248,32.5448583,-84.9099596,Georgia,Grady Memorial Hospital,Comprehensive Stroke Center,-84.38242,33.752320000000005,142.6733036,906,2018,"Census Tract 102.04, Muscogee County, Georgia",10204,13,215,13215010204,6421,3058,3363,37.2,707,5913.0,0.0,82.0,1256.0,0.0,89.0,4486.0,450.0,572.0,4202.0,38695.0,6217.0,469.0,212.0,659.0,540.0,817.0,561.0,313.0,742.0,6045,5406,639,13,215,10204,2856.316726,159039.5189999999,95
1779,30464,30777,GA,13215010702,1.8530000000000002,32.4456834,-84.91043359999999,Alabama,Southeast Health,Comprehensive Stroke Center,-85.36301,31.21588,142.936846,912,2018,"Census Tract 107.02, Muscogee County, Georgia",10702,13,215,13215010702,5154,2260,2894,40.2,902,4899.0,12.0,26.0,4438.0,0.0,0.0,423.0,212.0,107.0,410.0,24127.0,5064.0,901.0,484.0,496.0,702.0,382.0,346.0,89.0,253.0,5123,4520,603,13,215,10702,2781.4355100000002,162300.34200000006,175
1780,30468,30781,GA,13223120104,45.3,34.0484656,-84.9129693,Georgia,WellStar Kennestone Regional Medical Center,Comprehensive Stroke Center,-84.55109,33.969758,34.549797999999996,271,2018,"Census Tract 1201.04, Paulding County, Georgia",120104,13,223,13223120104,3056,1563,1493,42.3,396,3033.0,0.0,60.0,49.0,0.0,8.0,2916.0,23.0,22.0,2902.0,33966.0,3056.0,306.0,240.0,261.0,251.0,344.0,317.0,94.0,279.0,3056,2798,258,13,223,120104,67.46136865,44404.09799999999,70
1781,30470,30783,GA,13215010703,2.121,32.4345095,-84.91445159999999,Alabama,Southeast Health,Comprehensive Stroke Center,-85.36301,31.21588,141.64146499999998,924,2018,"Census Tract 107.03, Muscogee County, Georgia",10703,13,215,13215010703,6672,2775,3897,37.8,1073,6534.0,34.0,30.0,6018.0,0.0,105.0,347.0,44.0,96.0,326.0,19007.0,6578.0,1258.0,379.0,1047.0,635.0,407.0,416.0,158.0,162.0,6555,5798,757,13,215,10703,3145.685997,161585.266,176
1782,30471,30784,GA,13215010602,1.4809999999999999,32.4742701,-84.91481390000001,Alabama,Southeast Health,Comprehensive Stroke Center,-85.36301,31.21588,145.8412208,921,2018,"Census Tract 106.02, Muscogee County, Georgia",10602,13,215,13215010602,5077,2244,2833,33.7,599,4860.0,0.0,77.0,3703.0,0.0,68.0,1012.0,178.0,277.0,831.0,21259.0,5038.0,692.0,429.0,743.0,407.0,493.0,241.0,46.0,122.0,5077,4104,973,13,215,10602,3428.089129,164021.64600000004,177
1783,30474,30787,GA,13045910800,65.95,33.5198017,-84.918098,Georgia,Grady Memorial Hospital,Comprehensive Stroke Center,-84.38242,33.752320000000005,55.99155635,116,2018,"Census Tract 9108, Carroll County, Georgia",910800,13,45,13045910800,4123,2011,2112,42.2,574,4040.0,2.0,8.0,120.0,0.0,15.0,3895.0,4.0,160.0,3739.0,21901.0,4006.0,511.0,414.0,641.0,307.0,323.0,284.0,112.0,188.0,4123,3532,591,13,45,910800,62.51705838,70171.00400000004,80
1784,30475,30788,GA,13015960200,67.464,34.342248299999994,-84.9181558,Georgia,WellStar Kennestone Regional Medical Center,Comprehensive Stroke Center,-84.55109,33.969758,53.41329158,1231,2018,"Census Tract 9602, Bartow County, Georgia",960200,13,15,13015960200,11388,5675,5713,37.4,1242,11045.0,33.0,0.0,793.0,2.0,89.0,10128.0,133.0,448.0,9840.0,24331.0,11178.0,1518.0,721.0,1740.0,758.0,1509.0,844.0,160.0,524.0,11388,9490,1898,13,15,960200,168.8011384,57970.44300000002,56
1785,30478,30791,GA,13253200300,117.177,30.919783600000002,-84.9199865,Alabama,Southeast Health,Comprehensive Stroke Center,-85.36301,31.21588,53.52893136,1166,2018,"Census Tract 2003, Seminole County, Georgia",200300,13,253,13253200300,2324,1114,1210,42.7,467,2248.0,0.0,0.0,693.0,0.0,12.0,1543.0,76.0,12.0,1543.0,25046.0,2324.0,327.0,159.0,281.0,162.0,229.0,192.0,27.0,158.0,2324,1939,385,13,253,200300,19.83324373,63584.73499999998,72
1786,30480,30793,GA,13313000301,11.64,34.8579016,-84.92098,Tennessee,Erlanger Health System,Comprehensive Stroke Center,-85.29043,35.04872,39.83591211,1806,2018,"Census Tract 3.01, Whitfield County, Georgia",301,13,313,13313000301,4164,2005,2159,31.8,443,4025.0,40.0,242.0,98.0,0.0,197.0,3448.0,109.0,1644.0,2057.0,28026.0,4108.0,380.0,239.0,586.0,314.0,519.0,219.0,157.0,228.0,4164,3466,698,13,313,301,357.7319588,49774.746,84
1787,30482,30795,GA,13045910101,6.377000000000001,33.729592100000005,-84.9218971,Georgia,WellStar Kennestone Regional Medical Center,Comprehensive Stroke Center,-84.55109,33.969758,43.44312488,104,2018,"Census Tract 9101.01, Carroll County, Georgia",910101,13,45,13045910101,5946,2739,3207,33.3,633,5688.0,151.0,98.0,2183.0,0.0,91.0,3165.0,202.0,413.0,2840.0,24256.0,5878.0,796.0,321.0,861.0,615.0,650.0,132.0,155.0,326.0,5946,5234,712,13,45,910101,932.4133605000001,51000.14900000002,75
1788,30484,30797,GA,13285961100,61.878,32.9205098,-84.9239304,Georgia,Grady Memorial Hospital,Comprehensive Stroke Center,-84.38242,33.752320000000005,105.1314057,1737,2018,"Census Tract 9611, Troup County, Georgia",961100,13,285,13285961100,3010,1577,1433,39.9,516,2975.0,7.0,0.0,488.0,0.0,0.0,2480.0,9.0,66.0,2414.0,27151.0,2965.0,404.0,257.0,336.0,230.0,263.0,241.0,158.0,179.0,2993,2677,316,13,285,961100,48.64410614,118357.54700000002,73
1789,30486,30799,GA,13129970300,20.51,34.5390232,-84.9268984,Tennessee,Erlanger Health System,Comprehensive Stroke Center,-85.29043,35.04872,65.60530441,1628,2018,"Census Tract 9703, Gordon County, Georgia",970300,13,129,13129970300,9542,4674,4868,33.6,1240,9301.0,2.0,50.0,706.0,0.0,100.0,8443.0,204.0,2424.0,6171.0,22595.0,9010.0,1411.0,545.0,1372.0,1106.0,866.0,523.0,91.0,311.0,9047,7535,1512,13,129,970300,465.23647,74538.58299999998,76
1790,30488,30801,GA,13285960600,23.928,33.0195553,-84.92744559999998,Georgia,Grady Memorial Hospital,Comprehensive Stroke Center,-84.38242,33.752320000000005,95.79506031,1739,2018,"Census Tract 9606, Troup County, Georgia",960600,13,285,13285960600,5546,2724,2822,33.3,634,5216.0,0.0,72.0,3086.0,0.0,91.0,1967.0,230.0,326.0,1757.0,20485.0,5186.0,707.0,544.0,627.0,616.0,385.0,296.0,110.0,157.0,5328,4594,734,13,285,960600,231.7786693,107005.19700000003,67
1791,30489,30802,GA,13215002100,1.204,32.4815727,-84.92762640000001,Alabama,Southeast Health,Comprehensive Stroke Center,-85.36301,31.21588,146.2694988,915,2018,"Census Tract 21, Muscogee County, Georgia",2100,13,215,13215002100,2279,1091,1188,34.4,291,2085.0,0.0,17.0,1147.0,0.0,154.0,767.0,194.0,195.0,737.0,23559.0,2274.0,309.0,215.0,320.0,256.0,376.0,37.0,21.0,71.0,2279,2040,239,13,215,2100,1892.857143,163276.31400000004,181
1792,30490,30803,GA,13215003301,0.9309999999999999,32.4120781,-84.9277594,Alabama,Southeast Health,Comprehensive Stroke Center,-85.36301,31.21588,138.8929225,211,2018,"Census Tract 33.01, Muscogee County, Georgia",3301,13,215,13215003301,1556,754,802,33.0,152,1415.0,0.0,3.0,1143.0,0.0,134.0,135.0,132.0,156.0,101.0,17545.0,1547.0,176.0,246.0,173.0,141.0,83.0,52.0,0.0,33.0,1556,1304,252,13,215,3301,1671.32116,157441.61899999998,169
1793,30492,30805,GA,13215010203,11.387,32.5760094,-84.9304636,Georgia,Grady Memorial Hospital,Comprehensive Stroke Center,-84.38242,33.752320000000005,140.1192175,919,2018,"Census Tract 102.03, Muscogee County, Georgia",10203,13,215,13215010203,9676,4678,4998,32.4,1109,8653.0,14.0,831.0,1567.0,0.0,88.0,6153.0,917.0,691.0,5855.0,44328.0,9570.0,1179.0,330.0,624.0,719.0,652.0,1287.0,379.0,1348.0,9439,9140,299,13,215,10203,849.7409326,158710.3189999999,89
1794,30494,30807,GA,13313000400,7.996,34.7936896,-84.9312932,Tennessee,Erlanger Health System,Comprehensive Stroke Center,-85.29043,35.04872,43.32888137,1725,2018,"Census Tract 4, Whitfield County, Georgia",400,13,313,13313000400,7909,4063,3846,34.9,1023,7650.0,0.0,48.0,411.0,0.0,860.0,6331.0,136.0,5012.0,2216.0,20184.0,7707.0,1046.0,657.0,1491.0,787.0,643.0,224.0,15.0,95.0,7896,6004,1892,13,313,400,989.1195597999999,49262.844,77
1795,30496,30809,GA,13313001200,14.931,34.7287489,-84.932677,Tennessee,Erlanger Health System,Comprehensive Stroke Center,-85.29043,35.04872,48.26498449,1734,2018,"Census Tract 12, Whitfield County, Georgia",1200,13,313,13313001200,7405,3578,3827,31.2,614,7201.0,0.0,4.0,531.0,0.0,414.0,6252.0,103.0,4220.0,2579.0,23076.0,7304.0,505.0,890.0,1170.0,1140.0,585.0,126.0,48.0,115.0,7405,5806,1599,13,313,1200,495.94802760000005,54844.827000000005,83
1796,30498,30811,GA,13129970500,2.74,34.4906126,-84.9329182,Georgia,WellStar Kennestone Regional Medical Center,Comprehensive Stroke Center,-84.55109,33.969758,67.64410108,1629,2018,"Census Tract 9705, Gordon County, Georgia",970500,13,129,13129970500,4734,2053,2681,34.5,654,4569.0,79.0,129.0,328.0,0.0,157.0,3876.0,100.0,1380.0,2817.0,24352.0,4669.0,576.0,403.0,585.0,426.0,427.0,269.0,74.0,283.0,4734,3629,1105,13,129,970500,1727.7372260000002,75087.24499999998,61
1797,30500,30813,GA,13215002901,0.924,32.4561246,-84.9340796,Alabama,Southeast Health,Comprehensive Stroke Center,-85.36301,31.21588,143.3914214,926,2018,"Census Tract 29.01, Muscogee County, Georgia",2901,13,215,13215002901,2455,1225,1230,37.5,298,2299.0,7.0,59.0,1764.0,0.0,0.0,469.0,121.0,22.0,447.0,18668.0,2420.0,421.0,340.0,291.0,209.0,237.0,154.0,2.0,136.0,2388,1931,457,13,215,2901,2656.926407,161434.765,169
1798,30502,30815,GA,13215001000,1.892,32.4977562,-84.9347312,Alabama,Southeast Health,Comprehensive Stroke Center,-85.36301,31.21588,147.80555149999998,685,2018,"Census Tract 10, Muscogee County, Georgia",1000,13,215,13215001000,4552,2323,2229,27.2,621,4480.0,0.0,224.0,1399.0,0.0,41.0,2816.0,28.0,331.0,2526.0,22158.0,3654.0,1073.0,329.0,461.0,400.0,346.0,271.0,95.0,428.0,4510,3970,540,13,215,1000,2405.9196620000002,163369.76800000007,183
1799,30503,30816,GA,13285960100,66.425,33.1556171,-84.9355042,Georgia,Grady Memorial Hospital,Comprehensive Stroke Center,-84.38242,33.752320000000005,83.80998242,1741,2018,"Census Tract 9601, Troup County, Georgia",960100,13,285,13285960100,6171,2825,3346,38.7,1050,6041.0,32.0,20.0,1590.0,0.0,28.0,4371.0,61.0,230.0,4176.0,21078.0,6073.0,769.0,796.0,769.0,643.0,495.0,357.0,88.0,297.0,6154,5366,788,13,285,960100,92.90176891,90832.27900000004,69
1800,30505,30818,GA,13215003302,0.862,32.4210261,-84.9362228,Alabama,Southeast Health,Comprehensive Stroke Center,-85.36301,31.21588,139.60622450000002,212,2018,"Census Tract 33.02, Muscogee County, Georgia",3302,13,215,13215003302,2234,1061,1173,38.6,386,2202.0,0.0,0.0,1926.0,0.0,39.0,237.0,0.0,130.0,151.0,20180.0,2084.0,437.0,146.0,326.0,299.0,170.0,56.0,14.0,48.0,2234,1726,508,13,215,3302,2591.647332,158092.72099999996,178
1801,30506,30819,GA,13215002902,1.194,32.442144,-84.9362728,Alabama,Southeast Health,Comprehensive Stroke Center,-85.36301,31.21588,141.8467936,686,2018,"Census Tract 29.02, Muscogee County, Georgia",2902,13,215,13215002902,2432,1054,1378,34.7,342,2383.0,0.0,0.0,2246.0,0.0,0.0,137.0,21.0,71.0,137.0,19531.0,2404.0,424.0,273.0,265.0,258.0,160.0,97.0,35.0,35.0,2422,2126,296,13,215,2902,2036.8509210000002,160667.15200000003,168
1802,30507,30820,GA,13285960502,32.753,33.0675588,-84.9378886,Georgia,Grady Memorial Hospital,Comprehensive Stroke Center,-84.38242,33.752320000000005,91.85701478,1762,2018,"Census Tract 9605.02, Troup County, Georgia",960502,13,285,13285960502,8019,3910,4109,33.3,856,7535.0,0.0,601.0,2920.0,0.0,19.0,3995.0,205.0,200.0,3814.0,30053.0,7640.0,1089.0,510.0,724.0,962.0,689.0,624.0,185.0,404.0,7919,7051,868,13,285,960502,244.83253440000001,97669.22600000002,58
1803,30508,30821,GA,13215010801,2.5989999999999998,32.3965684,-84.9386756,Alabama,Southeast Health,Comprehensive Stroke Center,-85.36301,31.21588,136.94561409999997,253,2018,"Census Tract 108.01, Muscogee County, Georgia",10801,13,215,13215010801,1667,938,729,24.6,11,1521.0,0.0,58.0,411.0,0.0,48.0,1004.0,105.0,252.0,817.0,37759.0,1626.0,108.0,44.0,130.0,121.0,133.0,237.0,31.0,116.0,1226,1179,47,13,215,10801,641.4005387,153844.80799999996,173
1804,30509,30822,GA,13077170100,85.631,33.3863321,-84.9386931,Georgia,Grady Memorial Hospital,Comprehensive Stroke Center,-84.38242,33.752320000000005,65.69188822,903,2018,"Census Tract 1701, Coweta County, Georgia",170100,13,77,13077170100,8076,4251,3825,38.9,953,7766.0,0.0,25.0,744.0,0.0,197.0,6800.0,234.0,499.0,6466.0,35499.0,7948.0,916.0,504.0,711.0,542.0,1038.0,721.0,340.0,659.0,8076,6881,1195,13,77,170100,94.31163948,78393.59800000003,84
1805,30510,30823,GA,13215010402,2.687,32.516795,-84.93948859999999,Georgia,Grady Memorial Hospital,Comprehensive Stroke Center,-84.38242,33.752320000000005,146.5553736,682,2018,"Census Tract 104.02, Muscogee County, Georgia",10402,13,215,13215010402,4494,2286,2208,32.0,436,4215.0,0.0,163.0,1024.0,0.0,491.0,2537.0,204.0,663.0,2418.0,29964.0,4419.0,409.0,371.0,364.0,627.0,462.0,364.0,109.0,279.0,4450,3689,761,13,215,10402,1672.4972089999999,161943.32499999992,92
1806,30511,30824,GA,13215010401,1.93,32.531602500000005,-84.9395566,Georgia,Grady Memorial Hospital,Comprehensive Stroke Center,-84.38242,33.752320000000005,145.0219272,920,2018,"Census Tract 104.01, Muscogee County, Georgia",10401,13,215,13215010401,6916,3779,3137,36.1,1213,6491.0,10.0,120.0,953.0,0.0,214.0,5194.0,212.0,486.0,4907.0,28464.0,6703.0,831.0,490.0,728.0,607.0,776.0,486.0,258.0,654.0,6843,6044,799,13,215,10401,3583.419689,162472.6739999999,98
1807,30512,30825,GA,13053020205,2.9989999999999997,32.366856,-84.939564,Alabama,Southeast Health,Comprehensive Stroke Center,-85.36301,31.21588,133.7759084,151,2018,"Census Tract 202.05, Chattahoochee County, Georgia",20205,13,53,13053020205,2345,1297,1048,23.8,12,2197.0,3.0,67.0,209.0,0.0,59.0,1859.0,65.0,391.0,1537.0,35081.0,2262.0,207.0,75.0,114.0,216.0,303.0,41.0,57.0,216.0,1795,1761,34,13,53,20205,781.9273091,151871.13199999998,171
1808,30514,30827,GA,13313001000,1.5719999999999998,34.771887400000004,-84.940177,Tennessee,Erlanger Health System,Comprehensive Stroke Center,-85.29043,35.04872,44.3593828,1731,2018,"Census Tract 10, Whitfield County, Georgia",1000,13,313,13313001000,4059,2129,1930,30.8,197,3970.0,252.0,51.0,215.0,0.0,214.0,3238.0,18.0,2958.0,764.0,20625.0,3980.0,301.0,239.0,1036.0,499.0,192.0,72.0,0.0,160.0,4051,2712,1339,13,313,1000,2582.0610690000003,50478.630000000005,90
1809,30515,30828,GA,13099090200,114.71,31.445386699999997,-84.94081070000001,Alabama,Southeast Health,Comprehensive Stroke Center,-85.36301,31.21588,47.56173857,1596,2018,"Census Tract 902, Early County, Georgia",90200,13,99,13099090200,2463,1074,1389,31.5,307,2390.0,0.0,0.0,1620.0,0.0,0.0,770.0,41.0,0.0,770.0,20534.0,2431.0,177.0,250.0,415.0,160.0,145.0,106.0,47.0,53.0,2463,2110,353,13,99,90200,21.47153692,55645.130000000005,75
1810,30516,30829,GA,13215002000,0.835,32.4713531,-84.9409859,Alabama,Southeast Health,Comprehensive Stroke Center,-85.36301,31.21588,144.8292711,37,2018,"Census Tract 20, Muscogee County, Georgia",2000,13,215,13215002000,3136,1449,1687,39.6,582,3055.0,0.0,0.0,3046.0,0.0,0.0,9.0,0.0,0.0,9.0,18220.0,3045.0,623.0,290.0,381.0,307.0,138.0,184.0,51.0,101.0,3117,2604,513,13,215,2000,3755.6886229999996,161189.46100000004,178
1811,30517,30830,GA,13313001300,2.2880000000000003,34.7561834,-84.9412422,Tennessee,Erlanger Health System,Comprehensive Stroke Center,-85.29043,35.04872,45.51668468,1729,2018,"Census Tract 13, Whitfield County, Georgia",1300,13,313,13313001300,4513,2451,2062,30.9,317,4485.0,0.0,0.0,242.0,0.0,158.0,4085.0,0.0,3187.0,1056.0,21127.0,4485.0,401.0,527.0,875.0,698.0,179.0,102.0,0.0,19.0,4513,3068,1445,13,313,1300,1972.4650350000002,51611.46000000001,88
1812,30518,30831,GA,13215003200,0.767,32.430451500000004,-84.9434382,Alabama,Southeast Health,Comprehensive Stroke Center,-85.36301,31.21588,140.4116768,34,2018,"Census Tract 32, Muscogee County, Georgia",3200,13,215,13215003200,1858,893,965,28.9,147,1843.0,0.0,0.0,1620.0,0.0,150.0,73.0,0.0,150.0,73.0,16239.0,1843.0,334.0,163.0,339.0,172.0,82.0,5.0,7.0,0.0,1858,1354,504,13,215,3200,2422.425033,159190.579,178
1813,30520,30833,GA,13215010205,1.932,32.5475218,-84.9444995,Georgia,Grady Memorial Hospital,Comprehensive Stroke Center,-84.38242,33.752320000000005,143.5413614,681,2018,"Census Tract 102.05, Muscogee County, Georgia",10205,13,215,13215010205,3712,1784,1928,30.7,550,3379.0,6.0,284.0,705.0,0.0,63.0,2321.0,162.0,305.0,2098.0,40359.0,3541.0,263.0,182.0,400.0,296.0,475.0,345.0,100.0,510.0,3349,3216,133,13,215,10205,1921.325052,161231.10499999992,85
1814,30521,30834,GA,13045910702,23.214000000000002,33.6190569,-84.94469609999999,Georgia,WellStar Kennestone Regional Medical Center,Comprehensive Stroke Center,-84.55109,33.969758,53.30843829,114,2018,"Census Tract 9107.02, Carroll County, Georgia",910702,13,45,13045910702,8269,4194,4075,40.6,1392,8233.0,0.0,45.0,1051.0,27.0,0.0,7110.0,36.0,267.0,6905.0,33616.0,8245.0,929.0,609.0,852.0,529.0,911.0,728.0,386.0,760.0,8238,7534,704,13,45,910702,356.20746099999997,63007.018000000004,94
1815,30522,30835,GA,13015960300,61.336999999999996,34.2583925,-84.9461426,Georgia,WellStar Kennestone Regional Medical Center,Comprehensive Stroke Center,-84.55109,33.969758,48.51300664,1234,2018,"Census Tract 9603, Bartow County, Georgia",960300,13,15,13015960300,6393,3097,3296,42.0,1107,6280.0,16.0,113.0,307.0,0.0,26.0,5818.0,30.0,407.0,5446.0,26561.0,6310.0,1003.0,401.0,584.0,548.0,605.0,497.0,140.0,439.0,6393,5627,766,13,15,960300,104.2274647,54253.24700000001,59
1816,30523,30836,GA,13215003400,0.795,32.4120287,-84.94618349999999,Alabama,Southeast Health,Comprehensive Stroke Center,-85.36301,31.21588,138.3801445,918,2018,"Census Tract 34, Muscogee County, Georgia",3400,13,215,13215003400,1681,847,834,36.9,112,1561.0,0.0,9.0,1167.0,0.0,38.0,347.0,86.0,147.0,309.0,16504.0,1621.0,314.0,205.0,221.0,166.0,112.0,53.0,15.0,23.0,1671,1186,485,13,215,3400,2114.465409,157884.29499999995,171
1817,30526,30839,GA,13045910104,17.113,33.7584083,-84.9497035,Georgia,WellStar Kennestone Regional Medical Center,Comprehensive Stroke Center,-84.55109,33.969758,43.70378496,106,2018,"Census Tract 9101.04, Carroll County, Georgia",910104,13,45,13045910104,10182,4783,5399,30.6,1041,9767.0,21.0,57.0,2326.0,0.0,345.0,7018.0,165.0,888.0,6385.0,29139.0,9864.0,1223.0,737.0,884.0,958.0,1002.0,797.0,389.0,415.0,10182,9231,951,13,45,910104,594.9862677,53776.51600000002,99
1818,30527,30840,GA,13215001100,1.258,32.4876145,-84.94981070000001,Alabama,Southeast Health,Comprehensive Stroke Center,-85.36301,31.21588,146.3371227,914,2018,"Census Tract 11, Muscogee County, Georgia",1100,13,215,13215001100,2774,1204,1570,32.9,392,2710.0,0.0,0.0,185.0,0.0,129.0,2396.0,13.0,159.0,2323.0,38152.0,2722.0,392.0,156.0,225.0,143.0,207.0,135.0,192.0,424.0,2754,2390,364,13,215,1100,2205.08744,161910.60300000003,175
1819,30530,30843,GA,13223120400,95.494,33.87708789999999,-84.95019,Georgia,WellStar Kennestone Regional Medical Center,Comprehensive Stroke Center,-84.55109,33.969758,38.30859763,1681,2018,"Census Tract 1204, Paulding County, Georgia",120400,13,223,13223120400,18158,8875,9283,33.5,1889,17433.0,0.0,223.0,3101.0,0.0,281.0,13828.0,537.0,1181.0,13454.0,32206.0,17943.0,1773.0,956.0,1437.0,1924.0,2226.0,1242.0,699.0,1112.0,18158,16052,2106,13,223,120400,190.14807209999998,45987.41399999999,93
1820,30531,30844,GA,13215002800,0.664,32.4590027,-84.95091020000001,Alabama,Southeast Health,Comprehensive Stroke Center,-85.36301,31.21588,143.255406,917,2018,"Census Tract 28, Muscogee County, Georgia",2800,13,215,13215002800,1802,814,988,47.1,314,1769.0,4.0,0.0,1695.0,0.0,17.0,53.0,33.0,28.0,42.0,15696.0,1800.0,369.0,221.0,336.0,208.0,90.0,34.0,5.0,0.0,1798,1375,423,13,215,2800,2713.855422,160212.72100000002,183
1821,30532,30845,GA,13215003000,0.715,32.4431025,-84.95126090000001,Alabama,Southeast Health,Comprehensive Stroke Center,-85.36301,31.21588,141.55138540000002,33,2018,"Census Tract 30, Muscogee County, Georgia",3000,13,215,13215003000,2434,926,1508,33.4,246,2276.0,0.0,0.0,2085.0,0.0,183.0,8.0,37.0,217.0,8.0,14816.0,2313.0,472.0,231.0,379.0,156.0,104.0,28.0,0.0,11.0,2434,1710,724,13,215,3000,3404.195804,160190.39,185
1822,30536,30849,GA,13313001500,28.037,34.6695865,-84.9540471,Tennessee,Erlanger Health System,Comprehensive Stroke Center,-85.29043,35.04872,52.10812628,1732,2018,"Census Tract 15, Whitfield County, Georgia",1500,13,313,13313001500,6746,3188,3558,41.0,1130,6659.0,132.0,156.0,1.0,0.0,0.0,6370.0,0.0,1260.0,5110.0,25294.0,6657.0,501.0,703.0,941.0,746.0,646.0,408.0,24.0,360.0,6746,5824,922,13,313,1500,240.61062169999997,61322.07499999998,69
1823,30537,30850,GA,13215002200,0.608,32.466474,-84.9544752,Alabama,Southeast Health,Comprehensive Stroke Center,-85.36301,31.21588,143.96137240000002,910,2018,"Census Tract 22, Muscogee County, Georgia",2200,13,215,13215002200,2703,1138,1565,42.6,476,2617.0,0.0,13.0,2484.0,0.0,0.0,120.0,86.0,54.0,120.0,14628.0,2698.0,569.0,394.0,289.0,389.0,92.0,92.0,28.0,23.0,2684,2230,454,13,215,2200,4445.7236840000005,159792.437,186
1824,30538,30851,GA,13215000900,0.672,32.5010251,-84.9582324,Alabama,Southeast Health,Comprehensive Stroke Center,-85.36301,31.21588,147.56109740000002,913,2018,"Census Tract 9, Muscogee County, Georgia",900,13,215,13215000900,2602,1286,1316,32.3,297,2516.0,123.0,4.0,823.0,0.0,0.0,1566.0,55.0,235.0,1331.0,22526.0,2425.0,327.0,175.0,508.0,414.0,190.0,220.0,35.0,56.0,2402,1964,438,13,215,900,3872.02381,161542.70900000003,176
1825,30541,30854,GA,13045910103,21.451,33.6914721,-84.96116590000001,Georgia,WellStar Kennestone Regional Medical Center,Comprehensive Stroke Center,-84.55109,33.969758,48.92573513,105,2018,"Census Tract 9101.03, Carroll County, Georgia",910103,13,45,13045910103,5329,2783,2546,35.3,701,5006.0,20.0,116.0,892.0,22.0,176.0,3780.0,303.0,452.0,3451.0,32015.0,5194.0,717.0,224.0,484.0,526.0,703.0,348.0,158.0,439.0,5329,4697,632,13,45,910103,248.42664680000004,57996.920000000006,82
1826,30543,30856,GA,13215001200,1.151,32.481056,-84.9619804,Alabama,Southeast Health,Comprehensive Stroke Center,-85.36301,31.21588,145.331725,691,2018,"Census Tract 12, Muscogee County, Georgia",1200,13,215,13215001200,3737,1668,2069,31.5,454,3521.0,8.0,110.0,1006.0,0.0,50.0,2347.0,108.0,237.0,2239.0,40064.0,3629.0,341.0,310.0,264.0,293.0,501.0,411.0,126.0,389.0,3597,3175,422,13,215,1200,3246.7419640000003,160209.04200000004,184
1827,30546,30859,GA,13215011500,4.803,32.399205800000004,-84.9634353,Alabama,Southeast Health,Comprehensive Stroke Center,-85.36301,31.21588,136.5570457,258,2018,"Census Tract 115, Muscogee County, Georgia",11500,13,215,13215011500,5770,2994,2776,33.1,608,5293.0,14.0,210.0,2692.0,0.0,662.0,1715.0,381.0,1615.0,1016.0,17258.0,5639.0,747.0,670.0,1028.0,588.0,247.0,116.0,59.0,134.0,5762,4137,1625,13,215,11500,1201.3325009999999,160334.42100000003,180
1828,30547,30860,GA,13215000200,1.146,32.5157014,-84.96399140000001,Georgia,Grady Memorial Hospital,Comprehensive Stroke Center,-84.38242,33.752320000000005,147.49462749999998,35,2018,"Census Tract 2, Muscogee County, Georgia",200,13,215,13215000200,2988,1310,1678,33.4,475,2881.0,0.0,6.0,511.0,31.0,41.0,2292.0,107.0,129.0,2214.0,29080.0,2976.0,287.0,240.0,398.0,271.0,311.0,303.0,80.0,159.0,2914,2734,180,13,215,200,2607.329843,164849.1059999999,91
1829,30549,30862,GA,13215002400,0.381,32.4572755,-84.9654788,Alabama,Southeast Health,Comprehensive Stroke Center,-85.36301,31.21588,142.7014019,916,2018,"Census Tract 24, Muscogee County, Georgia",2400,13,215,13215002400,1438,553,885,34.0,141,1339.0,0.0,0.0,1186.0,0.0,85.0,68.0,49.0,0.0,68.0,12346.0,1388.0,385.0,222.0,125.0,69.0,47.0,29.0,0.0,0.0,1438,1239,199,13,215,2400,3774.278215,158775.605,190
1830,30550,30863,GA,13215002300,0.45399999999999996,32.463661800000004,-84.9664132,Alabama,Southeast Health,Comprehensive Stroke Center,-85.36301,31.21588,143.36113769999997,692,2018,"Census Tract 23, Muscogee County, Georgia",2300,13,215,13215002300,1601,698,903,37.4,243,1565.0,0.0,17.0,723.0,0.0,27.0,798.0,19.0,115.0,729.0,23603.0,1584.0,277.0,133.0,187.0,109.0,133.0,73.0,30.0,214.0,1522,1326,196,13,215,2300,3526.431718,158648.402,193
1831,30551,30864,GA,13215002700,1.4480000000000002,32.4484124,-84.9671498,Alabama,Southeast Health,Comprehensive Stroke Center,-85.36301,31.21588,141.7121284,925,2018,"Census Tract 27, Muscogee County, Georgia",2700,13,215,13215002700,2024,821,1203,27.5,197,1898.0,0.0,0.0,1869.0,0.0,0.0,29.0,29.0,13.0,29.0,14987.0,1927.0,337.0,187.0,189.0,158.0,60.0,62.0,0.0,54.0,2024,1637,387,13,215,2700,1397.7900550000002,158916.806,188
1832,30552,30865,GA,13313000302,10.264000000000001,34.8474257,-84.96739240000001,Tennessee,Erlanger Health System,Comprehensive Stroke Center,-85.29043,35.04872,37.00571874,425,2018,"Census Tract 3.02, Whitfield County, Georgia",302,13,313,13313000302,8405,3937,4468,39.8,1349,8257.0,73.0,48.0,437.0,0.0,199.0,7500.0,80.0,2999.0,4798.0,31349.0,8303.0,657.0,645.0,957.0,918.0,1017.0,754.0,243.0,343.0,8405,7499,906,13,313,302,818.8815277000001,44392.047999999995,74
1833,30554,30867,GA,13215011200,0.53,32.4805669,-84.96958509999999,Alabama,Southeast Health,Comprehensive Stroke Center,-85.36301,31.21588,145.09302230000003,256,2018,"Census Tract 112, Muscogee County, Georgia",11200,13,215,13215011200,1753,802,951,40.4,238,1676.0,0.0,46.0,784.0,0.0,0.0,846.0,69.0,44.0,830.0,23232.0,1737.0,343.0,170.0,222.0,181.0,147.0,117.0,24.0,150.0,1697,1373,324,13,215,11200,3307.54717,159381.426,188
1834,30555,30868,GA,13129970600,14.927999999999999,34.474273100000005,-84.9699925,Georgia,WellStar Kennestone Regional Medical Center,Comprehensive Stroke Center,-84.55109,33.969758,67.98419712,1625,2018,"Census Tract 9706, Gordon County, Georgia",970600,13,129,13129970600,6337,3212,3125,33.6,940,6233.0,386.0,193.0,508.0,0.0,532.0,4614.0,30.0,1853.0,3675.0,20833.0,6075.0,640.0,446.0,1298.0,756.0,319.0,258.0,19.0,168.0,6324,4958,1366,13,129,970600,424.50428719999996,75750.43899999998,60
1835,30556,30869,GA,13053020201,2.489,32.3568457,-84.97023809999999,Alabama,Southeast Health,Comprehensive Stroke Center,-85.36301,31.21588,131.8692047,149,2018,"Census Tract 202.01, Chattahoochee County, Georgia",20201,13,53,13053020201,3488,3042,446,22.0,0,3379.0,28.0,267.0,623.0,0.0,42.0,2419.0,47.0,771.0,1878.0,20361.0,834.0,760.0,389.0,854.0,377.0,203.0,322.0,81.0,109.0,551,540,11,13,53,20201,1401.36601,147790.55699999997,169
1836,30557,30870,GA,13215000800,0.606,32.4983766,-84.9706382,Alabama,Southeast Health,Comprehensive Stroke Center,-85.36301,31.21588,146.9766378,909,2018,"Census Tract 8, Muscogee County, Georgia",800,13,215,13215000800,2217,1047,1170,35.6,238,2031.0,0.0,0.0,641.0,0.0,180.0,1210.0,171.0,199.0,1191.0,19054.0,2202.0,457.0,168.0,299.0,362.0,95.0,108.0,6.0,26.0,2217,1805,412,13,215,800,3658.4158420000003,160913.19900000002,186
1837,30559,30872,GA,13313000102,27.993000000000002,34.92678970000001,-84.9730854,Tennessee,Erlanger Health System,Comprehensive Stroke Center,-85.29043,35.04872,31.97620623,1804,2018,"Census Tract 1.02, Whitfield County, Georgia",102,13,313,13313000102,8661,4160,4501,36.1,1025,8383.0,0.0,34.0,75.0,0.0,217.0,8057.0,186.0,1086.0,7234.0,30301.0,8562.0,806.0,417.0,1002.0,1271.0,841.0,515.0,127.0,676.0,8661,7652,1009,13,313,102,309.3987783,38514.00100000002,68
1838,30560,30873,GA,13015961000,68.505,34.1347778,-84.97330629999999,Georgia,WellStar Kennestone Regional Medical Center,Comprehensive Stroke Center,-84.55109,33.969758,43.06603765,1233,2018,"Census Tract 9610, Bartow County, Georgia",961000,13,15,13015961000,8143,4088,4055,40.4,1053,7882.0,0.0,60.0,506.0,0.0,181.0,7135.0,142.0,564.0,6750.0,28823.0,7971.0,709.0,818.0,907.0,782.0,891.0,380.0,343.0,835.0,8143,6902,1241,13,15,961000,118.867236,51683.16299999999,77
1839,30561,30874,GA,13145120300,141.02700000000002,32.708990899999996,-84.97364559999998,Georgia,Grady Memorial Hospital,Comprehensive Stroke Center,-84.38242,33.752320000000005,128.1656161,1947,2018,"Census Tract 1203, Harris County, Georgia",120300,13,145,13145120300,9477,4860,4617,42.5,1341,9081.0,0.0,186.0,1294.0,0.0,53.0,7548.0,311.0,343.0,7359.0,36383.0,9166.0,1218.0,610.0,844.0,573.0,1084.0,746.0,386.0,1352.0,9164,8615,549,13,145,120300,67.19989789,144537.15699999995,77
1840,30563,30876,GA,13215010302,4.819,32.5415573,-84.97489759999999,Georgia,Grady Memorial Hospital,Comprehensive Stroke Center,-84.38242,33.752320000000005,145.2135584,907,2018,"Census Tract 103.02, Muscogee County, Georgia",10302,13,215,13215010302,7139,3408,3731,36.3,1212,6856.0,19.0,139.0,799.0,0.0,327.0,5572.0,155.0,538.0,5428.0,40422.0,7011.0,767.0,347.0,562.0,710.0,501.0,811.0,240.0,1031.0,6902,6190,712,13,215,10302,1481.427682,163864.33399999997,95
1841,30564,30877,GA,13215000300,0.63,32.5072914,-84.9750892,Alabama,Southeast Health,Comprehensive Stroke Center,-85.36301,31.21588,147.82778019999998,690,2018,"Census Tract 3, Muscogee County, Georgia",300,13,215,13215000300,1424,846,578,37.9,206,1377.0,0.0,0.0,396.0,0.0,310.0,671.0,0.0,404.0,577.0,15847.0,1377.0,326.0,150.0,255.0,108.0,99.0,11.0,17.0,7.0,1424,869,555,13,215,300,2260.31746,161295.87400000004,183
1842,30565,30878,GA,13215001800,0.43,32.4768781,-84.9758191,Alabama,Southeast Health,Comprehensive Stroke Center,-85.36301,31.21588,144.5471727,36,2018,"Census Tract 18, Muscogee County, Georgia",1800,13,215,13215001800,1158,659,499,34.2,94,1088.0,20.0,0.0,541.0,0.0,64.0,463.0,16.0,89.0,438.0,14350.0,1104.0,231.0,186.0,178.0,75.0,81.0,28.0,3.0,0.0,1158,847,311,13,215,1800,2693.023256,158635.51499999998,196
1843,30567,30880,GA,13215001400,0.313,32.4888533,-84.9786625,Alabama,Southeast Health,Comprehensive Stroke Center,-85.36301,31.21588,145.76418030000002,923,2018,"Census Tract 14, Muscogee County, Georgia",1400,13,215,13215001400,1559,661,898,36.9,215,1486.0,21.0,46.0,910.0,0.0,7.0,502.0,66.0,43.0,475.0,14621.0,1549.0,270.0,253.0,286.0,67.0,80.0,32.0,19.0,12.0,1542,1220,322,13,215,1400,4980.830671,159493.60300000003,193
1844,30568,30881,GA,13313000502,3.323,34.7862911,-84.9790075,Tennessee,Erlanger Health System,Comprehensive Stroke Center,-85.29043,35.04872,40.71165453,1728,2018,"Census Tract 5.02, Whitfield County, Georgia",502,13,313,13313000502,7341,3708,3633,29.8,1004,7070.0,42.0,113.0,694.0,0.0,860.0,5361.0,206.0,3382.0,2955.0,20820.0,6513.0,958.0,646.0,905.0,968.0,444.0,305.0,52.0,100.0,6578,4567,2011,13,313,502,2209.14836,46115.035,68
1845,30569,30882,GA,13215002500,0.9329999999999999,32.4478798,-84.9795465,Alabama,Southeast Health,Comprehensive Stroke Center,-85.36301,31.21588,141.3493018,908,2018,"Census Tract 25, Muscogee County, Georgia",2500,13,215,13215002500,903,430,473,33.7,115,870.0,0.0,0.0,783.0,0.0,7.0,80.0,17.0,35.0,69.0,9352.0,795.0,338.0,94.0,86.0,24.0,44.0,6.0,0.0,0.0,806,609,197,13,215,2500,967.8456592,158866.52200000003,189
1846,30573,30886,GA,13215000400,1.8119999999999998,32.5167322,-84.9855072,Georgia,Grady Memorial Hospital,Comprehensive Stroke Center,-84.38242,33.752320000000005,148.1391196,927,2018,"Census Tract 4, Muscogee County, Georgia",400,13,215,13215000400,2749,1272,1477,33.1,363,2451.0,0.0,23.0,225.0,0.0,64.0,2139.0,184.0,147.0,2061.0,21851.0,2635.0,376.0,202.0,483.0,192.0,279.0,104.0,103.0,110.0,2736,2298,438,13,215,400,1517.108168,166432.36,94
1847,30574,30887,GA,13313001400,2.997,34.748289299999996,-84.98722729999999,Tennessee,Erlanger Health System,Comprehensive Stroke Center,-85.29043,35.04872,43.34572125,1726,2018,"Census Tract 14, Whitfield County, Georgia",1400,13,313,13313001400,6278,2840,3438,37.4,981,6155.0,136.0,185.0,27.0,0.0,84.0,5723.0,0.0,2275.0,3668.0,31476.0,6155.0,480.0,419.0,672.0,667.0,809.0,254.0,72.0,531.0,6278,5181,1097,13,313,1400,2094.7614280000003,49146.28599999999,73
1848,30575,30888,GA,13215011400,0.574,32.5013648,-84.9876431,Alabama,Southeast Health,Comprehensive Stroke Center,-85.36301,31.21588,146.899727,257,2018,"Census Tract 114, Muscogee County, Georgia",11400,13,215,13215011400,2254,1203,1051,33.2,149,2034.0,24.0,0.0,460.0,0.0,178.0,1372.0,194.0,363.0,1287.0,17786.0,2222.0,425.0,308.0,315.0,219.0,197.0,20.0,6.0,119.0,2220,1472,748,13,215,11400,3926.829268,160306.40700000004,191
1849,30576,30889,GA,13313000900,2.253,34.769864899999995,-84.9878324,Tennessee,Erlanger Health System,Comprehensive Stroke Center,-85.29043,35.04872,41.49421518,1730,2018,"Census Tract 9, Whitfield County, Georgia",900,13,313,13313000900,3656,1909,1747,37.1,686,3612.0,0.0,48.0,194.0,4.0,370.0,2996.0,0.0,1063.0,2277.0,33901.0,3612.0,301.0,209.0,358.0,358.0,327.0,279.0,68.0,479.0,3656,3189,467,13,313,900,1622.725255,46939.32999999999,70
1850,30578,30891,GA,13215011100,1.405,32.4714423,-84.98823940000001,Alabama,Southeast Health,Comprehensive Stroke Center,-85.36301,31.21588,143.6696695,255,2018,"Census Tract 111, Muscogee County, Georgia",11100,13,215,13215011100,2076,1163,913,33.2,205,2021.0,3.0,11.0,828.0,3.0,22.0,1154.0,55.0,46.0,1123.0,12614.0,1613.0,667.0,161.0,178.0,115.0,135.0,115.0,14.0,187.0,1886,1592,294,13,215,11100,1477.580071,157121.74399999998,196
1851,30579,30892,GA,13215010201,12.255999999999998,32.5848331,-84.9883152,Georgia,Grady Memorial Hospital,Comprehensive Stroke Center,-84.38242,33.752320000000005,141.2782009,680,2018,"Census Tract 102.01, Muscogee County, Georgia",10201,13,215,13215010201,6869,3021,3848,36.3,718,6597.0,0.0,819.0,1242.0,0.0,94.0,4442.0,86.0,232.0,4304.0,48472.0,6635.0,715.0,312.0,337.0,481.0,507.0,599.0,349.0,1261.0,6605,5972,633,13,215,10201,560.4601828,159492.42799999996,84
1852,30580,30893,GA,13215001600,0.713,32.4872648,-84.99073059999999,Alabama,Southeast Health,Comprehensive Stroke Center,-85.36301,31.21588,145.3125406,32,2018,"Census Tract 16, Muscogee County, Georgia",1600,13,215,13215001600,2741,1349,1392,28.4,144,2560.0,0.0,31.0,2022.0,0.0,16.0,491.0,106.0,55.0,482.0,16542.0,2655.0,546.0,142.0,455.0,111.0,165.0,46.0,0.0,64.0,2658,2084,574,13,215,1600,3844.319776,158525.615,193
1853,30583,30896,GA,13129970700,36.023,34.4152842,-84.99094509999999,Georgia,WellStar Kennestone Regional Medical Center,Comprehensive Stroke Center,-84.55109,33.969758,63.92314916,1621,2018,"Census Tract 9707, Gordon County, Georgia",970700,13,129,13129970700,4464,2218,2246,42.5,675,4349.0,0.0,85.0,42.0,0.0,179.0,4043.0,73.0,202.0,4036.0,26289.0,4415.0,696.0,270.0,516.0,602.0,372.0,296.0,55.0,255.0,4464,3989,475,13,129,970700,123.9208284,74277.09499999997,62
1854,30584,30897,GA,13061960300,195.40400000000002,31.6198309,-84.99258259999999,Alabama,Southeast Health,Comprehensive Stroke Center,-85.36301,31.21588,56.97913217,167,2018,"Census Tract 9603, Clay County, Georgia",960300,13,61,13061960300,3001,1473,1528,45.1,681,2971.0,0.0,41.0,2014.0,0.0,16.0,900.0,6.0,0.0,900.0,17679.0,2922.0,571.0,290.0,396.0,274.0,175.0,108.0,86.0,58.0,2946,2250,696,13,61,960300,15.35792512,65600.12600000002,77
1855,30585,30898,GA,13099090500,131.66899999999998,31.1995791,-84.9937511,Alabama,Southeast Health,Comprehensive Stroke Center,-85.36301,31.21588,35.23548615,1599,2018,"Census Tract 905, Early County, Georgia",90500,13,99,13099090500,1884,818,1066,45.6,472,1837.0,0.0,0.0,399.0,0.0,0.0,1438.0,19.0,32.0,1426.0,22708.0,1836.0,362.0,130.0,149.0,244.0,226.0,71.0,33.0,45.0,1884,1542,342,13,99,90500,14.30860719,45417.62999999999,63
1856,30586,30899,GA,13285960700,26.52,32.9691992,-84.9946248,Georgia,Grady Memorial Hospital,Comprehensive Stroke Center,-84.38242,33.752320000000005,103.87734470000001,1763,2018,"Census Tract 9607, Troup County, Georgia",960700,13,285,13285960700,5702,3199,2503,36.1,622,5491.0,0.0,133.0,2200.0,0.0,50.0,3108.0,157.0,379.0,2856.0,24161.0,4863.0,758.0,446.0,711.0,556.0,542.0,514.0,48.0,202.0,4969,4468,501,13,285,960700,215.0075415,111998.73500000003,77
1857,30588,30901,GA,13045910701,25.101999999999997,33.572595799999995,-84.99952409999999,Georgia,WellStar Kennestone Regional Medical Center,Comprehensive Stroke Center,-84.55109,33.969758,60.5484608,113,2018,"Census Tract 9107.01, Carroll County, Georgia",910701,13,45,13045910701,9166,4984,4182,38.0,1268,8931.0,0.0,56.0,1579.0,0.0,224.0,7072.0,203.0,282.0,6981.0,25562.0,8332.0,1178.0,608.0,1283.0,749.0,818.0,648.0,209.0,757.0,8364,7383,981,13,45,910701,365.1501872,72778.24800000008,100
1858,30589,30902,GA,13129970200,87.84299999999999,34.5500907,-84.9996347,Tennessee,Erlanger Health System,Comprehensive Stroke Center,-85.29043,35.04872,61.38424969,1624,2018,"Census Tract 9702, Gordon County, Georgia",970200,13,129,13129970200,6510,3262,3248,44.9,1228,6458.0,0.0,65.0,16.0,0.0,3.0,6374.0,16.0,787.0,5590.0,21373.0,6474.0,853.0,758.0,885.0,409.0,685.0,332.0,89.0,385.0,6510,5510,1000,13,129,970200,74.10949079999999,73746.537,80
1859,30594,30907,GA,13045910703,13.43,33.629226700000004,-85.00340279999999,Georgia,WellStar Kennestone Regional Medical Center,Comprehensive Stroke Center,-84.55109,33.969758,56.40025807,115,2018,"Census Tract 9107.03, Carroll County, Georgia",910703,13,45,13045910703,8541,4149,4392,36.8,1155,8362.0,0.0,88.0,1991.0,54.0,78.0,6151.0,126.0,546.0,5605.0,25822.0,8364.0,1137.0,544.0,1123.0,1091.0,995.0,384.0,79.0,418.0,8439,7624,815,13,45,910703,635.9642591,65481.61500000001,101
1860,30595,30908,GA,13313000501,11.212,34.8311586,-85.0035732,Tennessee,Erlanger Health System,Comprehensive Stroke Center,-85.29043,35.04872,35.62713243,1805,2018,"Census Tract 5.01, Whitfield County, Georgia",501,13,313,13313000501,3837,1893,1944,35.2,525,3707.0,0.0,71.0,150.0,0.0,29.0,3457.0,0.0,704.0,2782.0,30779.0,3647.0,283.0,438.0,352.0,530.0,582.0,216.0,90.0,287.0,3837,3253,584,13,313,501,342.22261860000003,42187.223,63
1861,30597,30910,GA,13239960300,151.237,31.8629381,-85.0047978,Alabama,Southeast Health,Comprehensive Stroke Center,-85.36301,31.21588,79.40060912,1908,2018,"Census Tract 9603, Quitman County, Georgia",960300,13,239,13239960300,2276,1081,1195,48.4,608,2177.0,0.0,138.0,1158.0,5.0,0.0,876.0,59.0,6.0,870.0,18863.0,2236.0,359.0,299.0,396.0,201.0,193.0,102.0,18.0,75.0,2276,1780,496,13,239,960300,15.04922737,95283.985,106
1862,30608,30921,GA,13145120198,124.272,32.8184769,-85.01209890000001,Georgia,Grady Memorial Hospital,Comprehensive Stroke Center,-84.38242,33.752320000000005,119.02708799999999,1945,2018,"Census Tract 1201.98, Harris County, Georgia",120198,13,145,13145120198,4959,2378,2581,49.2,1328,4717.0,0.0,21.0,1313.0,0.0,79.0,3304.0,218.0,152.0,3231.0,31438.0,4872.0,600.0,409.0,542.0,483.0,602.0,472.0,133.0,559.0,4946,4448,498,13,145,120198,39.90440324,130054.87900000002,70
1863,30614,30927,GA,13149970100,88.764,33.2638065,-85.015873,Georgia,Grady Memorial Hospital,Comprehensive Stroke Center,-84.38242,33.752320000000005,79.99882576,1673,2018,"Census Tract 9701, Heard County, Georgia",970100,13,149,13149970100,4272,2080,2192,40.3,658,4137.0,1.0,0.0,597.0,0.0,0.0,3539.0,87.0,76.0,3463.0,23082.0,4052.0,631.0,285.0,628.0,472.0,277.0,254.0,72.0,199.0,4124,3552,572,13,149,970100,48.12761931,90854.71400000002,83
1864,30617,30930,GA,13285960501,2.9219999999999997,33.0536326,-85.01935999999999,Georgia,Grady Memorial Hospital,Comprehensive Stroke Center,-84.38242,33.752320000000005,97.54891504,1766,2018,"Census Tract 9605.01, Troup County, Georgia",960501,13,285,13285960501,5028,2356,2672,36.5,590,4933.0,8.0,0.0,2577.0,0.0,61.0,2287.0,33.0,178.0,2217.0,18487.0,4893.0,1011.0,436.0,635.0,414.0,474.0,279.0,67.0,74.0,5028,4231,797,13,285,960501,1720.73922,108396.71900000003,84
1865,30618,30931,GA,13285960201,23.375,33.1494897,-85.0200228,Georgia,Grady Memorial Hospital,Comprehensive Stroke Center,-84.38242,33.752320000000005,89.35665896,1190,2018,"Census Tract 9602.01, Troup County, Georgia",960201,13,285,13285960201,3127,1460,1667,46.3,643,3001.0,0.0,127.0,355.0,0.0,40.0,2479.0,108.0,75.0,2444.0,27759.0,3097.0,369.0,238.0,377.0,326.0,258.0,205.0,149.0,300.0,3118,2745,373,13,285,960201,133.77540109999998,97901.47600000004,76
1866,30624,30937,GA,13099090300,55.958999999999996,31.3317473,-85.02712640000001,Alabama,Southeast Health,Comprehensive Stroke Center,-85.36301,31.21588,34.46967914,1597,2018,"Census Tract 903, Early County, Georgia",90300,13,99,13099090300,1212,551,661,52.8,358,1195.0,0.0,0.0,429.0,0.0,151.0,615.0,17.0,165.0,615.0,20767.0,1134.0,188.0,104.0,207.0,108.0,107.0,41.0,14.0,78.0,1134,920,214,13,99,90300,21.65871442,37881.951,61
1867,30629,30942,GA,13313000800,41.006,34.7102376,-85.03024909999999,Tennessee,Erlanger Health System,Comprehensive Stroke Center,-85.29043,35.04872,44.45034848,426,2018,"Census Tract 8, Whitfield County, Georgia",800,13,313,13313000800,8301,4302,3999,38.4,1154,8098.0,0.0,395.0,510.0,0.0,99.0,7094.0,75.0,1495.0,5698.0,29036.0,7952.0,837.0,567.0,784.0,1180.0,756.0,327.0,284.0,614.0,8301,7030,1271,13,313,800,202.43379019999998,52236.013999999996,69
1868,30632,30945,GA,13045910200,45.816,33.724787799999994,-85.03280620000001,Georgia,WellStar Kennestone Regional Medical Center,Comprehensive Stroke Center,-84.55109,33.969758,52.21041473,107,2018,"Census Tract 9102, Carroll County, Georgia",910200,13,45,13045910200,12856,6341,6515,37.4,1474,12682.0,0.0,30.0,2091.0,0.0,0.0,10561.0,101.0,108.0,10453.0,24929.0,12765.0,1600.0,1202.0,1523.0,1130.0,1184.0,748.0,527.0,723.0,12813,10311,2502,13,45,910200,280.6006635,61982.429000000004,85
1869,30634,30947,GA,13233010700,26.982,33.9740692,-85.036028,Georgia,WellStar Kennestone Regional Medical Center,Comprehensive Stroke Center,-84.55109,33.969758,44.81814236,1903,2018,"Census Tract 107, Polk County, Georgia",10700,13,233,13233010700,6132,2980,3152,33.6,735,5837.0,41.0,0.0,1505.0,0.0,23.0,4268.0,295.0,117.0,4215.0,21503.0,6132.0,1015.0,579.0,725.0,422.0,506.0,446.0,138.0,230.0,6132,5492,640,13,233,10700,227.26261949999997,55257.33199999999,101
1870,30636,30949,GA,13313000600,8.669,34.8360842,-85.03687459999999,Tennessee,Erlanger Health System,Comprehensive Stroke Center,-85.29043,35.04872,33.06038175,1807,2018,"Census Tract 6, Whitfield County, Georgia",600,13,313,13313000600,4460,2230,2230,39.8,728,4431.0,0.0,7.0,48.0,0.0,84.0,4292.0,18.0,329.0,4059.0,24368.0,4443.0,491.0,361.0,720.0,425.0,491.0,279.0,144.0,190.0,4454,3863,591,13,313,600,514.4768716,36745.47800000002,68
1871,30637,30950,GA,13045911000,19.581,33.5261021,-85.0387864,Georgia,Grady Memorial Hospital,Comprehensive Stroke Center,-84.38242,33.752320000000005,65.8600955,118,2018,"Census Tract 9110, Carroll County, Georgia",911000,13,45,13045911000,6595,3332,3263,33.3,965,6484.0,34.0,0.0,572.0,0.0,245.0,5633.0,21.0,717.0,5122.0,26071.0,6468.0,772.0,507.0,984.0,662.0,549.0,633.0,207.0,380.0,6595,6148,447,13,45,911000,336.8060875,76940.868,91
1872,30638,30951,GA,13285960400,7.472,33.0753891,-85.0388262,Georgia,Grady Memorial Hospital,Comprehensive Stroke Center,-84.38242,33.752320000000005,96.77081179,1738,2018,"Census Tract 9604, Troup County, Georgia",960400,13,285,13285960400,5954,2738,3216,33.9,887,5845.0,0.0,158.0,1951.0,0.0,57.0,3679.0,95.0,196.0,3540.0,22494.0,5922.0,833.0,560.0,798.0,461.0,551.0,374.0,74.0,428.0,5949,4758,1191,13,285,960400,796.8415418,110163.07500000006,94
1873,30639,30952,GA,13285960800,1.392,33.028987699999995,-85.04050059999999,Georgia,Grady Memorial Hospital,Comprehensive Stroke Center,-84.38242,33.752320000000005,100.9199542,1742,2018,"Census Tract 9608, Troup County, Georgia",960800,13,285,13285960800,3763,1616,2147,31.1,293,3555.0,0.0,16.0,2298.0,0.0,115.0,1126.0,104.0,118.0,1123.0,16466.0,3659.0,681.0,294.0,708.0,394.0,165.0,42.0,4.0,22.0,3763,3143,620,13,285,960800,2703.304598,109505.97500000003,85
1874,30644,30957,GA,13233010100,59.934,34.0538175,-85.04370949999999,Georgia,WellStar Kennestone Regional Medical Center,Comprehensive Stroke Center,-84.55109,33.969758,46.44966734,1897,2018,"Census Tract 101, Polk County, Georgia",10100,13,233,13233010100,6427,3383,3044,35.5,859,6175.0,71.0,0.0,403.0,0.0,324.0,5377.0,128.0,424.0,5348.0,24670.0,6300.0,970.0,304.0,1004.0,671.0,824.0,362.0,163.0,188.0,6427,5408,1019,13,233,10100,107.23462479999999,61512.47500000001,92
1875,30647,30960,GA,13215010301,11.058,32.580856,-85.0451552,Georgia,Grady Memorial Hospital,Comprehensive Stroke Center,-84.38242,33.752320000000005,143.87989330000002,688,2018,"Census Tract 103.01, Muscogee County, Georgia",10301,13,215,13215010301,2510,1197,1313,56.3,877,2371.0,0.0,269.0,126.0,0.0,9.0,1967.0,126.0,66.0,1901.0,54301.0,2440.0,259.0,124.0,116.0,154.0,209.0,184.0,46.0,757.0,2447,2404,43,13,215,10301,226.98498819999998,160238.48099999994,92
1876,30657,30970,GA,13047030100,56.028999999999996,34.9096556,-85.0603848,Tennessee,Erlanger Health System,Comprehensive Stroke Center,-85.29043,35.04872,26.06257038,418,2018,"Census Tract 301, Catoosa County, Georgia",30100,13,47,13047030100,7016,3250,3766,39.3,1048,6811.0,0.0,27.0,141.0,0.0,188.0,6455.0,69.0,295.0,6414.0,26137.0,6865.0,1172.0,497.0,745.0,793.0,592.0,513.0,167.0,540.0,7001,5916,1085,13,47,30100,125.22086780000001,30047.498999999996,60
1877,30661,30974,GA,13115000100,39.415,34.3495311,-85.065512,Georgia,WellStar Kennestone Regional Medical Center,Comprehensive Stroke Center,-84.55109,33.969758,63.44096054,586,2018,"Census Tract 1, Floyd County, Georgia",100,13,115,13115000100,4582,2275,2307,39.6,789,4518.0,0.0,18.0,0.0,0.0,0.0,4500.0,11.0,188.0,4312.0,24443.0,4529.0,587.0,410.0,563.0,457.0,459.0,261.0,113.0,204.0,4582,4096,486,13,115,100,116.25015859999999,73953.10999999997,75
1878,30663,30976,GA,13115000700,24.204,34.267318599999996,-85.0665879,Georgia,WellStar Kennestone Regional Medical Center,Comprehensive Stroke Center,-84.55109,33.969758,57.88941755,592,2018,"Census Tract 7, Floyd County, Georgia",700,13,115,13115000700,4636,2324,2312,45.7,877,4606.0,17.0,32.0,150.0,0.0,7.0,4400.0,26.0,91.0,4321.0,28597.0,4606.0,610.0,361.0,578.0,492.0,506.0,442.0,91.0,392.0,4636,4337,299,13,115,700,191.5385887,67093.42099999999,67
1879,30665,30978,GA,13045910600,12.592,33.6281783,-85.06709609999999,Georgia,WellStar Kennestone Regional Medical Center,Comprehensive Stroke Center,-84.55109,33.969758,60.98094625,112,2018,"Census Tract 9106, Carroll County, Georgia",910600,13,45,13045910600,6127,2938,3189,34.9,641,5575.0,212.0,99.0,873.0,0.0,395.0,3996.0,348.0,444.0,3923.0,26043.0,5811.0,929.0,369.0,777.0,395.0,545.0,474.0,193.0,574.0,6015,5253,762,13,45,910600,486.57878020000004,72434.97000000009,89
1880,30667,30980,GA,13285960901,3.735,33.0235321,-85.06796990000001,Georgia,Grady Memorial Hospital,Comprehensive Stroke Center,-84.38242,33.752320000000005,102.9660955,1740,2018,"Census Tract 9609.01, Troup County, Georgia",960901,13,285,13285960901,4483,2064,2419,33.4,656,4342.0,75.0,202.0,2682.0,0.0,108.0,1275.0,8.0,182.0,1258.0,17719.0,4205.0,749.0,532.0,515.0,624.0,288.0,99.0,63.0,87.0,4372,3713,659,13,285,960901,1200.267738,112273.58400000003,81
1881,30691,31004,GA,13143010301,27.755,33.780992100000006,-85.0893166,Georgia,WellStar Kennestone Regional Medical Center,Comprehensive Stroke Center,-84.55109,33.969758,54.01918623,1942,2018,"Census Tract 103.01, Haralson County, Georgia",10301,13,143,13143010301,3717,1997,1720,42.1,601,3614.0,80.0,0.0,137.0,0.0,0.0,3397.0,88.0,47.0,3381.0,25440.0,3702.0,622.0,337.0,269.0,374.0,363.0,160.0,119.0,287.0,3717,3298,419,13,143,10301,133.92181589999998,61713.43199999998,103
1882,30692,31005,GA,13045910502,1.6380000000000001,33.585437799999994,-85.0894038,Georgia,WellStar Kennestone Regional Medical Center,Comprehensive Stroke Center,-84.55109,33.969758,65.59936482,111,2018,"Census Tract 9105.02, Carroll County, Georgia",910502,13,45,13045910502,3373,1506,1867,23.0,238,3212.0,0.0,22.0,1445.0,0.0,195.0,1550.0,69.0,887.0,892.0,12312.0,3203.0,884.0,311.0,468.0,203.0,80.0,17.0,0.0,51.0,3373,2516,857,13,45,910502,2059.218559,74590.93300000006,109
1883,30694,31007,GA,13233010600,37.385,33.9733919,-85.0902883,Georgia,WellStar Kennestone Regional Medical Center,Comprehensive Stroke Center,-84.55109,33.969758,49.83187863,1902,2018,"Census Tract 106, Polk County, Georgia",10600,13,233,13233010600,4974,2412,2562,38.6,796,4802.0,0.0,60.0,495.0,0.0,0.0,4247.0,70.0,0.0,4247.0,27936.0,4872.0,753.0,242.0,626.0,588.0,464.0,303.0,148.0,298.0,4963,4397,566,13,233,10600,133.0480139,60345.588000000025,110
1884,30700,31013,GA,13285960300,11.368,33.0491681,-85.0961155,Georgia,Grady Memorial Hospital,Comprehensive Stroke Center,-84.38242,33.752320000000005,102.42119029999999,1765,2018,"Census Tract 9603, Troup County, Georgia",960300,13,285,13285960300,3996,1877,2119,43.6,879,3964.0,0.0,100.0,205.0,0.0,58.0,3601.0,22.0,272.0,3474.0,30247.0,3699.0,503.0,314.0,397.0,405.0,331.0,438.0,72.0,465.0,3828,3607,221,13,285,960300,351.513019,113751.30000000006,85
1885,30703,31016,GA,13115001702,38.98,34.184466,-85.09713620000001,Georgia,WellStar Kennestone Regional Medical Center,Comprehensive Stroke Center,-84.55109,33.969758,55.74435543,580,2018,"Census Tract 17.02, Floyd County, Georgia",1702,13,115,13115001702,6308,2942,3366,44.4,1322,6205.0,0.0,62.0,784.0,0.0,10.0,5349.0,103.0,336.0,5023.0,27456.0,6135.0,876.0,436.0,701.0,482.0,755.0,373.0,119.0,506.0,6125,5350,775,13,115,1702,161.82657769999997,65545.17000000001,84
1886,30709,31023,GA,13313000700,36.814,34.7669948,-85.1009198,Tennessee,Erlanger Health System,Comprehensive Stroke Center,-85.29043,35.04872,35.73220472,1733,2018,"Census Tract 7, Whitfield County, Georgia",700,13,313,13313000700,4380,2216,2164,43.2,755,4316.0,0.0,0.0,196.0,0.0,177.0,3943.0,27.0,309.0,3789.0,26143.0,4343.0,508.0,370.0,609.0,469.0,489.0,175.0,176.0,274.0,4380,3950,430,13,313,700,118.9764763,43623.65800000001,70
1887,30711,31025,GA,13045910900,50.193000000000005,33.4592669,-85.10176829999999,Georgia,Grady Memorial Hospital,Comprehensive Stroke Center,-84.38242,33.752320000000005,74.25410303,117,2018,"Census Tract 9109, Carroll County, Georgia",910900,13,45,13045910900,4186,2186,2000,38.9,649,4139.0,0.0,0.0,140.0,0.0,103.0,3896.0,0.0,119.0,3858.0,26828.0,4108.0,566.0,213.0,506.0,399.0,347.0,270.0,61.0,306.0,4186,3717,469,13,45,910900,83.3980834,87677.07199999993,105
1888,30713,31027,GA,13285960902,42.763000000000005,32.9882516,-85.1037953,Georgia,Grady Memorial Hospital,Comprehensive Stroke Center,-84.38242,33.752320000000005,108.1110375,1764,2018,"Census Tract 9609.02, Troup County, Georgia",960902,13,285,13285960902,6517,2908,3609,36.7,1056,6190.0,0.0,14.0,1032.0,0.0,25.0,5119.0,275.0,106.0,5119.0,31678.0,6436.0,878.0,481.0,392.0,639.0,528.0,724.0,282.0,390.0,6517,5834,683,13,285,960902,152.39810119999999,117535.656,76
1889,30724,31038,GA,13045911100,19.975,33.5317904,-85.10951690000002,Georgia,WellStar Kennestone Regional Medical Center,Comprehensive Stroke Center,-84.55109,33.969758,70.97104784,119,2018,"Census Tract 9111, Carroll County, Georgia",911100,13,45,13045911100,7143,3241,3902,37.0,1170,6930.0,390.0,71.0,963.0,0.0,60.0,5446.0,168.0,551.0,5346.0,32004.0,6979.0,987.0,442.0,709.0,560.0,622.0,627.0,164.0,835.0,7042,6140,902,13,45,911100,357.5969962,80974.6500000001,110
1890,30737,31051,GA,13045910501,11.520999999999999,33.5892617,-85.1192725,Georgia,WellStar Kennestone Regional Medical Center,Comprehensive Stroke Center,-84.55109,33.969758,67.45898846,110,2018,"Census Tract 9105.01, Carroll County, Georgia",910501,13,45,13045910501,8648,3306,5342,21.6,441,8477.0,0.0,79.0,3692.0,0.0,272.0,4434.0,92.0,1265.0,3377.0,11397.0,6375.0,2834.0,394.0,837.0,498.0,690.0,286.0,53.0,285.0,8648,7529,1119,13,45,910501,750.6292857000001,77451.0120000001,96
1891,30742,31056,GA,13047030202,14.227,34.9571841,-85.1201935,Tennessee,Erlanger Health System,Comprehensive Stroke Center,-85.29043,35.04872,18.56386525,122,2018,"Census Tract 302.02, Catoosa County, Georgia",30202,13,47,13047030202,6753,3077,3676,40.1,1055,6431.0,0.0,129.0,213.0,0.0,0.0,6089.0,204.0,320.0,5841.0,27454.0,6587.0,849.0,463.0,842.0,774.0,501.0,696.0,294.0,523.0,6753,5985,768,13,47,30202,474.66085610000005,28365.602999999996,77
1892,30755,31069,GA,13115000800,6.106,34.258905,-85.1264209,Georgia,WellStar Kennestone Regional Medical Center,Comprehensive Stroke Center,-84.55109,33.969758,62.01795002,587,2018,"Census Tract 8, Floyd County, Georgia",800,13,115,13115000800,4578,2194,2384,45.9,1173,4578.0,0.0,55.0,663.0,0.0,0.0,3860.0,0.0,106.0,3754.0,31581.0,4493.0,497.0,416.0,570.0,587.0,503.0,271.0,262.0,418.0,4493,4328,165,13,115,800,749.7543400000001,71144.428,88
1893,30761,31075,GA,13285961000,49.887,32.9166478,-85.12952790000001,Georgia,Grady Memorial Hospital,Comprehensive Stroke Center,-84.38242,33.752320000000005,115.879875,1767,2018,"Census Tract 9610, Troup County, Georgia",961000,13,285,13285961000,6182,2997,3185,34.9,753,6011.0,0.0,0.0,2836.0,0.0,0.0,3175.0,117.0,92.0,3175.0,22012.0,6114.0,1152.0,374.0,701.0,636.0,563.0,430.0,26.0,262.0,6182,5429,753,13,285,961000,123.92005929999999,129859.89600000001,81
1894,30762,31076,GA,13143010100,62.023999999999994,33.8634677,-85.12997309999999,Georgia,WellStar Kennestone Regional Medical Center,Comprehensive Stroke Center,-84.55109,33.969758,54.81501407,1940,2018,"Census Tract 101, Haralson County, Georgia",10100,13,143,13143010100,4035,1909,2126,40.9,642,3929.0,0.0,14.0,21.0,0.0,0.0,3894.0,34.0,0.0,3894.0,24311.0,3860.0,538.0,371.0,483.0,341.0,472.0,243.0,83.0,210.0,3989,3345,644,13,143,10100,65.0554624,64259.21099999996,116
1895,30775,31090,GA,13115000202,73.682,34.4476852,-85.1382297,Tennessee,Erlanger Health System,Comprehensive Stroke Center,-85.29043,35.04872,68.11726587,1381,2018,"Census Tract 2.02, Floyd County, Georgia",202,13,115,13115000202,3705,1835,1870,44.8,680,3667.0,0.0,0.0,0.0,0.0,19.0,3648.0,14.0,118.0,3549.0,32694.0,3681.0,422.0,214.0,408.0,371.0,421.0,339.0,113.0,459.0,3705,3439,266,13,115,202,50.28365137,84728.46199999997,96
1896,30776,31091,GA,13047030201,5.332999999999999,34.9289695,-85.1389313,Tennessee,Erlanger Health System,Comprehensive Stroke Center,-85.29043,35.04872,19.17856322,121,2018,"Census Tract 302.01, Catoosa County, Georgia",30201,13,47,13047030201,5207,2694,2513,36.2,703,4947.0,41.0,0.0,281.0,0.0,30.0,4595.0,238.0,56.0,4595.0,30643.0,4953.0,560.0,542.0,544.0,426.0,632.0,449.0,173.0,373.0,4975,4314,661,13,47,30201,976.3735232999999,23270.043999999994,59
1897,30777,31092,GA,13295020902,81.446,34.65227539999999,-85.1393945,Tennessee,Erlanger Health System,Comprehensive Stroke Center,-85.29043,35.04872,46.09873972,1276,2018,"Census Tract 209.02, Walker County, Georgia",20902,13,295,13295020902,2136,1050,1086,50.3,534,2112.0,0.0,0.0,48.0,0.0,0.0,2064.0,9.0,23.0,2041.0,23849.0,2106.0,320.0,210.0,286.0,248.0,186.0,117.0,45.0,185.0,2136,1937,199,13,295,20902,26.22596567,56284.98300000002,83
1898,30786,31101,GA,13115000900,3.389,34.235333399999995,-85.14658879999999,Georgia,WellStar Kennestone Regional Medical Center,Comprehensive Stroke Center,-84.55109,33.969758,62.34717906,581,2018,"Census Tract 9, Floyd County, Georgia",900,13,115,13115000900,2258,945,1313,36.8,477,2213.0,0.0,0.0,507.0,0.0,0.0,1706.0,45.0,0.0,1706.0,38142.0,2258.0,278.0,150.0,145.0,154.0,176.0,211.0,86.0,308.0,2258,2097,161,13,115,900,666.2732369,72260.165,90
1899,30791,31106,GA,13115000600,5.721,34.28372529999999,-85.148864,Georgia,WellStar Kennestone Regional Medical Center,Comprehensive Stroke Center,-84.55109,33.969758,65.21987275,577,2018,"Census Tract 6, Floyd County, Georgia",600,13,115,13115000600,5303,2501,2802,32.0,511,5020.0,7.0,0.0,2254.0,0.0,72.0,2687.0,189.0,222.0,2525.0,18446.0,4545.0,903.0,568.0,704.0,507.0,430.0,259.0,61.0,84.0,4641,3741,900,13,115,600,926.9358504,75812.62199999997,86
1900,30793,31108,GA,13285960202,59.59,33.0978201,-85.1493205,Georgia,Grady Memorial Hospital,Comprehensive Stroke Center,-84.38242,33.752320000000005,101.766912,1191,2018,"Census Tract 9602.02, Troup County, Georgia",960202,13,285,13285960202,2276,1136,1140,41.9,458,2237.0,0.0,28.0,364.0,0.0,0.0,1845.0,35.0,52.0,1793.0,32440.0,2267.0,223.0,180.0,260.0,228.0,344.0,205.0,78.0,175.0,2276,2089,187,13,285,960202,38.19432791,120374.22300000001,98
1901,30796,31111,GA,13115001701,40.073,34.120569700000004,-85.1499532,Georgia,WellStar Kennestone Regional Medical Center,Comprehensive Stroke Center,-84.55109,33.969758,57.77143686,591,2018,"Census Tract 17.01, Floyd County, Georgia",1701,13,115,13115001701,6330,3035,3295,43.2,930,6238.0,0.0,0.0,119.0,0.0,4.0,6115.0,82.0,54.0,6068.0,24404.0,6292.0,953.0,262.0,1100.0,605.0,685.0,417.0,189.0,326.0,6302,5692,610,13,115,1701,157.9617199,68850.69,92
1902,30798,31113,GA,13047030301,7.257999999999999,34.90508079999999,-85.1511678,Tennessee,Erlanger Health System,Comprehensive Stroke Center,-85.29043,35.04872,20.38740462,123,2018,"Census Tract 303.01, Catoosa County, Georgia",30301,13,47,13047030301,7766,3732,4034,35.8,988,7627.0,0.0,108.0,75.0,0.0,0.0,7444.0,93.0,367.0,7077.0,30829.0,7707.0,912.0,662.0,733.0,670.0,870.0,602.0,133.0,773.0,7766,6631,1135,13,47,30301,1069.991733,24107.863999999987,68
1903,30805,31120,GA,13149970200,92.215,33.3777356,-85.154616,Georgia,Grady Memorial Hospital,Comprehensive Stroke Center,-84.38242,33.752320000000005,82.86777790000001,1672,2018,"Census Tract 9702, Heard County, Georgia",970200,13,149,13149970200,4327,2214,2113,40.7,734,4086.0,1.0,0.0,247.0,20.0,0.0,3818.0,123.0,0.0,3818.0,26626.0,4209.0,509.0,381.0,456.0,490.0,521.0,286.0,126.0,178.0,4327,3907,420,13,149,970200,46.9229518,99204.2169999999,111
1904,30812,31127,GA,13047030304,20.354,34.820088500000004,-85.1587599,Tennessee,Erlanger Health System,Comprehensive Stroke Center,-85.29043,35.04872,28.07228146,125,2018,"Census Tract 303.04, Catoosa County, Georgia",30304,13,47,13047030304,3572,1812,1760,40.5,492,3528.0,0.0,0.0,68.0,0.0,0.0,3460.0,30.0,46.0,3414.0,36973.0,3558.0,288.0,177.0,505.0,242.0,472.0,335.0,170.0,336.0,3572,3442,130,13,47,30304,175.4937604,33971.716999999975,77
1905,30824,31139,GA,13047030303,9.804,34.8616278,-85.16520729999999,Tennessee,Erlanger Health System,Comprehensive Stroke Center,-85.29043,35.04872,23.69869106,124,2018,"Census Tract 303.03, Catoosa County, Georgia",30303,13,47,13047030303,3158,1660,1498,40.7,410,3125.0,0.0,8.0,78.0,0.0,0.0,3039.0,13.0,42.0,3010.0,26517.0,3133.0,582.0,190.0,260.0,375.0,267.0,226.0,84.0,245.0,3158,2566,592,13,47,30303,322.11342310000003,29304.19799999999,74
1906,30826,31141,GA,13115001600,1.7069999999999999,34.2314905,-85.16656359999999,Georgia,WellStar Kennestone Regional Medical Center,Comprehensive Stroke Center,-84.55109,33.969758,63.78350875,585,2018,"Census Tract 16, Floyd County, Georgia",1600,13,115,13115001600,3128,1554,1574,33.9,473,3049.0,0.0,0.0,1447.0,0.0,168.0,1434.0,28.0,458.0,1144.0,15119.0,3077.0,533.0,426.0,332.0,270.0,188.0,57.0,22.0,98.0,3128,2686,442,13,115,1600,1832.454599,72252.612,95
1907,30827,31142,GA,13115000201,21.23,34.3375222,-85.1667713,Georgia,WellStar Kennestone Regional Medical Center,Comprehensive Stroke Center,-84.55109,33.969758,69.91254657,1380,2018,"Census Tract 2.01, Floyd County, Georgia",201,13,115,13115000201,6567,3239,3328,39.7,1144,6249.0,0.0,298.0,324.0,0.0,0.0,5627.0,246.0,611.0,5016.0,25022.0,6399.0,920.0,526.0,930.0,566.0,660.0,555.0,180.0,417.0,6487,5357,1130,13,115,201,309.3264249,83998.04800000001,90
1908,30836,31151,GA,13149970300,114.994,33.2405489,-85.17422540000001,Georgia,Grady Memorial Hospital,Comprehensive Stroke Center,-84.38242,33.752320000000005,92.92899206,1674,2018,"Census Tract 9703, Heard County, Georgia",970300,13,149,13149970300,3078,1453,1625,44.1,494,2958.0,0.0,58.0,203.0,0.0,37.0,2660.0,120.0,236.0,2501.0,24507.0,3003.0,459.0,220.0,460.0,368.0,355.0,194.0,97.0,84.0,3078,2622,456,13,149,970300,26.76661391,104132.83800000002,105
1909,30840,31155,GA,13047030402,8.354,34.9703365,-85.17578929999999,Tennessee,Erlanger Health System,Comprehensive Stroke Center,-85.29043,35.04872,13.60577026,420,2018,"Census Tract 304.02, Catoosa County, Georgia",30402,13,47,13047030402,6364,3429,2935,39.7,982,6309.0,0.0,0.0,103.0,0.0,364.0,5842.0,27.0,462.0,5771.0,27590.0,6336.0,785.0,438.0,841.0,859.0,511.0,462.0,61.0,604.0,6353,5450,903,13,47,30402,761.7907589,16118.535999999996,60
1910,30845,31160,GA,13115001800,6.428,34.1944148,-85.1783135,Georgia,WellStar Kennestone Regional Medical Center,Comprehensive Stroke Center,-84.55109,33.969758,63.02571534,582,2018,"Census Tract 18, Floyd County, Georgia",1800,13,115,13115001800,4950,2197,2753,40.0,727,4593.0,0.0,63.0,476.0,0.0,143.0,3911.0,254.0,230.0,3817.0,24431.0,4847.0,537.0,399.0,758.0,474.0,450.0,349.0,40.0,335.0,4950,4177,773,13,115,1800,770.0684505,72681.324,102
1911,30850,31165,GA,13045910300,56.773999999999994,33.6425612,-85.1809983,Georgia,WellStar Kennestone Regional Medical Center,Comprehensive Stroke Center,-84.55109,33.969758,68.69495929,108,2018,"Census Tract 9103, Carroll County, Georgia",910300,13,45,13045910300,6681,3350,3331,36.2,980,6367.0,24.0,95.0,782.0,0.0,134.0,5332.0,153.0,467.0,4979.0,23694.0,6520.0,841.0,678.0,883.0,769.0,564.0,375.0,138.0,371.0,6668,6025,643,13,45,910300,117.6771057,79974.75000000004,78
1912,30852,31167,GA,13115001100,1.453,34.261785100000004,-85.1814958,Georgia,WellStar Kennestone Regional Medical Center,Comprehensive Stroke Center,-84.55109,33.969758,66.57290157,588,2018,"Census Tract 11, Floyd County, Georgia",1100,13,115,13115001100,2717,1196,1521,42.8,455,2679.0,0.0,0.0,742.0,0.0,87.0,1850.0,14.0,324.0,1639.0,18506.0,2494.0,412.0,259.0,583.0,220.0,190.0,68.0,57.0,170.0,2559,2067,492,13,115,1100,1869.924295,75757.86700000001,103
1913,30863,31178,GA,13143010302,43.063,33.753561299999994,-85.19538879999999,Georgia,WellStar Kennestone Regional Medical Center,Comprehensive Stroke Center,-84.55109,33.969758,64.26161528,1943,2018,"Census Tract 103.02, Haralson County, Georgia",10302,13,143,13143010302,7685,3820,3865,36.6,863,7590.0,6.0,160.0,451.0,0.0,24.0,6949.0,32.0,152.0,6805.0,27366.0,7360.0,686.0,642.0,1128.0,803.0,545.0,482.0,201.0,690.0,7502,6596,906,13,143,10302,178.4594664,74419.61800000002,91
1914,30871,31186,GA,13233010500,24.555,33.9823149,-85.2028332,Georgia,WellStar Kennestone Regional Medical Center,Comprehensive Stroke Center,-84.55109,33.969758,60.24406017,1901,2018,"Census Tract 105, Polk County, Georgia",10500,13,233,13233010500,6127,2894,3233,39.5,1221,5998.0,0.0,0.0,1036.0,0.0,974.0,3988.0,38.0,1035.0,3927.0,17691.0,5795.0,1120.0,485.0,1100.0,472.0,393.0,271.0,66.0,190.0,6037,5039,998,13,233,10500,249.5214824,71544.53200000006,111
1915,30873,31189,GA,13115000500,2.177,34.2808312,-85.2059327,Georgia,WellStar Kennestone Regional Medical Center,Comprehensive Stroke Center,-84.55109,33.969758,69.56866832,593,2018,"Census Tract 5, Floyd County, Georgia",500,13,115,13115000500,3869,1919,1950,31.5,331,3775.0,0.0,99.0,979.0,0.0,361.0,2336.0,15.0,1241.0,1358.0,19007.0,3592.0,589.0,361.0,522.0,524.0,255.0,104.0,7.0,76.0,3671,2809,862,13,115,500,1777.216353,79456.98800000001,103
1916,30874,31190,GA,13115002100,10.26,34.2079459,-85.2063854,Georgia,WellStar Kennestone Regional Medical Center,Comprehensive Stroke Center,-84.55109,33.969758,65.99548746,1382,2018,"Census Tract 21, Floyd County, Georgia",2100,13,115,13115002100,4141,2145,1996,37.8,696,3872.0,117.0,49.0,1754.0,0.0,265.0,1687.0,205.0,483.0,1469.0,14693.0,3491.0,830.0,414.0,493.0,249.0,175.0,146.0,35.0,94.0,3563,2714,849,13,115,2100,403.60623780000003,77327.522,98
1917,30877,31193,GA,13233010200,37.492,34.0624639,-85.21068580000001,Georgia,WellStar Kennestone Regional Medical Center,Comprehensive Stroke Center,-84.55109,33.969758,61.78671573,1898,2018,"Census Tract 102, Polk County, Georgia",10200,13,233,13233010200,6934,3226,3708,46.7,1529,6756.0,0.0,95.0,549.0,0.0,782.0,5330.0,55.0,761.0,5330.0,31085.0,6770.0,657.0,468.0,1117.0,860.0,924.0,664.0,178.0,442.0,6934,6137,797,13,233,10200,184.94612180000001,74727.21699999998,104
1918,30883,31199,GA,13047030401,23.066,34.883964399999996,-85.21399759999998,Tennessee,Erlanger Health System,Comprehensive Stroke Center,-85.29043,35.04872,19.56548121,416,2018,"Census Tract 304.01, Catoosa County, Georgia",30401,13,47,13047030401,7249,3719,3530,42.7,1361,7036.0,0.0,149.0,48.0,0.0,61.0,6778.0,192.0,157.0,6765.0,32730.0,7185.0,995.0,435.0,793.0,627.0,753.0,705.0,176.0,851.0,7249,7077,172,13,47,30401,314.2720888,22922.716,78
1919,30886,31202,GA,13295020602,30.32,34.738912799999994,-85.2161388,Tennessee,Erlanger Health System,Comprehensive Stroke Center,-85.29043,35.04872,35.0340015,1284,2018,"Census Tract 206.02, Walker County, Georgia",20602,13,295,13295020602,4811,2597,2214,37.0,707,4719.0,0.0,9.0,225.0,0.0,141.0,4344.0,77.0,73.0,4291.0,25577.0,4736.0,583.0,434.0,519.0,463.0,515.0,232.0,25.0,343.0,4811,4296,515,13,295,20602,158.67414250000002,39881.537999999986,93
1920,30890,31206,GA,13047030500,3.67,34.971464399999995,-85.22150490000001,Tennessee,Erlanger Health System,Comprehensive Stroke Center,-85.29043,35.04872,10.63196278,419,2018,"Census Tract 305, Catoosa County, Georgia",30500,13,47,13047030500,6319,2780,3539,44.4,1571,5932.0,114.0,172.0,203.0,0.0,109.0,5334.0,355.0,137.0,5306.0,21545.0,6135.0,797.0,660.0,1292.0,782.0,684.0,325.0,87.0,209.0,6319,5244,1075,13,47,30500,1721.7983649999999,13470.747999999996,62
1921,30892,31208,GA,13115001200,2.225,34.258905799999994,-85.222687,Georgia,WellStar Kennestone Regional Medical Center,Comprehensive Stroke Center,-84.55109,33.969758,69.77092157,578,2018,"Census Tract 12, Floyd County, Georgia",1200,13,115,13115001200,4823,2284,2539,31.4,418,4310.0,0.0,135.0,1051.0,0.0,760.0,2364.0,395.0,1850.0,1631.0,24871.0,4671.0,548.0,389.0,588.0,514.0,472.0,190.0,91.0,246.0,4806,3798,1008,13,115,1200,2167.640449,80693.11100000002,124
1922,30899,31215,GA,13055010100,100.212,34.4832685,-85.2300027,Tennessee,Erlanger Health System,Comprehensive Stroke Center,-85.29043,35.04872,62.9725458,153,2018,"Census Tract 101, Chattooga County, Georgia",10100,13,55,13055010100,2004,929,1075,49.1,389,1979.0,0.0,0.0,68.0,0.0,0.0,1911.0,18.0,12.0,1907.0,25781.0,1977.0,242.0,178.0,337.0,249.0,221.0,166.0,81.0,95.0,2004,1762,242,13,55,10100,19.99760508,72816.2980000001,102
1923,30900,31216,GA,13045911200,65.267,33.5000142,-85.2304748,Georgia,WellStar Kennestone Regional Medical Center,Comprehensive Stroke Center,-84.55109,33.969758,81.72205402,120,2018,"Census Tract 9112, Carroll County, Georgia",911200,13,45,13045911200,5571,2956,2615,45.3,1220,5336.0,123.0,8.0,826.0,5.0,100.0,4274.0,114.0,112.0,4250.0,20229.0,5425.0,958.0,587.0,833.0,556.0,390.0,417.0,175.0,262.0,5571,5001,570,13,45,911200,85.35707172,91959.99400000011,110
1924,30902,31218,GA,13143010400,55.958,33.6998135,-85.2328608,Georgia,WellStar Kennestone Regional Medical Center,Comprehensive Stroke Center,-84.55109,33.969758,69.84970056,1944,2018,"Census Tract 104, Haralson County, Georgia",10400,13,143,13143010400,7963,3744,4219,42.3,1335,7704.0,5.0,42.0,632.0,0.0,0.0,7025.0,210.0,256.0,6799.0,23459.0,7779.0,1121.0,607.0,1162.0,516.0,792.0,489.0,167.0,502.0,7864,6823,1041,13,143,10400,142.3031559,81389.27800000003,100
1925,30904,31220,GA,13233010400,42.623000000000005,33.945749299999996,-85.23535030000001,Georgia,WellStar Kennestone Regional Medical Center,Comprehensive Stroke Center,-84.55109,33.969758,63.30244216,1900,2018,"Census Tract 104, Polk County, Georgia",10400,13,233,13233010400,5984,2953,3031,32.5,671,5856.0,0.0,0.0,492.0,24.0,622.0,4718.0,70.0,1396.0,3967.0,25108.0,5754.0,688.0,270.0,678.0,737.0,460.0,225.0,105.0,138.0,5903,4303,1600,13,233,10400,140.3936842,75291.53500000008,116
1926,30906,31222,GA,13295020601,26.601999999999997,34.8133935,-85.2380453,Tennessee,Erlanger Health System,Comprehensive Stroke Center,-85.29043,35.04872,26.54204501,1283,2018,"Census Tract 206.01, Walker County, Georgia",20601,13,295,13295020601,6999,3727,3272,40.6,1127,6651.0,0.0,33.0,256.0,9.0,39.0,6314.0,156.0,202.0,6160.0,29291.0,6073.0,896.0,253.0,877.0,744.0,559.0,491.0,362.0,530.0,6223,5778,445,13,295,20601,263.10051880000003,29347.752999999997,92
1927,30908,31224,GA,13047030700,11.54,34.9285866,-85.2426316,Tennessee,Erlanger Health System,Comprehensive Stroke Center,-85.29043,35.04872,14.02393764,421,2018,"Census Tract 307, Catoosa County, Georgia",30700,13,47,13047030700,7653,3293,4360,40.3,1451,7291.0,26.0,19.0,290.0,24.0,0.0,6932.0,253.0,34.0,6932.0,26824.0,7303.0,828.0,661.0,1109.0,998.0,918.0,488.0,198.0,422.0,7420,6496,924,13,47,30700,663.1715771,16471.073,68
1928,30916,31232,GA,13115001300,4.43,34.264210399999996,-85.2461725,Georgia,WellStar Kennestone Regional Medical Center,Comprehensive Stroke Center,-84.55109,33.969758,71.96544595,579,2018,"Census Tract 13, Floyd County, Georgia",1300,13,115,13115001300,6194,3054,3140,39.4,872,6080.0,0.0,244.0,957.0,0.0,488.0,4391.0,101.0,1242.0,3637.0,20772.0,6181.0,1163.0,511.0,850.0,559.0,496.0,268.0,104.0,375.0,6194,4896,1298,13,115,1300,1398.194131,82427.33800000002,120
1929,30917,31233,GA,13047030600,2.5269999999999997,34.973803499999995,-85.2461887,Tennessee,Erlanger Health System,Comprehensive Stroke Center,-85.29043,35.04872,9.240362839,417,2018,"Census Tract 306, Catoosa County, Georgia",30600,13,47,13047030600,5242,2545,2697,43.3,1058,5225.0,39.0,341.0,58.0,0.0,0.0,4787.0,0.0,0.0,4787.0,21959.0,5175.0,598.0,534.0,1086.0,657.0,453.0,318.0,135.0,94.0,5242,4781,461,13,47,30600,2074.396518,12109.794000000007,66
1930,30923,31239,GA,13115000400,5.332999999999999,34.287386100000006,-85.24873259999998,Georgia,WellStar Kennestone Regional Medical Center,Comprehensive Stroke Center,-84.55109,33.969758,73.36746288,590,2018,"Census Tract 4, Floyd County, Georgia",400,13,115,13115000400,8092,4069,4023,31.5,1089,7887.0,18.0,409.0,718.0,0.0,687.0,6055.0,53.0,1624.0,4895.0,26560.0,7917.0,976.0,605.0,1096.0,702.0,876.0,573.0,109.0,558.0,8087,7075,1012,13,115,400,1517.344834,83564.91300000002,106
1931,30955,31271,GA,13045910400,43.032,33.5875294,-85.27037740000002,Georgia,WellStar Kennestone Regional Medical Center,Comprehensive Stroke Center,-84.55109,33.969758,78.96844163,109,2018,"Census Tract 9104, Carroll County, Georgia",910400,13,45,13045910400,3286,1649,1637,45.3,610,3241.0,0.0,0.0,218.0,0.0,0.0,3023.0,39.0,15.0,3008.0,21880.0,3246.0,470.0,225.0,665.0,314.0,234.0,204.0,141.0,157.0,3269,2868,401,13,45,910400,76.36177728,93620.3330000001,97
1932,30964,31280,GA,13295020100,7.785,34.9375723,-85.276288,Tennessee,Erlanger Health System,Comprehensive Stroke Center,-85.29043,35.04872,12.398184599999999,1281,2018,"Census Tract 201, Walker County, Georgia",20100,13,295,13295020100,6662,3290,3372,41.3,1325,6492.0,27.0,23.0,191.0,0.0,45.0,6206.0,106.0,81.0,6170.0,20677.0,6507.0,986.0,460.0,1178.0,811.0,455.0,335.0,102.0,170.0,6571,5358,1213,13,295,20100,855.7482338,13621.937000000004,68
1933,30981,31297,GA,13295020700,9.277000000000001,34.7045572,-85.2886002,Tennessee,Erlanger Health System,Comprehensive Stroke Center,-85.29043,35.04872,38.18120885,1277,2018,"Census Tract 207, Walker County, Georgia",20700,13,295,13295020700,7619,3348,4271,37.8,1453,7197.0,11.0,289.0,584.0,0.0,32.0,6281.0,319.0,153.0,6207.0,18217.0,7094.0,1336.0,775.0,1286.0,810.0,559.0,378.0,68.0,88.0,7176,6396,780,13,295,20700,821.2784305,42424.00199999999,110
1934,30982,31298,GA,13295020200,2.115,34.972020799999996,-85.2891023,Tennessee,Erlanger Health System,Comprehensive Stroke Center,-85.29043,35.04872,8.509930831,1278,2018,"Census Tract 202, Walker County, Georgia",20200,13,295,13295020200,3752,1778,1974,34.5,583,3369.0,0.0,0.0,359.0,0.0,0.0,3010.0,297.0,19.0,3010.0,19635.0,3581.0,376.0,453.0,535.0,418.0,300.0,90.0,15.0,126.0,3667,2897,770,13,295,20200,1773.9952719999999,9328.009000000005,62
1935,30984,31300,GA,13143010200,93.365,33.8283303,-85.2947476,Georgia,WellStar Kennestone Regional Medical Center,Comprehensive Stroke Center,-84.55109,33.969758,70.54981743,1941,2018,"Census Tract 102, Haralson County, Georgia",10200,13,143,13143010200,5556,2571,2985,44.5,1081,5406.0,0.0,0.0,106.0,0.0,32.0,5268.0,127.0,0.0,5268.0,26232.0,5533.0,681.0,461.0,642.0,520.0,642.0,433.0,136.0,255.0,5537,5021,516,13,143,10200,59.50838108,79461.32600000002,114
1936,30985,31301,GA,13115000300,52.301,34.3157908,-85.2951255,Georgia,WellStar Kennestone Regional Medical Center,Comprehensive Stroke Center,-84.55109,33.969758,78.62746404,589,2018,"Census Tract 3, Floyd County, Georgia",300,13,115,13115000300,3171,1151,2020,20.9,220,3113.0,0.0,56.0,267.0,0.0,114.0,2676.0,54.0,323.0,2505.0,5980.0,1331.0,1605.0,196.0,146.0,160.0,139.0,102.0,57.0,114.0,3155,2910,245,13,115,300,60.62981587,91280.61900000004,99
1937,30992,31308,GA,13295020901,71.075,34.647850399999996,-85.30010899999999,Tennessee,Erlanger Health System,Comprehensive Stroke Center,-85.29043,35.04872,44.48040088,1286,2018,"Census Tract 209.01, Walker County, Georgia",20901,13,295,13295020901,6168,3329,2839,40.8,1011,6110.0,0.0,52.0,185.0,0.0,0.0,5873.0,0.0,71.0,5802.0,22725.0,6097.0,778.0,777.0,912.0,777.0,726.0,264.0,90.0,195.0,6168,5371,797,13,295,20901,86.78156877,51283.08000000003,105
1938,30995,31311,GA,13295020501,11.375,34.89669779999999,-85.30332829999999,Tennessee,Erlanger Health System,Comprehensive Stroke Center,-85.29043,35.04872,16.90643401,1282,2018,"Census Tract 205.01, Walker County, Georgia",20501,13,295,13295020501,7733,3509,4224,36.5,1272,7607.0,0.0,0.0,164.0,0.0,0.0,7443.0,25.0,0.0,7443.0,25283.0,7632.0,977.0,787.0,868.0,616.0,923.0,760.0,115.0,299.0,7733,6635,1098,13,295,20501,679.8241757999999,21177.391999999996,88
1939,30998,31314,GA,13115001400,60.776,34.2462107,-85.3052673,Georgia,WellStar Kennestone Regional Medical Center,Comprehensive Stroke Center,-84.55109,33.969758,76.04314824,584,2018,"Census Tract 14, Floyd County, Georgia",1400,13,115,13115001400,7297,3810,3487,37.1,1440,7074.0,0.0,20.0,247.0,0.0,290.0,6517.0,73.0,668.0,6113.0,28295.0,7102.0,677.0,568.0,760.0,685.0,508.0,440.0,138.0,836.0,7297,6446,851,13,115,1400,120.063841,89759.5,110
1940,31002,31318,GA,13055010200,35.046,34.5499231,-85.30825949999999,Tennessee,Erlanger Health System,Comprehensive Stroke Center,-85.29043,35.04872,55.35903397,154,2018,"Census Tract 102, Chattooga County, Georgia",10200,13,55,13055010200,6806,3310,3496,37.9,865,6660.0,21.0,34.0,61.0,0.0,250.0,6294.0,75.0,922.0,5622.0,21716.0,6669.0,950.0,636.0,920.0,913.0,614.0,259.0,54.0,82.0,6806,5403,1403,13,55,10200,194.2019061,60662.031000000025,112
1941,31012,31328,GA,13115002000,109.93299999999999,34.156341499999996,-85.3177338,Georgia,WellStar Kennestone Regional Medical Center,Comprehensive Stroke Center,-84.55109,33.969758,73.73770632,583,2018,"Census Tract 20, Floyd County, Georgia",2000,13,115,13115002000,4175,2141,2034,50.9,1012,4093.0,18.0,0.0,183.0,0.0,14.0,3878.0,39.0,74.0,3804.0,26500.0,4032.0,484.0,377.0,605.0,397.0,522.0,322.0,124.0,227.0,4080,3676,404,13,115,2000,37.97767731,88632.278,111
1942,31019,31335,GA,13295020301,9.441,34.960366,-85.3258574,Tennessee,Erlanger Health System,Comprehensive Stroke Center,-85.29043,35.04872,10.32174689,1288,2018,"Census Tract 203.01, Walker County, Georgia",20301,13,295,13295020301,5205,2592,2613,42.9,911,4921.0,37.0,48.0,242.0,0.0,0.0,4594.0,243.0,343.0,4512.0,19006.0,5164.0,1114.0,573.0,637.0,606.0,415.0,324.0,35.0,215.0,5181,4302,879,13,295,20301,551.3187162,12524.175999999998,65
1943,31022,31338,GA,13055010500,18.798,34.4708291,-85.3314969,Tennessee,Erlanger Health System,Comprehensive Stroke Center,-85.29043,35.04872,64.21916858,157,2018,"Census Tract 105, Chattooga County, Georgia",10500,13,55,13055010500,5653,3622,2031,38.3,870,5441.0,0.0,0.0,1683.0,0.0,154.0,3604.0,166.0,218.0,3508.0,20489.0,4001.0,688.0,440.0,617.0,487.0,316.0,162.0,50.0,101.0,4084,3602,482,13,55,10500,300.7234812,71946.72700000004,113
1944,31028,31344,GA,13295020302,9.419,34.925006599999996,-85.334824,Tennessee,Erlanger Health System,Comprehensive Stroke Center,-85.29043,35.04872,14.31081685,1287,2018,"Census Tract 203.02, Walker County, Georgia",20302,13,295,13295020302,4988,2517,2471,46.0,990,4895.0,0.0,0.0,63.0,0.0,200.0,4632.0,34.0,307.0,4548.0,20004.0,4879.0,1011.0,494.0,885.0,576.0,385.0,288.0,95.0,259.0,4988,4071,917,13,295,20302,529.5678947,17201.700999999997,70
1945,31040,31356,GA,13295020502,33.024,34.852755,-85.3420753,Tennessee,Erlanger Health System,Comprehensive Stroke Center,-85.29043,35.04872,22.24622263,1280,2018,"Census Tract 205.02, Walker County, Georgia",20502,13,295,13295020502,6386,3272,3114,46.6,1384,6250.0,0.0,24.0,288.0,0.0,0.0,5938.0,101.0,37.0,5901.0,28732.0,6351.0,960.0,577.0,706.0,671.0,814.0,544.0,70.0,473.0,6372,5988,384,13,295,20502,193.3745155,25859.191000000003,91
1946,31047,31363,GA,13233010300,81.362,34.0065776,-85.35010140000001,Georgia,WellStar Kennestone Regional Medical Center,Comprehensive Stroke Center,-84.55109,33.969758,73.93942139,1899,2018,"Census Tract 103, Polk County, Georgia",10300,13,233,13233010300,5043,2567,2476,31.7,459,4730.0,89.0,0.0,531.0,0.0,346.0,3764.0,240.0,1576.0,2623.0,24482.0,4963.0,599.0,217.0,765.0,513.0,497.0,206.0,83.0,209.0,5043,4329,714,13,233,10300,61.98225216,85541.22800000005,129
1947,31088,31405,GA,13055010400,20.785999999999998,34.4976401,-85.38642209999999,Tennessee,Erlanger Health System,Comprehensive Stroke Center,-85.29043,35.04872,61.76308907,156,2018,"Census Tract 104, Chattooga County, Georgia",10400,13,55,13055010400,5093,2463,2630,37.8,864,5000.0,0.0,13.0,481.0,0.0,0.0,4506.0,55.0,18.0,4506.0,21194.0,4786.0,527.0,684.0,643.0,727.0,362.0,290.0,19.0,98.0,4996,4295,701,13,55,10400,245.020687,71787.12400000004,112
1948,31089,31406,GA,13295020800,128.586,34.6887832,-85.38648359999999,Tennessee,Erlanger Health System,Comprehensive Stroke Center,-85.29043,35.04872,40.88515162,1285,2018,"Census Tract 208, Walker County, Georgia",20800,13,295,13295020800,3235,1552,1683,47.7,547,3123.0,0.0,0.0,188.0,0.0,0.0,2935.0,94.0,22.0,2913.0,21275.0,3179.0,546.0,447.0,410.0,289.0,218.0,308.0,77.0,241.0,3235,2668,567,13,295,20800,25.15825984,61068.25500000003,94
1949,31113,31430,GA,13295020400,25.925,34.8755088,-85.4066127,Tennessee,Erlanger Health System,Comprehensive Stroke Center,-85.29043,35.04872,21.95105324,1279,2018,"Census Tract 204, Walker County, Georgia",20400,13,295,13295020400,3130,1521,1609,45.1,604,3091.0,31.0,21.0,24.0,0.0,0.0,3015.0,19.0,59.0,2959.0,27857.0,3084.0,442.0,263.0,332.0,205.0,226.0,236.0,51.0,465.0,3130,2773,357,13,295,20400,120.73288329999998,25713.285,69
1950,31122,31439,GA,13055010600,68.05,34.3637703,-85.41602309999999,Tennessee,Erlanger Health System,Comprehensive Stroke Center,-85.29043,35.04872,76.85122034,158,2018,"Census Tract 106, Chattooga County, Georgia",10600,13,55,13055010600,2654,1253,1401,35.9,479,2615.0,8.0,0.0,116.0,0.0,0.0,2491.0,10.0,26.0,2465.0,22099.0,2602.0,401.0,262.0,236.0,268.0,229.0,168.0,60.0,125.0,2643,2294,349,13,55,10600,39.00073475,86200.558,111
1951,31159,31476,GA,13083040300,39.828,34.8023519,-85.45327270000001,Tennessee,Erlanger Health System,Comprehensive Stroke Center,-85.29043,35.04872,31.11940803,1872,2018,"Census Tract 403, Dade County, Georgia",40300,13,83,13083040300,4153,1981,2172,27.7,669,3918.0,0.0,55.0,30.0,0.0,21.0,3812.0,165.0,71.0,3769.0,13654.0,2928.0,1395.0,267.0,318.0,340.0,303.0,270.0,90.0,229.0,4153,3690,463,13,83,40300,104.2733755,36632.365000000005,65
1952,31160,31477,GA,13055010300,70.435,34.516026399999994,-85.4538293,Tennessee,Erlanger Health System,Comprehensive Stroke Center,-85.29043,35.04872,60.95831965,155,2018,"Census Tract 103, Chattooga County, Georgia",10300,13,55,13055010300,2607,1288,1319,50.2,734,2572.0,0.0,83.0,68.0,0.0,0.0,2421.0,5.0,0.0,2421.0,23507.0,2547.0,342.0,197.0,446.0,254.0,278.0,117.0,60.0,116.0,2606,2228,378,13,55,10300,37.01284873,69705.50100000008,103
1953,31170,31487,GA,13083040101,47.738,34.9310919,-85.4641634,Tennessee,Erlanger Health System,Comprehensive Stroke Center,-85.29043,35.04872,20.53995467,1656,2018,"Census Tract 401.01, Dade County, Georgia",40101,13,83,13083040101,4653,2332,2321,45.9,807,4620.0,0.0,202.0,16.0,0.0,0.0,4402.0,14.0,131.0,4358.0,24768.0,4547.0,610.0,396.0,690.0,572.0,442.0,228.0,76.0,360.0,4495,3926,569,13,83,40101,97.46952114,24093.550000000003,42
1954,31236,31553,GA,13083040102,46.858999999999995,34.792344,-85.5237861,Tennessee,Erlanger Health System,Comprehensive Stroke Center,-85.29043,35.04872,35.54760953,1657,2018,"Census Tract 401.02, Dade County, Georgia",40102,13,83,13083040102,3485,1637,1848,41.8,766,3413.0,0.0,11.0,0.0,24.0,11.0,3367.0,28.0,94.0,3291.0,22075.0,3396.0,491.0,342.0,568.0,265.0,393.0,302.0,96.0,138.0,3477,3161,316,13,83,40102,74.37205233,42223.23100000001,56
1955,31270,31587,GA,13083040200,39.555,34.9221354,-85.5569926,Tennessee,Erlanger Health System,Comprehensive Stroke Center,-85.29043,35.04872,28.09925919,1873,2018,"Census Tract 402, Dade County, Georgia",40200,13,83,13083040200,3936,1982,1954,44.5,697,3701.0,0.0,0.0,57.0,0.0,5.0,3639.0,181.0,64.0,3611.0,25344.0,3823.0,457.0,436.0,506.0,457.0,356.0,277.0,153.0,200.0,3877,3243,634,13,83,40200,99.50701555,41146.136999999995,62
